Tweet_ID,Sentiment_Label,Probability_pos
1463296370828361728,negative,1.339398174492322e-06
1463300833525731332,negative,0.0013585096650997582
1463301305628303365,negative,0.07464588669349585
1463306343486410755,negative,0.0013585096650997582
1463306718633418755,negative,0.12146991108315085
1463310186190454790,negative,0.01793355763533581
1463296303757074432,positive,0.729177907311281
1463296303769653248,negative,0.00571695692967539
1463296304122052617,negative,0.00022092825738051955
1463296304566648836,negative,0.00026431021903700676
1463296304746950657,negative,0.2103986598519019
1463296305132814339,negative,2.3216568633665776e-07
1463296305380446208,negative,0.0022667434728067064
1463296305472675844,negative,4.746460872018287e-06
1463296305736921101,negative,0.0005149232201029542
1463296305824948228,negative,0.0005444282829584487
1463296306022027269,negative,0.00016703183776599587
1463296306030522371,negative,0.002726932595328948
1463296306491838466,negative,0.06594414562278535
1463296306751758338,neutral,0.5164274907351837
1463296307074895873,negative,0.0025326320790752884
1463296307187965955,negative,0.029743102508380585
1463296309906006018,negative,0.1301673750551768
1463296310199549953,negative,0.029743102508380585
1463296310224719872,negative,1.2489130611304444e-06
1463296310946283527,negative,0.004885029520760029
1463296311092940802,negative,0.0004634158559510865
1463296311566880768,positive,0.9982930273734112
1463296311860498433,negative,0.00024276452111755218
1463296312057729028,negative,0.0014810474787382668
1463296312301002755,negative,7.091729274113082e-09
1463296314104500227,negative,0.05247214415980341
1463296314372935680,negative,0.0005905183486529052
1463296318470774786,negative,0.0030824638242840903
1463296319993307141,negative,9.538332202864313e-07
1463296321708871693,negative,0.07458367775372127
1463296322497359875,negative,0.15446333355140257
1463296322858016773,negative,0.061549450508384874
1463296324837818368,negative,8.562458855000201e-05
1463296327643766787,negative,0.0009291741177249688
1463296328956530699,negative,0.00013770608098590123
1463296331624103945,negative,2.382988685722433e-05
1463296336615325697,negative,0.0007829834910797092
1463296338024673281,negative,0.026664785802815158
1463296340918775809,negative,0.0016692318354784921
1463296341195558913,negative,0.028245899412535302
1463296341304647688,negative,0.00702950357139366
1463296341434683396,negative,0.00010916917304684095
1463296342810316809,positive,0.8946260507187415
1463296343124987909,positive,0.8819040037478941
1463296343447773187,negative,0.0006926964492268005
1463296344928497673,negative,0.00028851882876786535
1463296346614636545,negative,0.0013242461368610983
1463296347151425537,negative,0.191813004804251
1463296347164098563,negative,0.03427174964138383
1463296347801636870,negative,0.0014277101638565145
1463296350368452610,neutral,0.40665750631839587
1463296351752622081,positive,0.8600568447105387
1463296352729894913,negative,0.2948303196823876
1463296357565935616,negative,0.23613486574487424
1463296360535502850,negative,0.0014810474787382668
1463296361248473092,negative,0.0024974215521190624
1463296361647030277,negative,0.0004511811074781783
1463296362745896962,negative,0.08082632282032505
1463296363433803776,negative,1.8967597713431287e-05
1463296365467951105,negative,0.000597272576230897
1463296369599434757,negative,0.026664785802815158
1463296370748571650,negative,0.06448816453390485
1463296370874454020,negative,0.2948303196823876
1463296372447264768,negative,0.2948303196823876
1463296378826899459,negative,0.0003129262747253665
1463296380148064256,negative,0.0030623227570540728
1463296382786232335,negative,6.751861082097801e-08
1463296383520284673,negative,0.006876241325932485
1463296383738421253,negative,6.008647857190373e-09
1463296383784419331,negative,0.00015215560793493865
1463296383839092741,negative,0.0008042428618196086
1463296391711764488,negative,0.07224782513033177
1463296392877809668,negative,0.2948303196823876
1463296397239853059,negative,7.028888565703857e-08
1463296397755785223,negative,0.0012103580905760934
1463296398582026241,negative,0.2514415187357871
1463296399660007430,negative,0.0807403586972732
1463296400352026625,positive,0.9561106391650206
1463296401706790916,negative,0.005942816624670304
1463296414134452227,negative,0.2948303196823876
1463296414948241413,negative,0.0708792107368444
1463296416734973956,negative,0.0007787023671709842
1463296417724829705,negative,0.15740789395729915
1463296422669869064,neutral,0.6460107618758754
1463296425639530500,negative,0.14720048978223535
1463296425912119307,negative,4.8393666501515636e-05
1463296427673669640,negative,0.002676797355417112
1463296427954638849,negative,0.0001142006000625941
1463296429275983872,negative,0.11851811755766874
1463296431314243585,negative,0.06809693825099682
1463296432925032456,negative,0.06252376638310261
1463296432996298760,negative,0.000878918788623025
1463296433155547148,negative,0.012843014691117857
1463296435315740678,negative,0.2948303196823876
1463296436213268483,negative,0.0002298052496243261
1463296437085687819,negative,0.13496266936977716
1463296439589683206,negative,0.016695364809665103
1463296440680304645,negative,0.19558011933134006
1463296444358615047,negative,0.07183297154714637
1463296444832563200,negative,0.07153978430821797
1463296445205946380,negative,0.021554741620453986
1463296447030386690,negative,0.06675506495955834
1463296449618358274,negative,0.06675506495955834
1463296450293555203,negative,0.0030623227570540728
1463296450671132674,neutral,0.46127768308170247
1463296455905587209,negative,0.000530099001102364
1463296457226821632,negative,0.2948303196823876
1463296462499069971,negative,0.06675506495955834
1463296465376264196,negative,0.0005518012485687466
1463296466324111364,negative,0.00015215560793493865
1463296466441674755,negative,0.2730430842932117
1463296470426206210,positive,0.8378179104569605
1463296471390949382,negative,0.19558011933134006
1463296473890762758,negative,4.253457137980271e-07
1463296474599542785,negative,0.2948303196823876
1463296474968690689,negative,1.0204906973971342e-07
1463296476642267136,negative,0.06448816453390485
1463296482199625731,negative,0.009759580940652723
1463296486511243264,negative,0.025953297925646147
1463296491351687173,negative,0.04099863623708018
1463296495499853828,negative,0.2948303196823876
1463296496275709952,neutral,0.5277205097571216
1463296497831878659,negative,0.00903522621353697
1463296502856491011,negative,0.025781214754402253
1463296504567840769,negative,0.00702950357139366
1463296505234743300,negative,6.008647857190373e-09
1463296505637445639,negative,0.26662601070006914
1463296508095250432,negative,0.2921331436983558
1463296511408758785,negative,0.00013770608098590123
1463296513652711429,negative,3.0095766024343396e-05
1463296514315407360,negative,7.066966796133754e-05
1463296515305361408,negative,0.19558011933134006
1463296515770830855,negative,0.026664785802815158
1463296515800244227,negative,0.2948303196823876
1463296520707620870,negative,0.19864358561953943
1463296522855100416,negative,0.053051973960272635
1463296523106611205,negative,0.00013770608098590123
1463296528542490631,negative,0.004917616006803458
1463296530853646337,neutral,0.46127768308170247
1463296531797352448,negative,0.14989588316145275
1463296533487566858,negative,0.19558011933134006
1463296535320535042,negative,7.846475487118122e-05
1463296535513362434,negative,0.060991155166451455
1463296535849021440,negative,0.020038088226850454
1463296536612417539,negative,0.2948303196823876
1463296537015033861,negative,0.0030623227570540728
1463296541712601089,negative,0.24764730095854523
1463296545118380033,negative,0.06031173566632119
1463296546716504069,neutral,0.4766795874967358
1463296547278491658,negative,0.06252376638310261
1463296550419976195,negative,0.004399040590130849
1463296552470908934,negative,0.00015215560793493865
1463296555771998209,negative,0.0005274812694009933
1463296556145201158,negative,0.002676797355417112
1463296557139185666,negative,0.002420441635698889
1463296558091452421,negative,0.2948303196823876
1463296558536007682,negative,0.004399040590130849
1463296564739379200,negative,0.06675506495955834
1463296567528419331,neutral,0.36742492523419246
1463296570196168715,negative,0.007363034437326738
1463296573123743749,negative,1.3656609550330746e-07
1463296574361157639,negative,0.09869216005159809
1463296575896055812,negative,4.399794683741098e-05
1463296576466694146,negative,0.0012096847915950113
1463296580304478217,negative,0.19558011933134006
1463296581675986945,negative,0.0025066846142569694
1463296582930075663,negative,0.001029053378529251
1463296583601205250,negative,0.02268711548284814
1463296586818142216,negative,0.027409004353111072
1463296595177447424,negative,0.06481680375009435
1463296596075024389,negative,0.0023993826313645347
1463296598222458886,negative,0.054576599682691906
1463296599447293953,negative,0.056542823252863084
1463296600797679620,negative,4.296178894757162e-06
1463296603092131842,negative,2.237734536738906e-09
1463296603213778946,negative,0.0005518012485687466
1463296603880505345,negative,0.04065679040405062
1463296608255287306,negative,0.19558011933134006
1463296611648512004,negative,0.0033763118891683565
1463296612906774531,negative,6.345279809925136e-05
1463296615284887553,negative,0.02584323958369078
1463296615284891651,negative,6.635651035049315e-05
1463296616580984836,negative,0.0010391121108643245
1463296617247916034,negative,0.0183978331030103
1463296618774548484,neutral,0.3735913111071998
1463296620372635652,negative,0.001135576429859942
1463296624185257995,negative,0.10438238107879796
1463296624793460745,negative,0.02535137932623955
1463296625015767048,negative,2.882875228041951e-09
1463296625615458305,positive,0.9938657613605255
1463296628685692929,negative,0.037074019542784865
1463296629201674245,negative,1.6906521155046338e-07
1463296634750705664,negative,0.13922271260997246
1463296636248068096,negative,0.06448816453390485
1463296636940136450,negative,0.00013770608098590123
1463296637548343305,negative,0.029315574228848788
1463296639242752011,negative,0.14506801939173478
1463296639670669316,negative,0.003742080362135171
1463296639867699202,negative,0.001319861118702688
1463296640547123200,negative,2.364374293319519e-05
1463296642669555715,negative,0.00028711820287698073
1463296643248402436,negative,0.07584229803212553
1463296648931598338,negative,7.73495180427693e-08
1463296651737587716,negative,0.0408782748492975
1463296653322964996,negative,0.11160505463864889
1463296653918539779,negative,0.0020003313818438635
1463296654078005248,negative,0.14015658417418364
1463296655101501440,negative,0.09008079236699418
1463296658473635841,negative,0.07076864220733249
1463296661237616641,negative,0.002420441635698889
1463296662756106242,negative,0.013816468476426869
1463296667206225925,negative,0.17105948812986532
1463296670003875842,negative,0.011490318390376465
1463296671387893771,negative,1.1213706294965168e-07
1463296678606299137,negative,0.001704653886220269
1463296681743724547,negative,0.016695364809665103
1463296685556310027,positive,0.9999883839281775
1463296686256574475,negative,0.0103947584071572
1463296688177745921,negative,0.0031016583345458426
1463296689528135681,negative,1.1457328803129943e-06
1463296690455257091,negative,0.061549450508384874
1463296691109519370,negative,3.278117528504776e-05
1463296694657953794,negative,0.005106801857297193
1463296695966523394,negative,0.2429937718899652
1463296696763310081,negative,0.006538046893396294
1463296697719660547,negative,0.0948908403365332
1463296700152532996,negative,0.16728815022150811
1463296701335314433,negative,0.06248453288708828
1463296703646375940,negative,0.05722088628704719
1463296703768010758,neutral,0.4033345970559143
1463296704590057475,negative,0.2103986598519019
1463296705126969345,negative,0.06971214658184696
1463296707219894288,negative,0.0010319418813041217
1463296707769208837,negative,1.2229344216966074e-08
1463296709187063818,negative,0.01727115466356421
1463296709216321542,negative,0.03377967900358429
1463296713746259969,negative,0.00044900361621224704
1463296714199162883,negative,0.2429937718899652
1463296716141178882,neutral,0.41873843667330357
1463296719966261251,negative,0.0030108946833582945
1463296720356397061,negative,0.001029053378529251
1463296722688524304,negative,1.775391989424826e-08
1463296724038914050,negative,2.3216568633665776e-07
1463296725020459014,negative,0.015985748000654866
1463296725343420422,negative,0.19558011933134006
1463296726127849481,negative,5.2594959007628326e-05
1463296726484193280,negative,5.611446812515533e-07
1463296727927164934,neutral,0.4154165067014596
1463296730527678466,negative,0.003833968085089577
1463296733123862530,negative,4.688966773531621e-10
1463296733442629641,negative,0.06448816453390485
1463296735950913538,negative,0.19558011933134006
1463296736693260296,negative,0.1285450970962495
1463296737305575428,positive,0.8378179104569605
1463296742334599174,negative,0.0005905183486529052
1463296744964431874,negative,0.10645929175446103
1463296744981254145,negative,0.0010391121108643245
1463296745341865985,negative,0.012018687824252824
1463296746394636293,neutral,0.40112326862808023
1463296750031028227,negative,0.0007041936718919281
1463296751369170944,negative,0.11420000798047043
1463296751822123017,neutral,0.38522068917997826
1463296752702918657,negative,0.18509236577765614
1463296753181069319,negative,0.026664785802815158
1463296755202732038,negative,0.32584997425040324
1463296757555736577,negative,0.19558011933134006
1463296759619219456,negative,5.168217039585343e-09
1463296764405075974,negative,0.0003884406044926475
1463296766653042689,negative,0.11511596006644809
1463296768204886018,negative,0.0005518012485687466
1463296771480858634,negative,0.19558011933134006
1463296773808705540,negative,7.73495180427693e-08
1463296775398334465,negative,7.387475181165892e-10
1463296778711797767,negative,0.012843014691117857
1463296780691517441,negative,3.552470758379679e-05
1463296781983301637,negative,0.17105948812986532
1463296782180524039,negative,0.016161043653741346
1463296782457319428,negative,0.00044900361621224704
1463296783069630473,negative,0.0005905183486529052
1463296785137512448,negative,0.00130316275098671
1463296785695260679,negative,0.00013406542779070927
1463296786953555970,negative,0.16670646725321844
1463296787335331842,negative,0.0005518012485687466
1463296787649810437,negative,1.2229344216966074e-08
1463296788199362566,negative,0.0019443560553370032
1463296790149705733,negative,0.002279070760209887
1463296791395409922,negative,0.0014255027986842792
1463296793014378504,negative,0.1692461648199643
1463296794868211715,negative,0.007363034437326738
1463296795170471936,neutral,0.33164694580401605
1463296795652460545,neutral,0.33164694580401605
1463296796843823104,negative,3.501305410778864e-05
1463296798085234695,negative,0.00013770608098590123
1463296801646206985,positive,0.9350705211525941
1463296802694877192,neutral,0.49789225920557484
1463296802967506952,negative,0.019809203999208134
1463296803613388802,neutral,0.49789225920557484
1463296803684638722,negative,0.03715455775839971
1463296805744095237,negative,0.03757272301178257
1463296807220490240,neutral,0.5266528855358278
1463296807354699785,negative,0.14397839086981737
1463296807488745472,negative,0.00024619311304874806
1463296807677616129,negative,0.19300469199336773
1463296810479497219,negative,0.02268711548284814
1463296812270428162,neutral,0.35770092647308793
1463296816531791872,negative,0.025891564943373406
1463296817446199304,negative,0.0001602925287530177
1463296817563676676,negative,0.04226551396524381
1463296818473746432,negative,0.0006024455068805942
1463296819090399236,negative,0.0008042428618196086
1463296820231221256,negative,0.05547907121160956
1463296824098402306,negative,0.19558011933134006
1463296829269983233,negative,1.6626803270778715e-09
1463296829739737096,negative,5.403909511984015e-08
1463296831215996931,negative,0.20972133594880557
1463296831409041413,negative,0.03364488033704743
1463296833975988227,negative,0.0017413145634850278
1463296837922832387,positive,0.7134907996925337
1463296838757494789,positive,0.9980912325413938
1463296839348736003,negative,0.0007041936718919281
1463296840212824064,negative,0.001319861118702688
1463296841274073088,negative,0.005485972731662186
1463296845531258885,negative,0.011256913434418776
1463296846827339785,negative,0.018463117141677574
1463296849142599690,negative,0.08663246403919907
1463296850950303744,negative,8.503815233323295e-05
1463296855366791170,negative,0.0006031502101588862
1463296858692980736,negative,0.13805130840260654
1463296858969804801,negative,0.0002721742293888443
1463296867672985604,negative,0.043068745868525694
1463296872739704836,negative,0.06512928556431177
1463296872836218881,neutral,0.4154165067014596
1463296873662676992,negative,8.069832273108653e-05
1463296874937470976,negative,0.3143893309825648
1463296875998547970,negative,0.03587446568983252
1463296879634968577,negative,0.08173845412491938
1463296883594604549,neutral,0.3510221151294643
1463296889156255749,negative,0.005578781295033866
1463296889932193796,neutral,0.39846391252391167
1463296892989812741,positive,0.8378179104569605
1463296895208542211,neutral,0.49789225920557484
1463296896428961792,negative,0.0007413779088513675
1463296899277021191,negative,2.6043245271311553e-09
1463296900531113984,negative,0.32506685266967134
1463296901122600960,negative,2.2226189966018976e-05
1463296902015774720,negative,0.0008042428618196086
1463296902104064002,neutral,0.39013918382695933
1463296904138301445,negative,0.07705682872402866
1463296905484677120,neutral,0.34506991104763773
1463296910979215362,negative,2.963365018906467e-05
1463296911578996746,negative,0.27820143577852946
1463296911843250183,negative,0.08663246403919907
1463296912132608005,negative,0.016695364809665103
1463296915726999559,neutral,0.44016619669783796
1463296918709325834,negative,0.01022038119782796
1463296919304818690,neutral,0.5462934558565486
1463296921473277952,negative,0.22222383613603594
1463296921620123651,negative,0.042185420492423756
1463296922928795655,negative,0.2659186775564148
1463296923406946308,negative,0.06633317218821427
1463296923448844296,negative,0.0008697801453318933
1463296924417675264,negative,0.0005518012485687466
1463296925550186496,negative,0.0006031502101588862
1463296929379586049,negative,0.01692304345367992
1463296932030255105,negative,0.0043063725906753465
1463296933179625472,negative,0.00013770608098590123
1463296934815358978,negative,0.0031126632650278962
1463296937470447618,negative,0.08856992557030026
1463296941299802114,positive,0.8378179104569605
1463296942478282754,negative,1.2229344216966074e-08
1463296945644969985,negative,0.04850395152455173
1463296949285699584,negative,0.001135576429859942
1463296951299059721,negative,0.04288003503341385
1463296952960008204,negative,1.8323927052215033e-06
1463296954239176708,negative,0.289426854984873
1463296958022496260,negative,0.001463647619419116
1463296959729614854,negative,0.19542392054437022
1463296961428267014,negative,0.06918036679884518
1463296968025911311,negative,0.18696822661881843
1463296978071265290,negative,0.00021812310396411002
1463296978301849600,negative,0.000689241641357624
1463296984018784264,negative,0.3046807981878625
1463296986128523269,negative,0.004399040590130849
1463296988536090629,negative,0.0005979116231477329
1463296988863250432,negative,0.001029053378529251
1463296994022244366,negative,0.005502719785049532
1463296995616075783,negative,0.033811888411738746
1463296996714893319,positive,0.8378179104569605
1463296997843165191,positive,0.7495709295791688
1463296999147589639,negative,6.909551965206279e-06
1463296999499911168,negative,0.052604743755929696
1463297001077067777,negative,0.07584229803212553
1463297002729447424,negative,5.416123396006388e-05
1463297008081506309,negative,0.009396287401183489
1463297009117319168,negative,0.02258033719214777
1463297013345181696,negative,0.22889454534763876
1463297013856960513,negative,4.399794683741098e-05
1463297014310051848,negative,6.008647857190373e-09
1463297015404716035,negative,0.15740789395729915
1463297017204158466,negative,0.0008312614805916368
1463297017493532677,neutral,0.49789225920557484
1463297019787853824,negative,0.061681461279327464
1463297019905290241,negative,0.0024346776533172277
1463297021746552839,neutral,0.3996580091506196
1463297022354677763,negative,0.005543937665927076
1463297024812634116,negative,0.12482974041364932
1463297028247756808,neutral,0.41873843667330357
1463297030428708875,negative,0.21921412548362115
1463297032571994113,negative,0.01224567771749932
1463297035868807171,negative,3.705301648479514e-08
1463297036414074886,negative,0.02268711548284814
1463297037492015108,negative,0.026664785802815158
1463297040440459266,negative,0.09104461955119149
1463297042776838149,negative,0.0005518012485687466
1463297044643291141,negative,0.04681912979336631
1463297045758984197,negative,0.29137236103680736
1463297045989662725,negative,0.15022159776123492
1463297046073561089,negative,0.21577271095963838
1463297047457632258,positive,0.6713229117341587
1463297047570771970,negative,0.05298683224206434
1463297050368376835,negative,5.416123396006388e-05
1463297052813807623,negative,0.003798842364770538
1463297056261484544,negative,0.003475627407638077
1463297057226051584,negative,0.1343224779480564
1463297057800740872,negative,0.19558011933134006
1463297059918913540,negative,0.0030623227570540728
1463297060837470210,negative,0.04516195532664031
1463297061886038020,negative,1.5104808859317084e-07
1463297061915349000,negative,0.01692304345367992
1463297064658477056,negative,0.19558011933134006
1463297068462714886,negative,0.1498248283757629
1463297073298743301,negative,0.014777809666526327
1463297073491562499,negative,0.0015261646320070387
1463297076025073668,negative,0.30895589162194187
1463297077094408196,negative,0.0006926964492268005
1463297077153308679,negative,1.1723110792637074e-06
1463297079640346629,negative,0.13030764337396875
1463297080827461643,negative,0.033805122949831436
1463297082932940803,negative,0.0016689659804713668
1463297083427934210,negative,0.2921331436983558
1463297085113966595,negative,5.416123396006388e-05
1463297087731286021,negative,0.0945471558675169
1463297088373018632,negative,0.058783519380343006
1463297090583465987,positive,0.8378179104569605
1463297094761033730,negative,0.026664785802815158
1463297102386278401,negative,0.03377967900358429
1463297110422568960,negative,0.04795325407484864
1463297110879649792,negative,0.11288514923281583
1463297111026544641,negative,9.538332202864313e-07
1463297113681444864,negative,4.348536693588975e-05
1463297115711496200,negative,0.001344486659354852
1463297117556981760,negative,0.00022736860466977514
1463297118043525133,neutral,0.5931532383617041
1463297120518262787,negative,0.2429937718899652
1463297120690135043,negative,0.09802628469564897
1463297122124505090,negative,0.08082632282032505
1463297122279870470,neutral,0.43692384534067424
1463297123533922305,negative,9.538332202864313e-07
1463297128143413250,negative,0.0005518012485687466
1463297128294461440,negative,0.07347999389166743
1463297129053626381,negative,1.0741014012128268e-07
1463297129691164672,negative,0.03720296293607246
1463297129741524992,negative,0.0030623227570540728
1463297129829613569,positive,0.8378179104569605
1463297130668384259,negative,1.0158815363959657e-06
1463297131133894660,negative,0.0948908403365332
1463297132077539334,negative,0.0165916306452705
1463297133235294210,negative,0.11851811755766874
1463297138012610563,negative,0.0030623227570540728
1463297139166040066,negative,0.04795325407484864
1463297139946176515,negative,0.01580579144865894
1463297145222705158,neutral,0.42094961447074825
1463297146468376584,neutral,0.3992856768840602
1463297146959056898,negative,0.02268711548284814
1463297147080777733,negative,0.0569823700790879
1463297148238323719,negative,0.0066150429279266286
1463297156366966791,negative,0.06561903914015761
1463297157348294662,negative,0.02268711548284814
1463297160590594058,negative,0.030248028070948833
1463297162473791492,negative,0.08580177200518932
1463297172682719235,negative,0.10645929175446103
1463297177451745280,negative,0.01094299389674659
1463297178001149952,negative,0.001356362689039249
1463297185337028610,negative,0.08580177200518932
1463297191884337152,negative,9.802653336104991e-14
1463297209382887425,negative,0.02683782718071688
1463297210213355521,positive,0.7283973878831822
1463297211735986184,negative,0.10645929175446103
1463297228982800387,negative,0.01580579144865894
1463297233298755585,negative,0.20917715326895026
1463297234154496003,negative,0.10645929175446103
1463297234703986696,negative,0.04795325407484864
1463297239502237708,negative,0.004399040590130849
1463297252223561732,negative,0.043068745868525694
1463297272536436740,negative,0.143909563015606
1463297278656094209,neutral,0.47697210391394973
1463297282284175361,neutral,0.5316624617817726
1463297283752173569,negative,0.15313171322352637
1463297286402891785,negative,2.221875291286069e-06
1463297286805536774,negative,0.0067409275812214675
1463297286876839944,negative,0.13632961726053566
1463297289334710272,negative,0.0030623227570540728
1463297294724440068,negative,1.0204906973971342e-07
1463297294867050499,negative,5.3860245068829246e-05
1463297298314760195,negative,0.010385539399931715
1463297302471315463,negative,0.05523457055296661
1463297304476237834,negative,0.08580177200518932
1463297308146159616,neutral,0.47056419380391146
1463297314039152646,negative,1.8323927052215033e-06
1463297329042059269,negative,0.12761295535430583
1463297330812231686,negative,1.4000244239170935e-07
1463297332083138565,negative,0.29217704199196576
1463297338189955082,negative,0.019003689174662823
1463297339699826691,negative,0.0039402307437197154
1463297340815679493,negative,0.0020058616681653744
1463297356783251456,negative,0.0039402307437197154
1463297356892446723,negative,0.002279070760209887
1463297368422551565,negative,0.010385539399931715
1463297371647918081,negative,0.002144144170364508
1463297381357826050,negative,0.08580177200518932
1463297381546577921,positive,0.9993030709421833
1463297383081590794,negative,0.1925366081770602
1463297387238244352,negative,0.0011211383850545358
1463297405231763458,negative,0.005514917634915028
1463297418620026881,negative,0.2794653930830212
1463297423191773189,negative,0.004495093838512992
1463297423963533314,negative,0.017544979936894075
1463297433861955585,negative,0.0004966208991614001
1463297436127051777,negative,0.014335261269308881
1463297446465966082,negative,1.7001641891601563e-10
1463297448676368384,negative,1.775391989424826e-08
1463297449175437313,negative,0.08580177200518932
1463297458348433412,negative,0.02834289459516875
1463297462353997825,negative,5.154920212345682e-05
1463297476811763718,negative,0.3138275946179553
1463297493836435461,positive,0.852380032156132
1463297507459584002,neutral,0.4973246965341307
1463297510215233536,negative,0.0005905183486529052
1463297515021819906,negative,0.03425813341315229
1463297519128039424,negative,0.07584229803212553
1463297524794548231,negative,0.1285450970962495
1463297526627512323,negative,0.04795325407484864
1463297529290838018,negative,0.001356362689039249
1463297534894481415,negative,0.026862158601890902
1463297538597994497,neutral,0.49789225920557484
1463297552976166920,negative,8.042819522474224e-06
1463297563444977667,negative,0.006888874635795398
1463297566041325571,negative,0.21146341734183727
1463297577860964353,negative,0.08580177200518932
1463297592062840835,negative,9.538332202864313e-07
1463297596881915909,negative,0.10645929175446103
1463297597796458508,neutral,0.6098685099284836
1463297598773673985,negative,7.73495180427693e-08
1463297598832451586,negative,0.04684918375326326
1463297600120135687,negative,3.305276523916701e-05
1463297603215499268,negative,1.578899808776787e-06
1463297619229397006,negative,0.002617668478687836
1463297621653696524,negative,0.2794705364345209
1463297628138086406,negative,0.0031126632650278962
1463297631787048961,negative,0.2659186775564148
1463297633011785740,negative,0.16073271281061452
1463297636899999748,negative,0.13632961726053566
1463297647780024325,negative,0.00018959050007216153
1463297654868353029,negative,0.2369710931082333
1463297659817582600,negative,0.0005905183486529052
1463297667388350466,neutral,0.516101652137999
1463297671620222978,negative,0.0007739166521495904
1463297675298848769,negative,0.0030623227570540728
1463297681426731018,neutral,0.49789225920557484
1463297693296570377,negative,0.04795325407484864
1463297703585239055,negative,0.04795325407484864
1463297704306561025,neutral,0.49789225920557484
1463297705606844418,negative,9.064806245120018e-14
1463297709125820424,negative,0.017126391454881505
1463297714993643522,neutral,0.3319521099342108
1463297717325778951,negative,9.890202748984036e-07
1463297719800373254,negative,0.12371180462124966
1463297720496578565,negative,0.1753378186257927
1463297724875526144,negative,8.702365270754399e-07
1463297730525102087,negative,0.043068745868525694
1463297731926151168,negative,0.016695364809665103
1463297733469614086,positive,0.851152822916383
1463297742273404928,negative,0.0022695883444246085
1463297745729597442,negative,0.08580177200518932
1463297746442592256,positive,0.7134907996925337
1463297751446433793,negative,0.11853056156166601
1463297752134262785,negative,0.0004911876911355761
1463297752788574209,negative,0.2076427516251208
1463297753480671233,negative,0.02341292172742968
1463297762477416452,negative,0.02268711548284814
1463297765853777924,negative,1.0517165038352317e-06
1463297768466833411,negative,0.00702950357139366
1463297774125002760,negative,5.219493780297395e-09
1463297796895698947,negative,0.00017251543596516657
1463297803879436290,negative,0.02426549900890317
1463297805116608515,negative,0.252900346474942
1463297810972004357,neutral,0.5069640805742183
1463297815908651010,positive,0.9220561535568844
1463297822732824580,negative,0.004399040590130849
1463297834548174848,neutral,0.3494518967987998
1463297837404508171,positive,0.8349477285155233
1463297853661585413,negative,8.38487561094688e-06
1463297863178506243,negative,0.003936437507006705
1463297865372114945,negative,0.0067409275812214675
1463297866215014401,neutral,0.6390545602052927
1463297867620098050,negative,0.1753378186257927
1463297869562232836,negative,0.002115002394374008
1463297874922463233,negative,0.22447404687166808
1463297878445727746,negative,0.016695364809665103
1463297884691079172,negative,0.004399040590130849
1463297884879790081,negative,0.0012842039279160908
1463297887769665538,neutral,0.49789225920557484
1463297899262001153,negative,0.02268711548284814
1463297904123256835,negative,0.0039289871142462775
1463297906677485569,neutral,0.5620296796298975
1463297914919436290,negative,0.004495093838512992
1463297915338870797,negative,0.08580177200518932
1463297921395400706,neutral,0.45044353445647284
1463297922146078723,negative,0.02268711548284814
1463297923203190787,negative,0.0067409275812214675
1463297926252347393,negative,0.04795325407484864
1463297929700073476,negative,0.003936437507006705
1463297934313852934,negative,0.053055009669159874
1463297935412760584,negative,0.002279070760209887
1463297938814386190,negative,0.02268711548284814
1463297939800039426,negative,0.00015980951490913832
1463297942304038918,negative,0.0004511811074781783
1463297945189732357,negative,0.0005905183486529052
1463297947261677569,negative,4.466810258448342e-05
1463297948222210053,negative,0.0031126632650278962
1463297950780690437,negative,0.20205502467211736
1463297953204948999,negative,0.039016747418286674
1463297962596044800,negative,0.001174773421450352
1463297966534500362,negative,0.015864824540071324
1463297971273883649,negative,0.0713524784975918
1463297973241196552,negative,2.4764297635166756e-05
1463298005621223424,neutral,0.46127768308170247
1463298007122722823,negative,0.15816650078244043
1463298009073176579,negative,0.08580177200518932
1463298010352287747,negative,0.00570940969598095
1463298017755381768,negative,0.043068745868525694
1463298030480896010,negative,0.0651172739446284
1463298033530060805,negative,0.0408782748492975
1463298050802302977,negative,0.003936437507006705
1463298069097820161,positive,0.874243845424873
1463298074093178890,negative,0.0030623227570540728
1463298078824411146,negative,0.308199125160694
1463298085023404034,negative,4.187539036629981e-06
1463298088886579200,negative,0.0030623227570540728
1463298098810261504,negative,0.032774102927251844
1463298099590348802,negative,0.0009353085714249136
1463298106691366913,positive,0.8378179104569605
1463298110927486977,negative,0.2183404022182286
1463298111728726028,negative,2.311601507079925e-05
1463298123070164992,negative,0.15379286123372132
1463298125679022092,negative,0.03137794380731952
1463298129449533441,negative,0.04795325407484864
1463298131857129478,negative,9.538332202864313e-07
1463298134357037061,neutral,0.46127768308170247
1463298141348941826,negative,0.004267681277856744
1463298143257346060,neutral,0.3523126957141878
1463298147187400706,negative,0.05426887636926027
1463298151025188869,negative,0.19857424183478523
1463298155265544194,negative,2.7677939733906436e-10
1463298162949509124,negative,0.289426854984873
1463298168335052801,negative,0.0003011559325534715
1463298174223896580,negative,8.349866391901912e-05
1463298180225900547,negative,0.08173845412491938
1463298182562172932,negative,0.005900500405912617
1463298193735757829,neutral,0.45044353445647284
1463298203055493121,negative,0.0005905183486529052
1463298204884209679,negative,0.04567701779860111
1463298207883177989,negative,0.0408782748492975
1463298214120071171,negative,0.23745727786808243
1463298215382372352,negative,0.004399040590130849
1463298216183492612,negative,0.007181082812092348
1463298217974681601,negative,0.17310347720199373
1463298219748831242,negative,0.04795325407484864
1463298227227308034,negative,0.2780863939408246
1463298230574325762,positive,0.8349477285155233
1463298244851687434,neutral,0.49789225920557484
1463298248878305287,negative,9.642041991556288e-17
1463298249314373633,negative,0.00032444598932436736
1463298250610548737,negative,0.11420000798047043
1463298263117967361,negative,0.1692461648199643
1463298278364229636,negative,0.0031126632650278962
1463298296508727303,negative,0.07042138045221016
1463298299583152141,negative,0.0015130754371344773
1463298300556288006,negative,0.1563742778843479
1463298305023254530,negative,2.6225260051999935e-06
1463298314934304771,negative,0.01468431596345518
1463298316519804929,negative,0.26205402389485666
1463298318616993803,negative,0.289426854984873
1463298321573892098,negative,0.008461777253959878
1463298328968372227,neutral,0.5515326505919447
1463298330541264900,negative,0.08082632282032505
1463298332718206987,negative,0.0006522444376738442
1463298335171829765,negative,0.08775080404234661
1463298352444018701,negative,4.792372042936008e-05
1463298352821460992,negative,0.058783519380343006
1463298353698123778,negative,0.252900346474942
1463298360148905984,positive,0.7388196717485594
1463298367014912010,negative,7.167463373419672e-09
1463298377463042054,negative,9.956062243504341e-05
1463298382974398474,negative,0.004399040590130849
1463298387747475464,neutral,0.3726847435457324
1463298388686868482,negative,0.06526365125677473
1463298394252849153,positive,0.9088832889416977
1463298401710317568,negative,0.2031218527706539
1463298403367104525,negative,0.00010090940740745412
1463298405648805889,neutral,0.6081051593258311
1463298410749042695,negative,0.0009332165055107944
1463298417975832586,negative,8.862078172441287e-06
1463298418210746373,neutral,0.46127768308170247
1463298421989724162,negative,0.0066150429279266286
1463298423361261578,negative,2.928589320045631e-06
1463298433356382213,neutral,0.46127768308170247
1463298434627248133,neutral,0.5123183099448764
1463298436447490059,negative,0.0030623227570540728
1463298440952176644,negative,0.05590644083124252
1463298459612581894,negative,0.0039402307437197154
1463298470786355206,neutral,0.3325632285996793
1463298475412631557,negative,0.08580177200518932
1463298478021517313,negative,0.0004898018367720714
1463298478939987971,negative,0.020082779471179375
1463298491422167041,negative,0.01097297239821717
1463298506114977796,negative,0.03377967900358429
1463298507750707203,positive,0.7702228932149252
1463298512276316160,negative,1.758222156827771e-07
1463298515308851200,negative,0.004399040590130849
1463298521277374467,negative,4.5865340936031304e-08
1463298523374362625,neutral,0.5038103802595609
1463298530731343880,negative,0.060991155166451455
1463298536653606914,negative,0.10040180901553336
1463298548800401413,negative,0.00592023577286277
1463298552986497025,neutral,0.49789225920557484
1463298555762909187,negative,0.00570940969598095
1463298562192814089,negative,0.0005905183486529052
1463298565221105664,negative,0.17105948812986532
1463298583214579717,neutral,0.45044353445647284
1463298583554367495,negative,0.03668910353314854
1463298589921263622,negative,0.0063603598065056005
1463298593553539082,negative,0.010320231446011024
1463298597982806019,neutral,0.46127768308170247
1463298606853668864,negative,0.3055950302665505
1463298607604547585,negative,0.04567701779860111
1463298625572900871,negative,5.133140890698748e-10
1463298629247119363,negative,0.0072462303218237085
1463298629792251913,negative,0.008514530650074084
1463298631428149251,negative,0.00021973702123513508
1463298631763734530,negative,9.43547709531174e-05
1463298636184436739,neutral,0.45044353445647284
1463298643537154057,neutral,0.6096106313653924
1463298646028525573,neutral,0.49789225920557484
1463298647546753025,negative,0.0023142441282127165
1463298655453163522,negative,0.0001294955984671922
1463298655943753732,negative,0.05722088628704719
1463298660100452358,negative,0.0026870870504175403
1463298664932298763,negative,0.00044900361621224704
1463298666974924804,negative,0.10645929175446103
1463298674004480004,negative,0.0126579242907592
1463298675036373003,negative,3.75635834213196e-05
1463298675787055109,negative,0.24703319046851316
1463298677758480388,negative,0.04639905338722368
1463298685442400262,negative,0.00021214627937365932
1463298686113533954,negative,0.027298269264451638
1463298687908691971,negative,0.0351979574006223
1463298691511603200,negative,6.277841309573167e-05
1463298694401474562,neutral,0.46127768308170247
1463298702555205633,negative,0.0160669837504747
1463298714085253127,neutral,0.49789225920557484
1463298714894802946,negative,0.0002800489949860062
1463298715708497925,negative,0.004338760772714552
1463298716207661057,negative,0.04804838679422739
1463298720057991170,negative,0.21326118777216738
1463298721140117520,negative,0.09008079236699418
1463298722666799113,negative,0.013378312894878395
1463298725535633408,negative,0.0016689659804713668
1463298725837746182,negative,0.07411714438284817
1463298726328426498,negative,0.07411714438284817
1463298727104286726,negative,0.07875596579552793
1463298728362758150,neutral,0.5266528855358278
1463298734327013378,negative,0.06687684908690524
1463298738504486912,negative,0.0014810474787382668
1463298738865291270,negative,0.0067409275812214675
1463298740471615491,neutral,0.46127768308170247
1463298740484202499,negative,0.05645911281032144
1463298741847347206,negative,0.15402560676932125
1463298742258487301,negative,4.538853841107858e-06
1463298743353188361,negative,5.2594959007628326e-05
1463298747228692483,negative,0.004912803030529698
1463298747748728834,negative,0.0028642617029742655
1463298749187473410,negative,0.0028692871682923387
1463298749476835333,neutral,0.4154165067014596
1463298751418748934,negative,0.001135576429859942
1463298751431208969,negative,0.14158275701564188
1463298751796236291,negative,0.007432417665061783
1463298752324808704,negative,1.6216776030007457e-09
1463298754757414915,negative,0.263759455117286
1463298758435823618,negative,0.0351979574006223
1463298759421571077,negative,0.00903522621353697
1463298763599056898,negative,0.05928667785702933
1463298765645877255,negative,0.3192056620262654
1463298770523680769,neutral,0.35509496682161057
1463298771547267075,neutral,0.3475505012440301
1463298774890160128,positive,0.9461793006718715
1463298775263309825,negative,0.00012078245105210227
1463298779763908608,negative,0.06601848979090187
1463298783949828104,negative,1.1213706294965168e-07
1463298788454551554,positive,0.8378179104569605
1463298791247953924,negative,0.31584533055571495
1463298792585940993,negative,0.011902591878658142
1463298794771124224,negative,4.538853841107858e-06
1463298795945574405,neutral,0.48698396469061217
1463298796037853184,positive,0.8819040037478941
1463298800123060231,negative,0.007186037460410977
1463298800911630343,negative,0.21059838619742424
1463298802023075841,negative,0.07224782513033177
1463298803180601344,negative,0.01403934791751913
1463298805890260992,negative,0.001029053378529251
1463298808645922819,negative,0.191813004804251
1463298809153437696,neutral,0.45044353445647284
1463298809283371009,negative,0.2429937718899652
1463298810029871109,negative,1.1585915388344043e-07
1463298811569360900,negative,0.003833968085089577
1463298815180615684,negative,0.20690651753594033
1463298815281274882,negative,0.19558011933134006
1463298817453867012,negative,0.00013770608098590123
1463298820251340803,negative,0.00013770608098590123
1463298820486352902,negative,0.029743102508380585
1463298820498870276,negative,0.25218739856220435
1463298820582739972,negative,0.029743102508380585
1463298821342081025,negative,0.2719538844948051
1463298824617742338,negative,0.012265627335632804
1463298827620950016,negative,2.3216568633665776e-07
1463298827960651779,positive,0.7289964636326443
1463298829743271939,negative,0.0005612864184919135
1463298830888230921,neutral,0.5826141648700933
1463298831026737152,negative,0.00689903503320655
1463298831295344645,negative,0.20690651753594033
1463298831592800261,negative,0.3029968537174699
1463298832322732037,negative,0.0060054527880199216
1463298832947716102,negative,5.475622647561285e-08
1463298833060966406,negative,0.02859656472288158
1463298834042343427,negative,3.383046883607195e-05
1463298836181438471,negative,0.04567701779860111
1463298837288833026,negative,0.002676797355417112
1463298843412418573,negative,0.0002781692882712301
1463298845425774597,negative,0.0005518012485687466
1463298847267033096,negative,0.005024292195761752
1463298847946555392,positive,0.9461793006718715
1463298849288691719,positive,0.9989238317780098
1463298852757413888,negative,0.060149095402049935
1463298855097753602,negative,1.0127367534659724e-06
1463298856070885385,negative,0.12464930324478282
1463298858126123011,negative,0.007748484367369453
1463298860219088901,negative,0.14745776156772492
1463298860768382976,negative,0.00024785893826031335
1463298861276012558,negative,2.387269700973947e-05
1463298863243182080,negative,0.0003979914473896848
1463298863805128704,negative,0.25218739856220435
1463298864518152200,negative,2.3876772481334755e-06
1463298865931685891,negative,0.0030623227570540728
1463298870184747008,negative,0.009077163120407263
1463298870927147011,negative,0.05809724377792235
1463298875784146945,neutral,0.3409789997625846
1463298876950069257,negative,0.0025220579061143037
1463298878200061961,negative,5.634924301257499e-08
1463298883103174656,negative,0.00013770608098590123
1463298883992399873,negative,0.0008730459854668791
1463298884386496513,negative,2.0254186027935792e-19
1463298886374760452,negative,0.0008042428618196086
1463298886424940546,negative,0.00013770608098590123
1463298891437297667,negative,0.0051514370379911
1463298892389363719,negative,0.01224567771749932
1463298893114798080,neutral,0.5758147850589279
1463298893253427202,negative,0.14745776156772492
1463298893454757891,negative,0.1998062595870161
1463298895824437250,negative,0.03377967900358429
1463298898458558464,negative,2.2968927333658214e-05
1463298898462748680,negative,0.03984296902486339
1463298899733590016,negative,0.16237960695245268
1463298900530446343,negative,0.04567701779860111
1463298902761877506,negative,2.6738985903575816e-07
1463298903332302858,negative,0.0001158836752549354
1463298903709790210,negative,0.01674943756855797
1463298907916713996,negative,0.0004446642624935266
1463298908910768128,negative,0.000292626679756165
1463298911972601860,negative,0.19558011933134006
1463298918901587970,negative,0.2429937718899652
1463298920310882312,positive,0.9994366645453597
1463298921338388485,negative,0.15740789395729915
1463298922252804100,neutral,0.49789225920557484
1463298926648385537,positive,0.8879475908491751
1463298928032501760,negative,0.05644486708351057
1463298928456216583,negative,0.026664785802815158
1463298928489676811,negative,0.10645929175446103
1463298929135661066,negative,6.560211294352927e-06
1463298929798303746,negative,0.004571322450495424
1463298930083565574,negative,0.006324090216147501
1463298931438329858,negative,0.00011088140560069062
1463298933669650438,negative,0.002153916417055407
1463298936345616392,positive,0.97635632389547
1463298937000013828,negative,0.27716460226316947
1463298940346974208,negative,6.008647857190373e-09
1463298941068484613,negative,0.02108607177203106
1463298945363419140,negative,1.4545076476365905e-05
1463298946432999427,negative,0.00016257828578607948
1463298946512605185,negative,0.003209592441293899
1463298947544281089,negative,0.0011478031501713389
1463298948869799937,neutral,0.38522068917997826
1463298948999921670,negative,0.01580579144865894
1463298950954422276,negative,0.2777618594961151
1463298951818457099,negative,0.12022011318827365
1463298957346545664,negative,0.1772019334917428
1463298959028408325,negative,1.2229344216966074e-08
1463298962392289285,negative,0.024317841391433365
1463298963193446402,positive,0.9431229541818699
1463298966150422530,negative,8.907004531374192e-07
1463298967161167872,negative,4.698609297030232e-06
1463298968377597952,negative,8.262854786080625e-10
1463298972441792513,negative,0.006592077758138903
1463298975310745602,negative,0.06031173566632119
1463298975591813120,neutral,0.46127768308170247
1463298976346779656,negative,0.0001430998125048566
1463298978582249473,neutral,0.3618280689096601
1463298979530166272,positive,0.8819040037478941
1463298981673553921,negative,0.289426854984873
1463298985783795712,negative,0.0013340329884254044
1463298987663020036,negative,0.0015851709632181022
1463298990515052549,negative,0.004399040590130849
1463298990645075969,negative,0.017054923304671496
1463298993761370114,negative,0.1375849411114027
1463298995363749891,negative,0.03667065461656992
1463298996173160454,neutral,0.34261639964639407
1463299000120004615,neutral,0.49789225920557484
1463299002456236035,negative,0.16977283002189464
1463299004985450500,negative,0.04795325407484864
1463299012354785280,negative,0.0351979574006223
1463299016175804417,negative,0.0014810474787382668
1463299018981838848,negative,0.07458367775372127
1463299021146103816,negative,1.1213706294965168e-07
1463299023796846592,negative,0.04477599238089158
1463299024220532746,neutral,0.46387329236944763
1463299024304361474,negative,0.027769210955265706
1463299026783248400,negative,0.22632972107087432
1463299028112875527,negative,0.08663246403919907
1463299030700728326,negative,7.58102574394462e-06
1463299033783488515,negative,0.00903522621353697
1463299034903461889,negative,0.1151970915600929
1463299036115521553,negative,0.0008219898052074772
1463299038971940866,negative,4.9703255542129307e-08
1463299038984298499,negative,0.12211197158655593
1463299041165512706,negative,0.26600869688789214
1463299050363514881,negative,0.2794653930830212
1463299050460127240,negative,7.295060569100425e-07
1463299054159515650,negative,0.02339093727866527
1463299055963025416,negative,0.002676797355417112
1463299059356254213,negative,0.13030764337396875
1463299059943448579,negative,0.005502719785049532
1463299060807475200,negative,0.000535100474955194
1463299062644371459,negative,0.00013770608098590123
1463299065987403787,negative,0.006389651093440905
1463299066008375297,negative,0.2369710931082333
1463299066545283073,negative,0.1556629120580232
1463299069774909442,negative,9.230395268433223e-06
1463299071326756866,neutral,0.3353500257179539
1463299074841579532,negative,0.022213826976516738
1463299076204769286,negative,0.002448536941003209
1463299079249842181,negative,0.3181707128979841
1463299079585284108,negative,0.0002727055248870797
1463299082588459009,neutral,0.40643184790019965
1463299084664684546,negative,0.0009291741177249688
1463299085167955971,negative,0.1563742778843479
1463299085197320192,negative,0.025771717350177237
1463299087801982976,negative,1.0951301805243017e-05
1463299088468819974,negative,0.00013770608098590123
1463299089005699079,neutral,0.4154165067014596
1463299089773305858,negative,0.28785332488666576
1463299090729607170,negative,0.0032252030593169275
1463299092646408193,neutral,0.6145010217828297
1463299093854408707,negative,7.73495180427693e-08
1463299094655369216,negative,0.0011815739650353624
1463299104373628928,negative,0.19550032888003824
1463299109109088261,negative,0.03301892392493643
1463299113295003650,negative,3.0095766024343396e-05
1463299114016415745,negative,0.04795325407484864
1463299114360266754,negative,0.0018117410724442019
1463299114523897856,neutral,0.5722298666146878
1463299117975801860,negative,0.00013218616812312183
1463299119934492673,neutral,0.4154165067014596
1463299125210931202,negative,9.538332202864313e-07
1463299127593287683,neutral,0.49789225920557484
1463299128448798721,negative,0.02876176656591956
1463299132295196673,negative,0.016695364809665103
1463299137995161605,neutral,0.39403414696980676
1463299139656204295,negative,4.3780789236187217e-07
1463299141631631360,negative,0.12703271384507175
1463299142487265284,negative,2.1730657105303418e-05
1463299142961270790,negative,1.7245578418497603e-05
1463299144320262149,positive,0.8819040037478941
1463299145301737482,negative,0.07175376129450828
1463299145666465796,negative,0.00570940969598095
1463299146086072327,positive,0.8378179104569605
1463299146232872961,negative,0.01022038119782796
1463299146236907523,negative,0.14468049514465023
1463299146677428230,negative,0.07705682872402866
1463299147423956992,negative,0.12867829949189152
1463299147575054344,negative,0.023957815589342193
1463299148883496963,negative,0.00013770608098590123
1463299148959076358,negative,0.0006926964492268005
1463299149902893059,negative,8.621892352268146e-08
1463299153405136898,positive,0.820723044870663
1463299162888450055,negative,0.0007167505310463089
1463299164192886784,negative,0.026211593268617318
1463299164884799489,negative,0.00884719849953739
1463299166545797123,negative,0.0030169210452656854
1463299169720930312,neutral,0.6180636853854619
1463299170828173316,negative,0.0019647290128499287
1463299172367491075,negative,0.03157737585149449
1463299173382606848,negative,1.1213706294965168e-07
1463299178440716288,negative,0.052383318411279384
1463299180705816582,neutral,0.45044353445647284
1463299183369240584,positive,0.8378179104569605
1463299184572833792,negative,0.0012559170108826494
1463299185332170753,negative,0.16889591173562912
1463299185986482176,negative,0.0006031502101588862
1463299186527555590,negative,0.0024038712998981633
1463299189505413120,positive,0.7910666334878973
1463299189966786564,negative,2.3216568633665776e-07
1463299193146155013,neutral,0.39502022787670515
1463299194442059781,negative,0.00013770608098590123
1463299194484150276,negative,2.457807010469062e-05
1463299195343970307,negative,0.06448816453390485
1463299197915078659,negative,0.013199589030179105
1463299199274045451,negative,0.0006052780962208141
1463299200792383489,negative,0.0004241908421043684
1463299201467666443,negative,0.01580579144865894
1463299203199873026,negative,0.0018608634636835025
1463299203367673871,negative,0.10879953927314465
1463299207012438021,negative,0.0002806787322578673
1463299207167676418,negative,2.7875019929924584e-06
1463299208677666818,negative,0.00019803209763215844
1463299209109680129,negative,0.001029053378529251
1463299210179190786,negative,0.017544979936894075
1463299211374518276,negative,0.001319861118702688
1463299212418891779,negative,5.594901081574982e-08
1463299214423867392,negative,0.0004443814187006434
1463299216843939846,neutral,0.5139249465111937
1463299219419275267,negative,2.4847056556977188e-05
1463299223156318208,negative,0.026664785802815158
1463299223508729856,negative,0.03984296902486339
1463299224850862089,negative,1.0179073662640333e-08
1463299227132514314,negative,0.0075377381002411994
1463299229774925828,negative,0.0008042428618196086
1463299235508633608,negative,4.37631087420433e-05
1463299241242238978,negative,8.090562644897277e-07
1463299252382167041,negative,0.0012096847915950113
1463299252835262469,negative,0.00013770608098590123
1463299254437384195,negative,0.011419482431838995
1463299255918075908,negative,0.022213826976516738
1463299256060719105,negative,0.00013933199451744504
1463299257306206209,positive,0.8534393218071381
1463299259588136962,negative,0.004399040590130849
1463299265653006344,negative,0.07113550330329334
1463299266181570566,negative,0.0206974382949318
1463299266508693505,negative,0.020478112694721426
1463299268345688069,negative,0.049341221702375856
1463299273228009475,negative,0.002279070760209887
1463299274238840836,positive,0.9938091492066018
1463299274758713347,negative,3.0306555306160234e-09
1463299278554738691,negative,0.15048570589932236
1463299280605700103,negative,0.28452055376873825
1463299293096333315,negative,1.4590953388949469e-10
1463299294493032456,negative,0.06261840675764001
1463299295990452228,neutral,0.4197195219051357
1463299297001279494,negative,5.8511708376387585e-06
1463299297278054404,negative,0.0051514370379911
1463299300910407682,negative,0.02859656472288158
1463299300918759430,negative,0.0008042428618196086
1463299301489135616,negative,0.2669543448015903
1463299304546877444,negative,0.2264799389950814
1463299307164127238,negative,0.26600869688789214
1463299307365404682,negative,0.05177356660686669
1463299309986791428,negative,1.1081471372148306e-05
1463299315787522048,neutral,0.49789225920557484
1463299317595267073,negative,0.00080513206076053
1463299319658913800,negative,0.010026905773314157
1463299321919594503,positive,0.8378179104569605
1463299324251619334,negative,6.912957718825505e-07
1463299325430312963,negative,0.00013770608098590123
1463299329935003648,negative,2.3002267545957923e-05
1463299333789523979,negative,1.7359163254220825e-05
1463299337946116096,neutral,0.45044353445647284
1463299340701782017,negative,4.906046094883619e-10
1463299343960715264,neutral,0.4197195219051357
1463299346200285188,negative,0.03057403961346883
1463299350101209096,negative,0.18795859623648656
1463299350646329346,negative,0.01838563787441251
1463299351975968773,neutral,0.49789225920557484
1463299352038985728,neutral,0.3992856768840602
1463299353980792835,negative,0.060991155166451455
1463299354815569920,negative,0.0018432868032266768
1463299356115746818,negative,0.0001734782803794159
1463299358296846341,negative,1.0965406513215972e-06
1463299359563472903,negative,2.3216568633665776e-07
1463299361291620362,negative,0.0006329456401321293
1463299362814148613,negative,0.0006429280996292035
1463299367058788357,negative,0.005502719785049532
1463299367524208648,negative,0.00013770608098590123
1463299371534012420,neutral,0.49789225920557484
1463299372645552128,negative,0.0004108867368102909
1463299372729475072,negative,0.001029053378529251
1463299373211828227,negative,4.353074183346352e-05
1463299376349163532,negative,0.004399040590130849
1463299379218034688,negative,0.00013770608098590123
1463299379289276422,negative,0.32722777263697944
1463299380203724802,negative,0.24286573140576784
1463299384431583237,negative,0.002676797355417112
1463299385651990532,negative,0.012497986445618428
1463299390265868290,negative,1.1213706294965168e-07
1463299391704416265,negative,0.021047334503278895
1463299393721978888,negative,0.2301917679834784
1463299394904764423,negative,9.132789915687886e-06
1463299399979831298,negative,0.04404525520287296
1463299400646762504,neutral,0.5136446707795853
1463299401934327811,negative,0.002298770473440047
1463299402228015104,negative,2.0138212203691862e-08
1463299407672070146,negative,0.17310689999750373
1463299416798941185,negative,0.0008042428618196086
1463299417390436359,negative,0.005764318548310342
1463299420913549314,negative,0.022213826976516738
1463299425548357632,negative,0.00452448590323229
1463299430195601408,neutral,0.4197195219051357
1463299430300459012,negative,0.031034244005046622
1463299434343772160,positive,0.918496659079977
1463299434901557249,negative,0.00702950357139366
1463299439553126411,negative,0.0002810894159424652
1463299441285238788,negative,0.001402913749940187
1463299444364001283,neutral,0.5794121677500856
1463299448570880003,negative,0.06942564205367549
1463299451141902338,negative,0.020759974277790645
1463299451225788419,negative,0.008116917003869585
1463299454317043717,negative,0.0014810474787382668
1463299457538301954,negative,0.23568651887278078
1463299460163854344,negative,0.2821045468694271
1463299461933842434,negative,0.00012298378159319656
1463299463494176772,negative,0.0008615276050167605
1463299467260665857,negative,0.002676797355417112
1463299468317573122,neutral,0.4635590900146368
1463299468841963523,negative,0.003150653187980437
1463299470905458690,negative,0.002676797355417112
1463299471954128904,neutral,0.5630914120119007
1463299474890141699,negative,0.04804838679422739
1463299475355615235,negative,0.06272650088050957
1463299477444476932,negative,0.289426854984873
1463299477578686469,neutral,0.6306841796069875
1463299479466090502,neutral,0.4826709377783345
1463299480564875266,negative,0.031832610036971846
1463299486080512001,negative,6.560211294352927e-06
1463299486109913092,negative,0.00010848313026810815
1463299490895605767,negative,0.02268711548284814
1463299496515936258,negative,5.416123396006388e-05
1463299500039049220,neutral,0.460819590640501
1463299501352005638,negative,0.10645929175446103
1463299502694187011,negative,0.02458507026554531
1463299505198022661,negative,1.7610381459435693e-09
1463299506787831815,negative,0.022946450591294788
1463299509052706822,negative,0.24536016337941466
1463299509421699074,negative,5.416123396006388e-05
1463299509929320450,negative,0.012215444580590535
1463299511359524874,negative,0.027385932891949946
1463299516006809603,negative,0.005238504420136313
1463299516975616008,negative,0.2621061704691275
1463299523397263360,negative,0.06271900877691378
1463299524324122626,positive,0.780308349175659
1463299529382547462,negative,0.0005905183486529052
1463299530246574085,negative,0.03377967900358429
1463299535422300163,negative,1.4514647896672143e-06
1463299536353431558,negative,0.00010848313026810815
1463299538710585348,negative,4.382613235507878e-06
1463299538744193025,negative,0.005502719785049532
1463299540585439235,negative,0.15980623683619893
1463299540648345600,negative,0.00048757084002364764
1463299541814419457,negative,0.002676797355417112
1463299543542505472,neutral,0.3405513102528226
1463299552572809218,negative,0.0016252379594384884
1463299556196724736,negative,0.25218739856220435
1463299557576556554,neutral,0.37946275411661423
1463299558293876738,negative,0.011336104168856742
1463299559606657039,negative,0.0009802725559346017
1463299563700330506,negative,0.29157836611228877
1463299564056764422,negative,0.00903522621353697
1463299569907765248,negative,1.2229344216966074e-08
1463299571078029317,negative,0.1151970915600929
1463299574622302208,positive,0.9028918262569651
1463299575406489600,negative,0.029743102508380585
1463299576547450882,negative,0.06942564205367549
1463299579768627206,negative,0.20542935380883895
1463299580452216834,negative,3.873169470059808e-08
1463299581391917057,negative,0.003748379104658636
1463299581836500998,negative,0.0003772989490755034
1463299581891031044,neutral,0.5978743861407889
1463299584097234949,neutral,0.6096106313653924
1463299585586208768,negative,0.0008702519330136421
1463299586127245319,negative,0.00036706875952733855
1463299589214126081,negative,7.73495180427693e-08
1463299589566390275,negative,0.0013006529961057545
1463299591265206272,negative,0.19558011933134006
1463299593253359618,negative,0.19558011933134006
1463299593958010886,negative,0.043065849237347825
1463299595153379328,neutral,0.49789225920557484
1463299595467853829,negative,0.00013770608098590123
1463299595618955267,negative,0.004399040590130849
1463299600119443464,neutral,0.657508817795831
1463299602384310274,negative,0.026862158601890902
1463299602845626371,negative,0.11061857957539915
1463299603370065923,negative,0.14745776156772492
1463299604326367232,negative,5.670116029082859e-09
1463299606167568384,negative,0.05012763998031981
1463299607572541441,negative,5.166318922768683e-05
1463299608071835650,negative,0.020478112694721426
1463299611699949571,negative,0.026664785802815158
1463299612664643593,negative,0.19558011933134006
1463299613251702788,negative,0.06715609354052055
1463299615889965063,negative,0.0014810474787382668
1463299619647983617,negative,0.0008908525045979666
1463299620742709255,positive,0.9919106012699297
1463299623209025536,negative,0.03762506948607456
1463299625478082560,negative,0.026196872899145164
1463299626954547205,negative,0.004399040590130849
1463299627025842180,negative,0.32195147969670806
1463299627805982721,negative,0.09971641018923094
1463299628745605137,negative,0.008116917003869585
1463299629353684992,positive,0.9139976988453935
1463299630674894850,negative,0.002416150140765042
1463299633292193792,negative,0.2517644193704947
1463299635678785544,negative,0.0475276940801607
1463299638073647108,negative,0.016695364809665103
1463299639814197249,neutral,0.4020795441330299
1463299640330231809,negative,0.04795325407484864
1463299641307447309,negative,0.1285450970962495
1463299641374482449,negative,0.06717179664655774
1463299645069836299,negative,8.421744611256778e-06
1463299646915158022,negative,4.399794683741098e-05
1463299652669878273,negative,0.0002805641102085449
1463299653533896710,negative,0.016695364809665103
1463299653882023936,negative,0.19558011933134006
1463299654708342786,negative,0.06942564205367549
1463299655425531911,negative,0.07224782513033177
1463299657132658691,negative,0.004399040590130849
1463299657665335302,negative,2.1730657105303418e-05
1463299659296915457,negative,0.08088693132179463
1463299661985374210,negative,1.1538897935674277e-15
1463299664707522562,negative,2.2226189966018976e-05
1463299666498527238,negative,0.00013770608098590123
1463299667274317824,negative,0.07594647552978565
1463299675012874240,negative,0.004399040590130849
1463299675147145217,negative,0.0005905183486529052
1463299675776241671,neutral,0.5758147850589279
1463299676346724352,negative,0.0002298052496243261
1463299679257612291,negative,3.278117528504776e-05
1463299680847155202,negative,0.0475276940801607
1463299682692653060,negative,0.04795325407484864
1463299684693327873,negative,0.0004511811074781783
1463299684798279688,negative,0.29137236103680736
1463299688610861064,negative,0.015486783737689145
1463299689168654338,negative,0.0030673359757815042
1463299691765018630,negative,0.023957815589342193
1463299694122176513,negative,0.0014774259284915173
1463299695460061188,negative,3.40969091732641e-10
1463299696055750663,negative,0.10506427976808053
1463299699989962755,negative,5.968127154818406e-06
1463299701944504320,negative,0.23745727786808243
1463299702124916739,negative,0.03454408447477141
1463299702129139724,negative,0.0018359112099792486
1463299702313603072,negative,0.2794705364345209
1463299702393384965,negative,0.0018121461720554716
1463299706013065220,negative,0.08082632282032505
1463299707497766912,negative,0.10645929175446103
1463299708978450439,negative,0.1936508695197653
1463299709037170692,neutral,0.35785643069366135
1463299713575313418,negative,0.0009033196912797686
1463299715953528842,negative,0.008116917003869585
1463299716263731207,neutral,0.4020795441330299
1463299716507185155,negative,0.11558168687874747
1463299717228634113,negative,5.056770063104173e-09
1463299719724249093,negative,0.02341292172742968
1463299721519407104,negative,0.06942564205367549
1463299722366500864,negative,0.028045349494150086
1463299723142516740,negative,1.564567590432219e-05
1463299723914362883,neutral,0.4154165067014596
1463299729815654403,negative,0.17870406990277962
1463299731640274948,negative,0.32622635227414515
1463299732994985986,negative,0.0014810474787382668
1463299733640859654,negative,0.0013242461368610983
1463299739580080135,negative,8.87693436185782e-05
1463299743954649090,neutral,0.45044353445647284
1463299746672615431,negative,9.934472422697933e-07
1463299746718789633,neutral,0.49789225920557484
1463299750115954695,negative,0.0005572041840280953
1463299750913089539,negative,4.5100340222302684e-06
1463299752846675969,negative,0.00030478066270591477
1463299754239172609,negative,0.08308888532171467
1463299757816913921,negative,0.025953297925646147
1463299759486164996,negative,3.0306555306160234e-09
1463299760388026373,negative,0.2369710931082333
1463299762124378115,negative,7.541363087876912e-07
1463299763105845250,positive,0.8819040037478941
1463299764880089094,negative,0.022213826976516738
1463299765375012872,negative,0.027409004353111072
1463299766171885572,negative,0.002065172054778316
1463299767174320129,negative,0.006340922638475658
1463299768692748289,negative,0.014622675826167693
1463299768726261762,positive,0.8852023249469194
1463299770697588743,negative,1.293292070668467e-09
1463299774367551498,negative,0.022429696977612136
1463299774828974083,negative,0.20875982241717492
1463299779169959937,negative,4.399794683741098e-05
1463299780143198208,positive,0.8355117900856772
1463299783771176962,positive,0.820723044870663
1463299786417877000,negative,0.10645929175446103
1463299787764207619,negative,0.00011166597466690104
1463299788229779461,negative,0.01022038119782796
1463299788263374854,negative,0.27983912263726335
1463299790402375683,negative,6.998060139501864e-06
1463299791190990851,negative,6.71951348767729e-08
1463299796886863880,negative,0.07518889328282001
1463299797885108229,neutral,0.42763653545659
1463299800527515651,negative,8.062955507464393e-05
1463299802645647368,negative,0.007473829610310653
1463299804012990465,negative,0.00028133596367839854
1463299805552250880,negative,8.864405944742092e-05
1463299807078985730,negative,4.9571011843604444e-11
1463299813567565826,negative,0.0005905183486529052
1463299814943342594,negative,0.06671875936127329
1463299815350095879,negative,0.0004587607833179738
1463299819603173376,negative,0.32551165493554396
1463299823260602369,negative,4.259340716454421e-05
1463299824346931207,negative,0.015486783737689145
1463299824695058439,negative,0.2021112890894942
1463299825051615241,negative,0.006947502876179261
1463299832781627395,neutral,0.46617315968973133
1463299834144870405,negative,0.04509512475081381
1463299834283270150,negative,0.27781596414135684
1463299836661288960,negative,6.275455129510263e-06
1463299840851394569,negative,0.136825931850788
1463299840993943553,negative,0.00020068189587898398
1463299847851814912,negative,0.05743583792412277
1463299849399504896,neutral,0.4719187939244941
1463299853107314693,negative,0.016695364809665103
1463299853203738633,negative,2.3216568633665776e-07
1463299856248672260,negative,0.022429696977612136
1463299858333421568,negative,1.1213706294965168e-07
1463299865023287301,negative,0.0015847660124987208
1463299868429070338,negative,0.015486783737689145
1463299874309521408,negative,0.00013770608098590123
1463299877039976454,negative,1.2881406014581784e-11
1463299878348472323,negative,0.00013770608098590123
1463299878675787784,negative,0.17105948812986532
1463299878696546306,negative,0.002287024482886074
1463299884908523520,positive,0.9361927431758527
1463299886129033221,negative,0.0003840405279511534
1463299886686904320,negative,1.492308896138463e-05
1463299894207201280,positive,0.8819040037478941
1463299895180156932,negative,0.0006543123758710404
1463299907272511492,negative,0.09869216005159809
1463299908853710854,negative,0.0006543123758710404
1463299908878929922,negative,0.0016211498373991926
1463299909126393858,neutral,0.44055370201414834
1463299912519483393,negative,1.2872697583036924e-06
1463299921445072909,negative,0.003651686638673237
1463299922556510208,negative,0.09884772856812293
1463299923022077962,negative,0.19558011933134006
1463299923143704578,negative,0.11666798110281743
1463299925735784451,negative,5.2594959007628326e-05
1463299927333904388,negative,0.06942564205367549
1463299927497396225,negative,0.15511550179861494
1463299933008769032,negative,0.00023888359690447565
1463299935055585280,negative,0.043068745868525694
1463299941380599808,negative,0.06578333652938091
1463299944098549768,negative,0.0012568962025841996
1463299944849231879,negative,5.913989245346144e-07
1463299945361031170,negative,0.001029053378529251
1463299945889476609,negative,0.026664785802815158
1463299947323924482,positive,0.919678504248436
1463299956413014016,negative,0.008221491347112997
1463299956660445184,negative,0.016154852359990774
1463299960070414339,negative,0.00903522621353697
1463299963606159360,negative,0.23613486574487424
1463299966227603460,negative,3.269229877171797e-05
1463299968010276873,negative,0.22949407482612988
1463299970535235586,negative,0.02658955995418834
1463299971873222660,negative,5.135013366795077e-07
1463299972187705347,negative,0.003246232261449616
1463299972619812869,negative,0.00043617994627571813
1463299975232856065,negative,0.20875982241717492
1463299975689945094,negative,0.17105948812986532
1463299977807990787,negative,0.007991561626499794
1463299978219163651,neutral,0.44055370201414834
1463299978953203715,negative,0.0005518012485687466
1463299979850616832,negative,1.1081471372148306e-05
1463299980966436867,negative,0.03554715181905233
1463299982954532871,negative,0.21921412548362115
1463299987929018374,negative,0.11682160872386131
1463299990336512002,negative,0.06031173566632119
1463299991334789123,negative,0.012692042346973654
1463299999073247238,negative,0.03551465779574543
1463300003800260613,negative,0.07458367775372127
1463300006862012416,negative,0.1720479960481003
1463300007143084035,negative,0.08082632282032505
1463300008812367874,neutral,0.49789225920557484
1463300011119239170,negative,0.0008165307396521197
1463300011131912200,negative,0.0017111060290661744
1463300012310503427,negative,0.12703271384507175
1463300012436336642,negative,1.0423605441906776e-07
1463300013837197314,negative,8.87693436185782e-05
1463300014910980096,negative,4.761401899768555e-10
1463300019742777346,negative,0.0008149421536871754
1463300020518768641,negative,0.024141487647113307
1463300021730873345,negative,2.457601397737383e-09
1463300022758522883,negative,0.0001560158321186027
1463300024083701764,negative,0.07518889328282001
1463300024549494787,negative,0.007473829610310653
1463300026353004544,positive,0.8819040037478941
1463300031679586305,negative,0.00570940969598095
1463300031696576515,negative,1.1072304988066038e-07
1463300032141180933,negative,0.11909233728069761
1463300033500098560,positive,0.852380032156132
1463300034808541185,negative,0.0009527571634978882
1463300037216194561,positive,0.811439513210427
1463300038134669312,negative,0.0008042428618196086
1463300040395526148,negative,0.00013770608098590123
1463300040978534401,negative,0.0014266614276305148
1463300049832665098,negative,0.06095946283008184
1463300050029891593,negative,0.2429937718899652
1463300055780184068,negative,0.001356362689039249
1463300056489279488,negative,0.08101984619462323
1463300061643870210,negative,0.04795325407484864
1463300061815787522,negative,0.07458367775372127
1463300062038134788,negative,0.02268711548284814
1463300063061491713,negative,0.007308997669395002
1463300063099113476,negative,0.08082632282032505
1463300067549401088,negative,0.10645929175446103
1463300075258589191,negative,2.3570541531062183e-05
1463300075329892353,neutral,0.36328612053154075
1463300075845828612,positive,0.6955578539212764
1463300075963174916,negative,9.538332202864313e-07
1463300076894310408,negative,0.022468998506775424
1463300078177771521,negative,0.025557723869875378
1463300078333042693,negative,0.001135576429859942
1463300078509174791,negative,0.02658955995418834
1463300078634999814,positive,0.9984842483227347
1463300078664241156,negative,0.0762659602076335
1463300078672785416,negative,0.007487262584210502
1463300078693765121,negative,0.0001423408802595996
1463300078790082564,negative,0.2695899710780225
1463300078853103623,negative,0.007487262584210502
1463300078932836354,positive,0.8217939900252414
1463300084783796234,negative,0.05422117165904107
1463300088759996420,negative,0.022213826976516738
1463300089380843525,negative,0.289426854984873
1463300093986193416,positive,0.8397057956300129
1463300094162259969,negative,0.1530497997321472
1463300094413967366,negative,0.02658955995418834
1463300097920405508,negative,0.0034860496369697974
1463300100994727938,neutral,0.46617315968973133
1463300101053554694,negative,0.02658955995418834
1463300105444941827,neutral,0.6301234559680013
1463300115934982153,negative,0.02658955995418834
1463300116908068869,negative,0.00034890581754332855
1463300119068037120,negative,0.005502719785049532
1463300121043611649,negative,0.004639773709587095
1463300121458843650,negative,0.08663246403919907
1463300122176110598,negative,0.02658955995418834
1463300122557755392,negative,0.014152818844086635
1463300123161681932,negative,0.02658955995418834
1463300127527890948,negative,0.0925944112560823
1463300128974987274,negative,0.11420000798047043
1463300129809743880,negative,1.1213706294965168e-07
1463300129989877761,negative,0.0003343574861501775
1463300130971561986,negative,0.07076864220733249
1463300132938694659,positive,0.72614112135357
1463300133215514627,negative,0.00014607311813916093
1463300140786147340,negative,5.508000316454738e-07
1463300143269224450,negative,0.02658955995418834
1463300147794915336,negative,0.19558011933134006
1463300149673922564,negative,0.04795325407484864
1463300152312143874,negative,0.032362829734736386
1463300154027651073,negative,1.319152611757541e-07
1463300158838521858,neutral,0.5136446707795853
1463300159404756993,neutral,0.3374674755446546
1463300159425724419,negative,4.37631087420433e-05
1463300159937257474,negative,0.2794653930830212
1463300160491036680,negative,0.02658955995418834
1463300163766657026,negative,6.560211294352927e-06
1463300165356326914,negative,0.002279070760209887
1463300167789068290,positive,0.9938091492066018
1463300170393833473,negative,0.002382727162210754
1463300171975045122,negative,0.23315730100113768
1463300176865632256,negative,0.004280703865321716
1463300178321022980,negative,1.1213706294965168e-07
1463300179667435523,negative,0.1954808312936818
1463300185015029761,negative,0.0012577457151971136
1463300185971384321,negative,0.02268711548284814
1463300186093105153,positive,0.9852285332340621
1463300186189574149,negative,0.02658955995418834
1463300188718735365,negative,0.004399040590130849
1463300193466691587,negative,0.0006031502101588862
1463300199133028352,negative,0.03324321167688231
1463300199288299525,negative,0.16670646725321844
1463300201238700039,negative,0.02658955995418834
1463300203704950785,negative,0.02658955995418834
1463300208608124928,negative,3.2078531358270684e-05
1463300209706999810,negative,2.9914533549704254e-10
1463300215008604166,negative,0.013801327500251962
1463300215599878148,neutral,0.5235551008330651
1463300216652767232,negative,0.008116917003869585
1463300221891497989,negative,0.000588274600396044
1463300223233662981,negative,0.19558011933134006
1463300228279328779,negative,1.1095070139750833e-13
1463300229650960391,negative,1.579568866831305e-07
1463300233111166977,negative,0.004399040590130849
1463300234201772040,negative,0.08082632282032505
1463300234621198342,negative,0.12211197158655593
1463300237536251907,negative,0.004701197553366562
1463300239943680006,negative,0.006664505771800036
1463300242779090944,negative,0.11149769305836317
1463300243924176900,negative,0.2429937718899652
1463300246721728513,negative,0.00903522621353697
1463300250358239233,negative,0.001029053378529251
1463300251448709124,negative,3.2810726756732793e-06
1463300251557711877,negative,0.0003427735524360093
1463300252014977029,neutral,0.4293538412283697
1463300252610486275,negative,0.11216820135396266
1463300257815699462,negative,0.14720048978223535
1463300258608287744,negative,1.555652546708099e-07
1463300258654560260,negative,0.0012577457151971136
1463300262953635848,negative,0.0070485775463156805
1463300264287518726,negative,0.0038319873378243902
1463300264694362115,negative,1.1213706294965168e-07
1463300265256230915,negative,0.0014810474787382668
1463300271325462529,negative,0.02772356663016979
1463300272038588421,negative,0.00903522621353697
1463300272759918600,negative,0.00013770608098590123
1463300275448471554,positive,0.780308349175659
1463300277340098561,negative,0.00592023577286277
1463300277616857094,negative,0.043068745868525694
1463300278896185345,negative,1.8256442617397144e-07
1463300279856680968,negative,0.020478112694721426
1463300280720707588,negative,0.006269015792742593
1463300282922713092,negative,4.8393666501515636e-05
1463300284080402440,negative,5.010992227892719e-10
1463300285133115393,negative,0.2930202565098248
1463300286018117635,negative,0.02658955995418834
1463300289658867715,negative,0.02658955995418834
1463300289713393669,positive,0.7388145047713406
1463300291181178884,neutral,0.45044353445647284
1463300293068832775,negative,0.1151970915600929
1463300295031730180,neutral,0.5293818771773875
1463300296558456834,negative,0.01918694797324638
1463300297195929606,negative,0.14745776156772492
1463300301658767368,negative,3.57116333794819e-10
1463300304837902343,negative,0.05451268920168887
1463300305085517824,negative,5.652359043938119e-06
1463300306104639494,negative,0.20875982241717492
1463300308197597186,negative,0.0002691126284232284
1463300311502704645,negative,0.23745727786808243
1463300312048017409,negative,0.03693844120959939
1463300313339744256,negative,0.0055503550859546625
1463300314069614600,negative,1.4085122954393492e-07
1463300315801919491,negative,0.0018314190287737817
1463300316670136328,negative,0.002676797355417112
1463300319186718726,neutral,0.3992856768840602
1463300322798059522,negative,0.00107100807503858
1463300323443986434,negative,0.02658955995418834
1463300324777766912,negative,0.12602186438371632
1463300327550197764,negative,0.0030623227570540728
1463300327889723396,negative,0.034956526523328736
1463300330310053891,negative,0.005311969339411365
1463300330616242184,negative,0.001029053378529251
1463300333485105157,neutral,0.43728374938788134
1463300335707967494,negative,9.207804987998646e-05
1463300337062887427,negative,0.012006687054373109
1463300339659120646,negative,3.098507271575008e-06
1463300339671650304,negative,0.014777809666526327
1463300341039046657,negative,1.579568866831305e-07
1463300347838009346,negative,2.3216568633665776e-07
1463300349687746561,positive,0.6833958110773667
1463300355706478596,negative,0.15740789395729915
1463300356234952704,neutral,0.43728374938788134
1463300356880883714,negative,0.007473829610310653
1463300359691010054,negative,1.2229344216966074e-08
1463300360966131717,negative,6.83557285065706e-05
1463300361268211713,negative,0.06448816453390485
1463300368067092480,negative,0.10645929175446103
1463300371066101761,negative,0.3152808933062256
1463300374840979460,negative,5.68525628096385e-05
1463300379500847123,neutral,0.4154165067014596
1463300380855570433,negative,0.00450306370993869
1463300382050955275,negative,0.04795325407484864
1463300383388966922,negative,0.02658955995418834
1463300384236228608,negative,0.02658955995418834
1463300385217683459,negative,0.2429937718899652
1463300386459201541,negative,0.08308888532171467
1463300387872538624,negative,0.0546251231027246
1463300389688815627,negative,0.0006052780962208141
1463300391077093384,negative,0.0005518012485687466
1463300393497210888,negative,1.1213706294965168e-07
1463300393996279809,negative,0.0070485775463156805
1463300395418243074,positive,0.860731338590529
1463300395846021125,negative,8.000852191893025e-09
1463300395963490305,negative,0.32195147969670806
1463300396328304648,negative,0.012843014691117857
1463300398073192450,negative,0.22889454534763876
1463300399591575552,negative,0.00903522621353697
1463300403777490948,neutral,0.6301234559680013
1463300405350174721,negative,1.4043652175171112e-05
1463300407388692481,negative,0.002676797355417112
1463300407778762757,negative,0.02658955995418834
1463300408303132675,negative,0.007702252572909047
1463300409821433858,negative,1.1213706294965168e-07
1463300410148626436,negative,0.02658955995418834
1463300410605768706,negative,8.090562644897277e-07
1463300411176194053,negative,0.002420441635698889
1463300411507494915,neutral,0.36728291019967485
1463300412384108545,negative,3.0828162797082972e-06
1463300413990522882,negative,0.06357050021962195
1463300414011490310,neutral,0.46617315968973133
1463300422026862596,negative,0.03551465779574543
1463300422312075273,positive,0.780308349175659
1463300426212814853,negative,0.002429270686946489
1463300430633398277,negative,0.08674505393910245
1463300436715257860,negative,0.007363034437326738
1463300438787305472,negative,0.0495797703114252
1463300441500835847,positive,0.8783478412756699
1463300443174576128,positive,0.8819040037478941
1463300445275840512,negative,0.0011412831317461412
1463300446987210759,negative,3.672192656105391e-11
1463300448786554888,negative,0.2429937718899652
1463300450850115587,positive,0.7279983256587287
1463300452020273155,neutral,0.45044353445647284
1463300454033629198,negative,0.02658955995418834
1463300455048564740,negative,0.0756839518254062
1463300458580090883,negative,0.0475276940801607
1463300463231750146,positive,0.8378179104569605
1463300463399424000,negative,2.552190344474167e-05
1463300464292753408,negative,0.006620963743388282
1463300465324605448,negative,0.02658955995418834
1463300466461261825,neutral,0.6096106313653924
1463300466570371079,negative,0.02658955995418834
1463300466595577859,negative,1.8612520469313627e-05
1463300469040766982,negative,0.02658955995418834
1463300469191847937,negative,0.27983912263726335
1463300471268032514,positive,0.8540796414707725
1463300473000235016,negative,0.0030623227570540728
1463300474308685824,negative,0.04591430756173149
1463300474942148615,negative,0.0012431988436040523
1463300475055341568,negative,0.005502719785049532
1463300477647478795,negative,0.02658955995418834
1463300477727252480,negative,0.04291559569002833
1463300481678295044,negative,0.0007201667752682961
1463300484719120388,neutral,0.3386229256323078
1463300485532717056,negative,0.005502719785049532
1463300487944765440,negative,0.09104461955119149
1463300497436291076,negative,0.0016770688004497103
1463300497956290561,negative,0.0037782128133325298
1463300498006712320,negative,0.0118912822960296
1463300499608936456,negative,0.00013770608098590123
1463300510870552578,negative,1.296249526821544e-07
1463300511264915456,negative,0.004237625857044079
1463300511558471683,negative,2.971025625050017e-09
1463300512078520321,negative,0.00011167700733481264
1463300514670694402,negative,0.00903522621353697
1463300516360957957,neutral,0.4766795874967358
1463300517619281923,negative,0.009077163120407263
1463300518877577216,negative,0.02658955995418834
1463300519737311240,negative,0.004399040590130849
1463300521926836233,negative,0.3117292366321383
1463300522992181248,negative,5.2594959007628326e-05
1463300524577591297,negative,0.02658955995418834
1463300526217564162,neutral,0.6096106313653924
1463300526414643203,negative,3.80434228549249e-05
1463300526951616517,negative,0.0030623227570540728
1463300533435965442,negative,0.014112776512592797
1463300537676447748,negative,0.014604041450846438
1463300538880212997,negative,1.5371623994130215e-07
1463300539832221698,negative,0.03454408447477141
1463300540885082119,negative,1.8238924436798835e-06
1463300546635386884,negative,0.15402560676932125
1463300551106445313,negative,7.036326248151283e-06
1463300552884989958,negative,0.003523185250518443
1463300554398912513,negative,0.035425017345221396
1463300557314134019,negative,0.016695364809665103
1463300558866071553,negative,0.11247345701551666
1463300567032385542,negative,0.007444561247339721
1463300568353546248,negative,1.1213706294965168e-07
1463300568756232194,negative,0.041798555292070626
1463300571897683973,negative,0.31116592416982436
1463300575228047360,negative,0.02658955995418834
1463300577207619589,negative,0.002429270686946489
1463300578130468872,negative,0.18661651436971938
1463300582073151489,negative,0.2324767734197181
1463300586560962560,negative,0.02658955995418834
1463300589367013380,negative,0.09869216005159809
1463300589518000132,negative,0.10580874742209628
1463300589555793922,negative,0.00903522621353697
1463300589878714374,negative,0.2466388608947403
1463300590885298178,negative,0.03076715498928988
1463300592193966081,negative,2.3216568633665776e-07
1463300593259274245,negative,2.4704639653132588e-05
1463300594349838344,negative,3.1049787278411644e-07
1463300595402653702,neutral,0.46127768308170247
1463300596337975306,negative,0.02658955995418834
1463300599915503619,neutral,0.49789225920557484
1463300601454874624,negative,0.0041180461825093915
1463300602612518912,negative,0.11831637107275612
1463300604793704450,negative,2.566922021199442e-07
1463300608652423173,negative,0.08082632282032505
1463300609109598208,negative,0.02658955995418834
1463300611257024514,negative,0.0030623227570540728
1463300611370205188,negative,0.01682321274554766
1463300615879241731,negative,3.6650991510554483e-07
1463300615883341826,negative,0.00903522621353697
1463300624079073285,negative,0.0029069708222987
1463300628889759746,negative,0.0007365374315980915
1463300629682610176,positive,0.8819040037478941
1463300630378860545,negative,8.145715175251799e-07
1463300637073055746,negative,0.01918754286351105
1463300637949665284,neutral,0.38522068917997826
1463300642219474944,negative,0.19558011933134006
1463300643314094086,negative,0.0004863587099122564
1463300644421488645,negative,0.02658955995418834
1463300649618223115,negative,0.02658955995418834
1463300649773322252,negative,0.0012379010917816734
1463300652126195715,negative,2.0184073785678678e-07
1463300653141442561,negative,0.007260527068293995
1463300654152261634,negative,0.00015250819569897535
1463300656635256837,negative,0.0019907520646071865
1463300658778542080,negative,4.100712685707017e-06
1463300660728938497,negative,0.20919372844749373
1463300662998011909,negative,0.010320231446011024
1463300663287373831,negative,0.0001560158321186027
1463300663383891979,negative,0.1151970915600929
1463300666416324608,negative,0.0013242461368610983
1463300667213324288,negative,0.04471351883832254
1463300667582394370,negative,0.004399040590130849
1463300671214657544,negative,0.0005905183486529052
1463300676339961856,negative,1.1081471372148306e-05
1463300677212557318,negative,0.08580177200518932
1463300677258649600,negative,1.8256442617397144e-07
1463300678147887110,negative,0.0030623227570540728
1463300678705627144,neutral,0.38779732310446585
1463300680232443907,negative,0.08082632282032505
1463300686230265857,negative,0.17899981398055312
1463300689140994049,negative,1.1213706294965168e-07
1463300690818830341,negative,0.03809206419367309
1463300693842927619,neutral,0.49789225920557484
1463300696351072264,negative,0.04474279754206098
1463300699630882821,negative,2.924010270679373e-05
1463300700650233857,negative,0.31732489718339985
1463300705616338955,negative,0.00034438746654670815
1463300708242014212,negative,0.002136652150981326
1463300711983235075,negative,0.0018121461720554716
1463300714600583170,negative,0.1551599219124978
1463300716169023492,neutral,0.46896414786210705
1463300719432413198,negative,0.005502719785049532
1463300721483395076,negative,0.17234327269445374
1463300722787819521,negative,0.00013770608098590123
1463300724289413122,negative,0.003607397907652396
1463300726071902209,negative,4.37631087420433e-05
1463300730199191560,negative,0.12528036521913732
1463300731243483143,negative,0.04567701779860111
1463300732069634048,negative,0.0015865621012791447
1463300732468224006,negative,0.07518889328282001
1463300732980023297,negative,0.13980941623475826
1463300734250803207,neutral,0.34850588770937985
1463300738365505543,negative,0.02658955995418834
1463300738893950981,negative,1.1213706294965168e-07
1463300739925790725,negative,2.0647534116918013e-07
1463300739984461832,negative,0.22632972107087432
1463300740806594561,negative,0.04092381530451308
1463300741016309767,negative,0.0030623227570540728
1463300743478321152,negative,0.0024038712998981633
1463300747999780871,negative,0.00013770608098590123
1463300750126288898,negative,0.041531137253997985
1463300750805712901,negative,0.004399040590130849
1463300752076591105,neutral,0.641611748733659
1463300752114262024,negative,0.23997718363801404
1463300752114335747,negative,0.0030623227570540728
1463300752982654980,negative,0.0030623227570540728
1463300753259433987,negative,0.003961337084762366
1463300754215780356,negative,0.16906141239063066
1463300754861543425,negative,0.28452055376873825
1463300759743832066,negative,4.609568316398201e-05
1463300761513869312,negative,0.04506757283366817
1463300763371945984,negative,0.056133170935480356
1463300769231290379,positive,0.7860190331123189
1463300769919164421,negative,0.03378403855769521
1463300770506416130,negative,1.2229344216966074e-08
1463300772246999048,negative,0.011539126063186736
1463300775866683394,negative,0.17800745689095282
1463300777204670467,negative,0.00013770608098590123
1463300779989733379,negative,0.00010836942680726505
1463300786977484804,negative,0.0009028453492062219
1463300787912773634,negative,0.05247214415980341
1463300789607227394,negative,0.0030623227570540728
1463300790391562246,negative,0.0022035621134823117
1463300790446178305,negative,5.092889274798814e-06
1463300791238901765,negative,0.01224035946486407
1463300798960619525,negative,0.11859520424321282
1463300803330908163,negative,0.06448816453390485
1463300806183202818,negative,0.11420000798047043
1463300809555423235,negative,0.17887516916701357
1463300813846204418,negative,7.73495180427693e-08
1463300814823469060,negative,0.00044900361621224704
1463300815225950212,negative,0.03677011508765653
1463300815679115273,negative,0.02658955995418834
1463300820628353027,negative,1.1213706294965168e-07
1463300823065059337,negative,0.10645929175446103
1463300824239640576,negative,1.1715385373599725e-05
1463300824617132036,negative,0.08540854791374912
1463300824814206985,negative,0.02658955995418834
1463300825913053187,positive,0.8741327956915507
1463300827355963395,negative,0.0008042428618196086
1463300829100662785,negative,0.004907870349139476
1463300830203944969,negative,0.0006201832442131257
1463300830258421764,negative,0.17899981398055312
1463300831307083779,negative,0.1284576245685428
1463300831323688962,negative,1.722068668064954e-05
1463300831571292170,negative,1.1213706294965168e-07
1463300831973937154,negative,0.19558011933134006
1463300841218220042,neutral,0.40185377027347347
1463300846108778500,negative,0.02658955995418834
1463300853540995072,negative,0.0002720771809942045
1463300855042564099,negative,0.07928456770244272
1463300862646706179,negative,0.29990273460721323
1463300867898187776,negative,0.0028060155499377367
1463300870595137540,negative,9.388438362932002e-07
1463300874382553096,negative,0.05800061684573495
1463300876194435078,negative,1.492308896138463e-05
1463300877322702849,negative,0.17899981398055312
1463300879256145925,negative,4.390554710512321e-05
1463300882079100934,negative,0.01069524658621077
1463300883521835008,negative,0.027290888637924088
1463300887779155970,negative,0.001029053378529251
1463300891151257605,neutral,0.5213169106351263
1463300891176411141,positive,0.8320424566372395
1463300892288065536,negative,0.31732489718339985
1463300895911854083,neutral,0.5159359451047008
1463300896922554371,negative,0.0030623227570540728
1463300896926932995,neutral,0.3750780187062348
1463300903067344896,negative,0.005728876214448529
1463300903621038082,negative,0.02859656472288158
1463300907521789953,negative,0.0019337675363215263
1463300908436049924,negative,0.19558011933134006
1463300908847087617,negative,0.00013770608098590123
1463300909031731203,neutral,0.39751759361842637
1463300915700637696,neutral,0.3530158122625465
1463300917210476544,negative,0.08082632282032505
1463300917449605129,negative,0.009608142941678529
1463300917541888010,negative,0.02658955995418834
1463300923116032001,negative,0.00024276452111755218
1463300923761987587,negative,0.06448816453390485
1463300924152049665,negative,2.064316056546733e-05
1463300925741805574,negative,0.0031457470242168607
1463300931232149505,positive,0.7378647444340205
1463300931785789446,negative,0.012466149168162431
1463300932154925059,negative,1.444667213436401e-06
1463300932259794946,negative,1.194037273056481e-06
1463300939318800384,negative,7.674208846129228e-09
1463300943018184707,negative,0.0018117410724442019
1463300943840219136,neutral,0.580099329475082
1463300944423272454,neutral,0.3395530278548278
1463300944767111168,negative,0.32506685266967134
1463300946063249410,negative,0.0030623227570540728
1463300953583595536,negative,1.0165854406710657e-06
1463300954103631877,negative,0.001081456666105685
1463300955596898304,negative,0.00016764774589788286
1463300957064806400,negative,0.0003129262747253665
1463300958813884420,negative,2.558666794928154e-06
1463300963188584454,negative,0.10645929175446103
1463300964006383619,negative,0.008116917003869585
1463300966963372039,negative,0.07067251019463448
1463300972793536513,positive,0.820723044870663
1463300977503752195,negative,2.932315589715102e-06
1463300983417675782,negative,0.06155058885563235
1463300985191862273,negative,9.856775053066993e-12
1463300987381239810,negative,0.002676797355417112
1463300988543008768,negative,0.04795325407484864
1463300988656308224,negative,0.08312743898584807
1463300996084477954,negative,0.001135576429859942
1463300999527817220,negative,0.23613486574487424
1463301002199769093,negative,1.0179073662640333e-08
1463301004485705733,negative,0.19558011933134006
1463301007652184066,negative,7.594108352567552e-05
1463301008440934408,negative,0.0030334862235101277
1463301010546384904,negative,0.000597272576230897
1463301011771117570,positive,0.6709412586142657
1463301011888615426,negative,0.00702950357139366
1463301014061256708,negative,0.11928622069978893
1463301014644211722,negative,0.0006052780962208141
1463301015143284741,negative,0.030397400552516697
1463301015847985155,negative,2.2226189966018976e-05
1463301019627053056,neutral,0.4154165067014596
1463301021204160522,negative,0.19558011933134006
1463301022370217985,negative,0.07411714438284817
1463301023343251469,negative,0.17899981398055312
1463301023712387077,negative,0.08540854791374912
1463301024068907012,negative,0.012497986445618428
1463301025025208332,negative,0.07067251019463448
1463301028300963843,negative,0.08308888532171467
1463301031257722890,negative,0.012843014691117857
1463301034164563968,negative,0.2429937718899652
1463301037901684751,neutral,0.4288969753134805
1463301038178553857,negative,0.2429937718899652
1463301039541661698,negative,0.3138275946179553
1463301041898852356,negative,0.1753378186257927
1463301044490756097,negative,0.0030623227570540728
1463301046424453128,negative,0.1284576245685428
1463301048387481606,negative,0.0551196477826594
1463301049863786499,negative,0.08775080404234661
1463301049884753924,negative,0.027385932891949946
1463301054842523655,negative,0.004399040590130849
1463301069564375040,negative,0.007363034437326738
1463301074102759425,negative,0.22632972107087432
1463301079932694531,negative,0.05309038678057933
1463301086782103553,neutral,0.5123183099448764
1463301093211922434,negative,0.000950594035857027
1463301108634423298,negative,0.05602167103011705
1463301129559756812,negative,0.0030623227570540728
1463301129878441987,negative,0.011816875694611616
1463301135524110336,negative,2.387269700973947e-05
1463301139370229766,negative,4.913901765381507e-05
1463301144588034048,negative,0.0327513758115386
1463301162132725771,negative,8.538150721697074e-06
1463301162870853636,negative,2.189664400736117e-07
1463301172257775621,negative,0.04920390988000239
1463301181573324805,negative,0.20581796682782405
1463301208735723524,negative,5.508000316454738e-07
1463301209117310977,negative,0.007734279342437456
1463301219653455873,negative,0.0063603598065056005
1463301226829918218,neutral,0.49789225920557484
1463301251127513089,negative,0.05059761766119257
1463301265451110401,negative,0.007328729643075558
1463301268580020234,negative,9.538332202864313e-07
1463301277702524929,negative,0.2777618594961151
1463301282534498309,negative,1.022170997009809e-06
1463301296841232385,negative,0.004399040590130849
1463301300377034765,negative,0.10796206004445802
1463301308128055300,negative,0.12482974041364932
1463301313354162186,neutral,0.6096106313653924
1463301317498179593,negative,0.22261740917383604
1463301335135227904,negative,0.04795325407484864
1463301336934539264,positive,0.9905761048019273
1463301336959705090,negative,2.7589171540733808e-08
1463301339002384387,negative,0.0030824638242840903
1463301340499783686,negative,0.011153263782779924
1463301340973650031,negative,0.004399040590130849
1463301344673075201,positive,0.864259662639918
1463301346723917826,negative,0.0030623227570540728
1463301347080613894,negative,0.0647435545075254
1463301355884490753,negative,0.17899981398055312
1463301361756516356,negative,0.042241802141322504
1463301367959896065,neutral,0.4288969753134805
1463301371416006656,negative,0.007412671363941941
1463301377581539329,neutral,0.5472954686443318
1463301380672737285,neutral,0.4288969753134805
1463301380983173120,negative,0.004990637004695711
1463301382694334470,negative,0.31062133515766494
1463301385403965443,negative,0.0030623227570540728
1463301389686390784,negative,0.05694114302368464
1463301390332268549,positive,0.9088832889416977
1463301394971123724,neutral,0.43728374938788134
1463301395658985476,negative,0.22632972107087432
1463301399379267588,neutral,0.49789225920557484
1463301399974871041,negative,0.007473829610310653
1463301404307693571,negative,0.004399040590130849
1463301411194777607,negative,0.043068745868525694
1463301416517316608,neutral,0.3794434373490297
1463301417528090629,negative,0.0327513758115386
1463301420409622531,negative,0.0327513758115386
1463301424796909568,negative,0.004399040590130849
1463301425224630272,negative,0.00702950357139366
1463301435345588228,negative,0.21326118777216738
1463301439401431045,neutral,0.49789225920557484
1463301444979863555,negative,9.456940292729944e-08
1463301447802519552,negative,1.0216498404746102e-05
1463301462386216965,neutral,0.37802369413448833
1463301462570770432,negative,0.014335261269308881
1463301467184451586,negative,0.00702950357139366
1463301470242099203,negative,0.04567701779860111
1463301471315836933,negative,0.019561916187442
1463301475094966273,negative,0.0072120733750392785
1463301481680064518,negative,0.0002944625077190733
1463301485576474627,negative,0.026862158601890902
1463301488151875591,neutral,0.45044353445647284
1463301489292550149,negative,0.0039402307437197154
1463301495462498304,negative,0.007123350770732854
1463301502777413640,negative,7.099404285523689e-09
1463301503020580867,negative,0.0023342936520494373
1463301505717616645,negative,0.004399040590130849
1463301520720637954,negative,0.1966513218550911
1463301530648461322,negative,0.001356362689039249
1463301531999084546,negative,0.03668910353314854
1463301532577894404,negative,0.00012020059326267025
1463301532913324033,negative,0.0003129262747253665
1463301542312775683,negative,0.000597272576230897
1463301544518901760,negative,0.039964136207188514
1463301544930074625,negative,0.10645929175446103
1463301545710297089,negative,0.00592023577286277
1463301550198210568,negative,0.04795325407484864
1463301555915042820,negative,0.0001294955984671922
1463301560889487369,negative,0.0030623227570540728
1463301565209526276,negative,0.0013524465677253843
1463301566849507334,positive,0.8282708731866348
1463301573174464513,positive,0.8946260507187415
1463301574147690501,negative,0.04516195532664031
1463301579046535176,negative,0.17349382925843135
1463301604002697224,positive,0.7702228932149252
1463301614392037377,negative,0.03377967900358429
1463301657920348160,negative,1.4294863564309392e-14
1463301658532888577,negative,0.09753962101869726
1463301661728948230,negative,0.07883838723992055
1463301673426866185,negative,2.6289543566074686e-07
1463301681043673096,negative,0.060149095402049935
1463301681278558209,negative,0.01882977972171839
1463301682280943617,negative,0.0067409275812214675
1463301685531582469,neutral,0.42624647106123953
1463301691189645320,negative,0.02683782718071688
1463301694721302529,positive,0.8009088034204209
1463301696361164802,positive,0.8303188933874074
1463301699863560200,negative,0.04795325407484864
1463301701960536064,negative,0.14745776156772492
1463301705211203588,negative,9.538332202864313e-07
1463301712756760581,positive,0.8303281897569326
1463301714572939267,neutral,0.5139249465111937
1463301715877253120,positive,0.8822560313726374
1463301720797327362,negative,1.5391637667434622e-07
1463301721757732865,negative,2.708655054549945e-07
1463301744713162753,negative,9.538332202864313e-07
1463301746495823874,negative,0.006984615478046711
1463301756159463428,negative,1.146496712586926e-07
1463301756725694464,negative,0.09908557035242747
1463301756797046788,negative,1.3293736362630357e-08
1463301758642442250,negative,0.01776540866133173
1463301763004567553,negative,0.0008149421536871754
1463301763176480771,negative,0.3029968537174699
1463301763839242242,neutral,0.3811308206019505
1463301765634289672,positive,0.9506777883972952
1463301765776822273,positive,0.9506777883972952
1463301765831356420,negative,0.060991155166451455
1463301771611230211,negative,0.0015851709632181022
1463301772894744581,negative,0.017126391454881505
1463301772995272706,positive,0.9506777883972952
1463301773347676161,negative,0.010385539399931715
1463301779815284749,negative,9.538332202864313e-07
1463301780603908097,negative,0.0018432868032266768
1463301781753004032,negative,4.4201529021285827e-07
1463301782889807880,negative,0.008461777253959878
1463301783787294722,negative,2.387269700973947e-05
1463301783988621317,negative,0.0030623227570540728
1463301790703788035,positive,0.6657608719107696
1463301792436002823,negative,9.538332202864313e-07
1463301794541494276,negative,0.010385539399931715
1463301808709906441,negative,0.04795325407484864
1463301809695506432,negative,5.686333864837775e-09
1463301820122501128,positive,0.9506777883972952
1463301826535641092,negative,0.16369968740080443
1463301828527812615,negative,0.20668641262067747
1463301835784130561,negative,0.11922171479879226
1463301836929183744,negative,0.0327513758115386
1463301845519159296,negative,0.020082779471179375
1463301850497757186,negative,0.02800014609007718
1463301854775988226,negative,0.0018121461720554716
1463301863856558081,negative,0.008116917003869585
1463301866020872193,negative,0.0031126632650278962
1463301868105478145,negative,0.22632972107087432
1463301872199077889,negative,0.0005905183486529052
1463301904981798919,negative,0.2536288699758124
1463301909347983362,negative,0.0018608634636835025
1463301931044986880,negative,0.07432755929889998
1463301936376127491,negative,0.00825694102947877
1463301936594264066,negative,0.10645929175446103
1463301936619339780,negative,0.0008651294536559738
1463301936677937160,negative,0.09908557035242747
1463301936795594757,neutral,0.33576595595133274
1463301937944793088,neutral,0.4986480287086785
1463301952981258242,negative,0.002429270686946489
1463301958077407237,negative,0.014447199256051134
1463301961588031489,positive,0.995038350392873
1463301962917629952,negative,0.004399040590130849
1463301966138904581,negative,0.007123350770732854
1463301967325941764,negative,0.0030623227570540728
1463301986485301248,negative,0.043068745868525694
1463301988574236673,negative,0.09974828456690868
1463302001199128577,neutral,0.35509496682161057
1463302010569211914,neutral,0.46759694761861953
1463302011378708482,negative,0.004399040590130849
1463302018706063362,negative,0.008282471747924696
1463302022090956803,negative,0.1971814810893419
1463302022187339777,negative,0.0009028453492062219
1463302029305167880,negative,0.0008651294536559738
1463302034971582464,negative,0.004399040590130849
1463302050607861760,negative,0.25912037679526134
1463302055473209345,negative,0.0039402307437197154
1463302062851211267,negative,0.08149233225415205
1463302067347496963,negative,0.15403461629649853
1463302079523532802,negative,0.10645929175446103
1463302081117401091,negative,0.15402560676932125
1463302097017917445,negative,0.22632972107087432
1463302120371855365,negative,0.00013415872250235555
1463302123844780040,neutral,0.4288969753134805
1463302130572439552,negative,0.0651172739446284
1463302133562892295,negative,0.042185420492423756
1463302135110672390,negative,0.1753378186257927
1463302137123942404,positive,0.9457611611708542
1463302138013102080,negative,0.1256094800993605
1463302138948370433,negative,0.0006688020389995029
1463302139460165636,negative,0.00037655453204677434
1463302151405543426,negative,0.2301917679834784
1463302159093706759,negative,1.568120896344698e-05
1463302159206809605,negative,0.002141179824349871
1463302163292119043,negative,0.1753378186257927
1463302167612248066,negative,2.818302601683202e-09
1463302168463781890,negative,0.22632972107087432
1463302171714375682,negative,0.15740789395729915
1463302173303787522,negative,0.25912037679526134
1463302175073845252,negative,5.762210884110352e-05
1463302175967305731,negative,0.23745727786808243
1463302176265097217,negative,0.22632972107087432
1463302182007152641,positive,0.8378179104569605
1463302189871419393,negative,0.12482974041364932
1463302192056594432,negative,0.0007365374315980915
1463302196485890048,negative,0.10645929175446103
1463302199270903814,negative,1.146003218851208e-06
1463302199954395139,negative,0.03169664933852445
1463302206392868868,negative,0.03169664933852445
1463302211576995843,negative,0.004399040590130849
1463302213959307264,negative,0.2695899710780225
1463302222285099010,negative,5.734314007921742e-05
1463302234637148161,negative,0.0030623227570540728
1463302240320602122,negative,0.08149233225415205
1463302246091968516,negative,1.5372972187074216e-05
1463302251833876484,negative,0.06429961304673486
1463302252123336713,negative,0.0003979914473896848
1463302252194516993,negative,0.25912037679526134
1463302254962827270,negative,0.042242290754211494
1463302255344599040,positive,0.9506777883972952
1463302271203041284,negative,0.0007365374315980915
1463302274432835584,negative,0.0030623227570540728
1463302277758812161,positive,0.9506777883972952
1463302279491198977,negative,0.027769210955265706
1463302280862699522,negative,0.0327513758115386
1463302284008476672,positive,0.8946260507187415
1463302300533932036,negative,0.000597272576230897
1463302310742876163,negative,2.0896843645217648e-05
1463302314127552515,negative,0.21921412548362115
1463302320859623425,negative,0.026862158601890902
1463302324198297605,negative,0.0408782748492975
1463302324663853057,negative,0.0003129262747253665
1463302336928002051,negative,0.08082632282032505
1463302344158982147,negative,0.003237679840476559
1463302345920430080,negative,4.4201529021285827e-07
1463302349510909954,negative,0.09789928535029414
1463302350181969928,negative,1.775391989424826e-08
1463302353642217478,negative,0.03668910353314854
1463302357106708480,negative,0.00582760059341867
1463302371962937346,negative,0.01655022480749108
1463302377142833152,negative,0.000597272576230897
1463302386454339589,negative,1.3763416774622546e-11
1463302397137240070,negative,0.02268711548284814
1463302402488946692,negative,0.0003129262747253665
1463302404561068041,negative,0.08663246403919907
1463302404577775622,negative,1.2121318471409412e-06
1463302406436003840,negative,0.0030623227570540728
1463302425062875137,negative,1.1902899085276593e-07
1463302426094624774,neutral,0.44478732007473537
1463302427847925760,negative,0.0067409275812214675
1463302434445479938,neutral,0.4742964610631184
1463302443677233152,negative,3.5037908543496633e-09
1463302445610721281,neutral,0.41999175627150465
1463302446382563335,negative,0.02658955995418834
1463302451696742404,positive,0.9423864327064387
1463302454708080642,neutral,0.4288969753134805
1463302454783754242,neutral,0.49789225920557484
1463302458655100929,neutral,0.3914648767632201
1463302460349595651,negative,0.06578271203775603
1463302463113551872,negative,2.530351552089927e-11
1463302464929603584,negative,0.004495093838512992
1463302467551072256,negative,0.15547497400497937
1463302469606420485,negative,0.08540854791374912
1463302469992300548,negative,0.004780080038466939
1463302470197727232,negative,0.02658955995418834
1463302472626323460,negative,0.05547907121160956
1463302473536446466,negative,0.02658955995418834
1463302475629408258,negative,8.447234332351758e-05
1463302477726560261,negative,0.08663246403919907
1463302479047761931,negative,0.19558011933134006
1463302482722004997,negative,0.02658955995418834
1463302483313401858,negative,8.538150721697074e-06
1463302483351154688,negative,0.1285450970962495
1463302485683032065,negative,6.109115915913383e-05
1463302487121743872,positive,0.6908592437989588
1463302490326282245,negative,0.050953638374813565
1463302497964019715,negative,0.03894577993825956
1463302498815553536,negative,0.004399040590130849
1463302500245819400,negative,0.19558011933134006
1463302503102099460,negative,1.2002726521676238e-07
1463302506709147650,negative,0.001029053378529251
1463302510739959810,negative,0.02658955995418834
1463302511398432777,negative,0.14015658417418364
1463302514208555013,positive,0.9847083571300569
1463302516242849792,negative,0.2429937718899652
1463302520063811584,negative,0.005963851897709315
1463302523612237824,negative,0.2777618594961151
1463302525294202884,negative,0.008504653747008062
1463302525935927302,negative,0.0067409275812214675
1463302535364628484,negative,0.0028454326927294976
1463302535813472256,negative,0.00044345669942357093
1463302536241238026,negative,0.059913111735177674
1463302539638722567,negative,0.0008131650640981168
1463302539718402048,negative,0.0011868441397211498
1463302544869007369,negative,0.015730947513016777
1463302547188424713,negative,0.021094919326776457
1463302549499531265,negative,1.492308896138463e-05
1463302551214845954,negative,0.0008057356381445223
1463302563076493312,negative,0.19558011933134006
1463302564729008133,neutral,0.4288969753134805
1463302565228077065,negative,0.001319861118702688
1463302566062829574,negative,2.659400300552388e-09
1463302566482165761,negative,0.00952668140516302
1463302568709435399,negative,1.0179073662640333e-08
1463302570278113281,negative,7.73495180427693e-08
1463302570978336772,negative,0.0003884406044926475
1463302572761133056,negative,0.29137236103680736
1463302578662486023,negative,0.16983820541396905
1463302581585915910,negative,4.267118633596431e-09
1463302581610942467,neutral,0.44797493063680677
1463302584417009665,negative,0.0026887723051061047
1463302586908516363,negative,0.0033642603493570177
1463302588561072129,negative,0.0036393398907426638
1463302592453353472,negative,0.2794705364345209
1463302592906371077,negative,0.15457100773273877
1463302594441490434,negative,0.09275151500186918
1463302595271790596,positive,0.7185301571685706
1463302595452223499,negative,0.00016062164787951748
1463302595808841737,positive,0.8819040037478941
1463302600166719490,negative,0.006495168962654844
1463302600330256387,negative,2.1730657105303418e-05
1463302601143988226,negative,0.31868616282184614
1463302611046522881,negative,0.2852129432323468
1463302611722031115,negative,0.1257787861851118
1463302613236166661,negative,0.19134857781002879
1463302613718425600,negative,0.02658955995418834
1463302614351761412,negative,0.017044284032146244
1463302617581379589,negative,0.027135061664504134
1463302620907507722,negative,0.19558011933134006
1463302621016567817,negative,1.3115205891923054e-05
1463302624250408965,negative,0.12420921061527081
1463302625139601411,negative,0.0005518012485687466
1463302628788604930,neutral,0.38522068917997826
1463302629400924162,negative,0.19558011933134006
1463302630705352704,negative,0.0408782748492975
1463302632076947459,negative,0.3154568538137129
1463302633872105475,negative,0.18876711304917526
1463302634195099650,neutral,0.40779168924779574
1463302635860209667,neutral,0.4194365077240639
1463302636246081542,negative,0.0015182360202071598
1463302639408619530,negative,0.017793004432746947
1463302643716087808,negative,4.847509949547977e-05
1463302654608695299,negative,0.19558011933134006
1463302657611902982,negative,0.08580177200518932
1463302657863467011,negative,0.10580874742209628
1463302659595718658,negative,0.19558011933134006
1463302663454425093,negative,0.0022774988007637923
1463302669632688130,positive,0.8533259037914305
1463302669943062533,negative,0.004549999218079163
1463302672803672074,neutral,0.4894886660404289
1463302673999044610,negative,0.2251399400479514
1463302676251385859,neutral,0.48524604127356386
1463302676431753216,negative,0.02658955995418834
1463302681041199120,negative,0.19558011933134006
1463302682605764614,negative,0.04601305303704684
1463302686632079361,negative,0.034557619070515314
1463302689689845762,negative,0.15580159445256891
1463302690327257094,negative,7.73495180427693e-08
1463302690709151748,negative,0.02859656472288158
1463302691896102921,negative,0.02658955995418834
1463302696270655491,negative,0.19877430183241887
1463302696530690048,negative,0.0016689659804713668
1463302696899907586,negative,2.8676716409638356e-07
1463302699403911180,negative,0.0030623227570540728
1463302699462635520,negative,1.568120896344698e-05
1463302704655224836,negative,0.026664785802815158
1463302707909775360,neutral,0.34284451532312576
1463302708828545033,neutral,0.3996580091506196
1463302709432487944,negative,0.005847823482901757
1463302709528903682,negative,0.0002175775975664811
1463302716113960960,negative,0.25305706303899383
1463302717812752392,neutral,0.6096106313653924
1463302717963522051,negative,0.0038186615258698083
1463302720794902532,negative,0.0003052556030340994
1463302724100009986,negative,0.0004079136098381077
1463302724284559360,negative,0.2429937718899652
1463302724498468869,negative,0.04795325407484864
1463302725249253382,negative,9.975509723818472e-06
1463302728646643717,negative,0.09054092785041608
1463302729997197313,negative,1.6626803270778715e-09
1463302730865336321,neutral,0.656247831035987
1463302733306335238,negative,0.10391650645631698
1463302736129282054,negative,0.005013110601729073
1463302736645029898,negative,0.00013770608098590123
1463302736791977990,negative,0.19558011933134006
1463302740914806785,positive,0.782429480926014
1463302741791584258,negative,0.0018608634636835025
1463302743544803331,negative,0.0020692506600825046
1463302743846703109,negative,0.13414602710328483
1463302747680292865,negative,0.17431455384918368
1463302747965599752,negative,0.0005518012485687466
1463302751392342016,negative,0.02882520350099153
1463302752323444742,negative,0.020908061755266272
1463302752986189825,negative,0.20752834785223517
1463302754122797059,neutral,0.44331463391495435
1463302754592563200,negative,0.001319861118702688
1463302755720830976,negative,0.0002810894159424652
1463302757624991747,neutral,0.6096106313653924
1463302759944437767,positive,0.7346075524977278
1463302761529982976,negative,0.31732489718339985
1463302763887087621,neutral,0.3581181091261496
1463302764222685185,negative,0.02658955995418834
1463302767523549195,negative,3.308181294457792e-06
1463302770841161731,negative,0.11927790619008807
1463302774813343757,negative,0.013924610556450938
1463302775614361608,neutral,0.49664998727825227
1463302776012918790,negative,0.001688147625841107
1463302777258614789,negative,0.05547907121160956
1463302778403659777,negative,1.7991101549176815e-06
1463302781683519494,neutral,0.430933091246722
1463302782346215425,negative,0.00903522621353697
1463302786536333314,neutral,0.41254879181932985
1463302787631136772,negative,0.016695364809665103
1463302791355670528,negative,0.00013898967064553296
1463302791691223043,negative,0.026664785802815158
1463302795793158151,negative,0.0028060155499377367
1463302797177151489,neutral,0.4362144465390862
1463302800230789123,negative,0.0005174035146679751
1463302800402788355,positive,0.9891744632931644
1463302800713080834,negative,0.11420000798047043
1463302802319491073,negative,0.01162446068196281
1463302803552669697,negative,0.0004914064911857691
1463302803900833792,negative,0.0895708080795628
1463302806056620032,negative,0.10672016404551124
1463302807675670530,negative,0.09678829831214049
1463302809189859332,negative,0.0030623227570540728
1463302811802914820,negative,0.014604041450846438
1463302812398403589,negative,0.08082632282032505
1463302818362802195,neutral,0.40779168924779574
1463302818752876548,negative,0.01728616852167881
1463302819029692417,negative,0.00013770608098590123
1463302819478446080,positive,0.7346075524977278
1463302819537203204,negative,0.043439834865125544
1463302821802094599,negative,0.13149738578474254
1463302824356425731,negative,0.0008161178897860112
1463302825954447363,negative,0.2035841507685141
1463302826105323523,negative,4.694190061428124e-05
1463302826734473216,negative,0.29137236103680736
1463302834347253761,neutral,0.49789225920557484
1463302835672649732,negative,0.024588373762292354
1463302839246204938,positive,0.9986908875715413
1463302842551308291,negative,0.0030503940057370633
1463302844711329792,neutral,0.6410460780987441
1463302844992434178,negative,0.20875982241717492
1463302846934360064,neutral,0.4408413653989996
1463302850646351881,negative,0.012843014691117857
1463302852110073864,negative,0.03551465779574543
1463302853800382464,negative,0.000383359023553218
1463302855553605642,negative,4.045335347341608e-06
1463302862251954177,negative,0.0031973692599545594
1463302863375912961,neutral,0.39013918382695933
1463302863787110400,negative,6.560211294352927e-06
1463302864693084160,neutral,0.40973744955012015
1463302866622464007,negative,4.270427744655729e-05
1463302867880747013,negative,0.047314759272253655
1463302868891586568,negative,9.272619089719584e-05
1463302871219269635,negative,0.07391072053691307
1463302874591494146,negative,1.2338501150777262e-05
1463302876005113856,negative,0.18547634800563448
1463302878039195648,negative,0.0018546395898293424
1463302882850217989,negative,5.416123396006388e-05
1463302892782342150,negative,0.011455062785567552
1463302894225141760,negative,0.00903522621353697
1463302899841187842,negative,0.0030623227570540728
1463302900495626246,negative,0.02658955995418834
1463302902781341697,negative,0.014418025685816988
1463302903171629059,negative,0.04567701779860111
1463302903200948226,negative,1.1213706294965168e-07
1463302903851106304,negative,0.11682160872386131
1463302908770934784,negative,0.0008042428618196086
1463302912462008330,negative,0.02859656472288158
1463302912952745989,negative,0.01224567771749932
1463302913829351425,negative,0.12730600071513168
1463302915133779976,positive,0.7535557571552459
1463302917327310856,negative,1.2425857401458386e-07
1463302917457203201,negative,0.007558653327379945
1463302923128119303,negative,0.022213826976516738
1463302923211923462,negative,0.06448816453390485
1463302924365303809,negative,0.07651095847878499
1463302926579998720,negative,0.060149095402049935
1463302927599210500,neutral,0.3361436221714429
1463302927964160006,negative,0.02859656472288158
1463302928194838534,neutral,0.48728019602140255
1463302928932818950,negative,0.0033337072900924583
1463302932867305473,negative,0.2643510942907549
1463302935719424001,negative,1.401385465931467e-09
1463302940102467590,negative,0.02658955995418834
1463302944795807745,negative,0.0030623227570540728
1463302944846016512,negative,0.0002474672931190999
1463302947954167809,negative,0.002420441635698889
1463302948444852227,neutral,0.5620296796298975
1463302949610962951,negative,0.14015658417418364
1463302951888465923,negative,0.001604653332163982
1463302956736995334,negative,0.010995562603728581
1463302958083452929,negative,0.02658955995418834
1463302958515380236,negative,0.11659760746005766
1463302958641209348,negative,0.11511596006644809
1463302962592288779,negative,0.001344486659354852
1463302966031654923,negative,2.189664400736117e-07
1463302966530686981,negative,0.03188264799515174
1463302967428325376,neutral,0.38979236962796704
1463302969533730817,negative,0.02535137932623955
1463302969890381825,negative,2.731100206600549e-08
1463302976324386822,negative,0.0015608590860355844
1463302979528835077,negative,0.10672016404551124
1463302981441384448,negative,0.060991155166451455
1463302981982457857,negative,0.012843014691117857
1463302985782632450,neutral,0.4502892146510126
1463302986046664710,negative,0.004369087738083178
1463302986936037378,negative,2.882875228041951e-09
1463302989163159563,neutral,0.3479730806233232
1463302989960159234,negative,2.3875570580743323e-06
1463302990933200900,negative,1.1213706294965168e-07
1463302993248456708,negative,0.0008149421536871754
1463302995861463042,negative,0.02658955995418834
1463302998503870467,negative,0.0014810474787382668
1463303001251086338,negative,0.25912037679526134
1463303003180576780,negative,0.009865776881796002
1463303007362297860,negative,8.090562644897277e-07
1463303008410865665,negative,0.005024292195761752
1463303009161691144,negative,0.02658955995418834
1463303011145601025,negative,0.06155058885563235
1463303014006067216,negative,0.0011868441397211498
1463303014182277129,negative,0.02658955995418834
1463303016828874752,negative,0.0030623227570540728
1463303018070351872,negative,0.263759455117286
1463303018229551109,negative,0.0007365374315980915
1463303018565230592,neutral,0.3794434373490297
1463303020758896642,negative,4.761401899768555e-10
1463303022411452419,negative,0.016695364809665103
1463303025569808384,negative,0.02658955995418834
1463303026685452288,negative,0.22632972107087432
1463303035216707585,negative,2.994812109760369e-09
1463303037779337223,negative,0.02658955995418834
1463303041436856321,negative,0.03401257956675762
1463303041919168512,negative,0.02658955995418834
1463303042111971329,negative,0.31116592416982436
1463303043160711171,negative,4.3857889906753746e-05
1463303046058975237,negative,0.02658955995418834
1463303046998413313,negative,0.0327513758115386
1463303054992707585,negative,0.00010848313026810815
1463303063213588480,negative,1.5742811656738296e-09
1463303063821766660,negative,0.09901969227492496
1463303068653662212,negative,0.1935784923964529
1463303070394298370,negative,0.02658955995418834
1463303071015055363,negative,4.941074134953603e-07
1463303074676621313,negative,6.669544235894545e-07
1463303076010364930,negative,0.00614479942940754
1463303076266135554,negative,0.004495093838512992
1463303077579026433,negative,0.00570940969598095
1463303078636105734,negative,1.1213706294965168e-07
1463303078745198595,neutral,0.48075832968691007
1463303081022656513,negative,0.002676797355417112
1463303081072861188,negative,5.1811643143387406e-05
1463303083212120069,negative,0.001029053378529251
1463303091554377732,negative,4.889620994647793e-05
1463303093903372290,negative,0.0030623227570540728
1463303094754844676,negative,0.0005045112790287377
1463303095107174403,negative,0.02658955995418834
1463303095438372867,negative,1.1213706294965168e-07
1463303096055087110,negative,0.001704660581046082
1463303098667966474,negative,0.0018054049248096202
1463303098739269633,negative,0.010275233034900301
1463303098810568709,negative,0.0010905670960385566
1463303101453062158,negative,0.014622675826167693
1463303102384295940,negative,0.21796819519614938
1463303104053530624,negative,0.029968629443931402
1463303106838642695,negative,1.146496712586926e-07
1463303106876297218,negative,2.3216568633665776e-07
1463303110378627077,negative,0.2794653930830212
1463303111339040769,negative,0.012018687824252824
1463303112991686661,negative,0.0014810474787382668
1463303113130004485,negative,0.002279070760209887
1463303114874769410,negative,0.007363034437326738
1463303114916876289,neutral,0.49789225920557484
1463303115260801024,negative,0.007389000643559646
1463303116774785026,neutral,0.514448166725588
1463303117060063235,negative,0.07810858638422162
1463303120067440641,negative,0.02339093727866527
1463303120717418498,negative,0.0007143635984860889
1463303123728928776,negative,0.11061857957539915
1463303124760907780,negative,0.03197830106116871
1463303127432458240,positive,0.8349477285155233
1463303129252909060,negative,0.0030623227570540728
1463303130406432773,neutral,0.5649303135382986
1463303131748470786,negative,0.08540854791374912
1463303132667076611,negative,0.0240387709483836
1463303134281965574,negative,6.277623368372141e-07
1463303134319628292,negative,0.21944138348848652
1463303135343087616,neutral,0.448413977656521
1463303135800311811,negative,0.11154443292387338
1463303137591234564,negative,0.29137236103680736
1463303138342055936,neutral,0.43728374938788134
1463303141873664001,negative,1.985245033363745e-09
1463303143777783814,neutral,0.43728374938788134
1463303146365767682,negative,0.10122325012563538
1463303148240609284,negative,0.027409004353111072
1463303148504768514,negative,4.510315798341755e-05
1463303151709147138,negative,0.000677892583606118
1463303153936482304,negative,7.028888565703857e-08
1463303154850844672,negative,0.02714948500213549
1463303155043688454,negative,0.02658955995418834
1463303155953852418,neutral,0.3479730806233232
1463303157191262211,negative,0.00013770608098590123
1463303157983891459,negative,0.0475276940801607
1463303158382436353,negative,0.00021259706446857606
1463303159539851265,negative,0.2621061704691275
1463303161750462472,negative,5.2594959007628326e-05
1463303162002124810,negative,0.00020244460124667997
1463303164694863873,negative,0.027769210955265706
1463303166716489729,negative,0.0005518012485687466
1463303166884155393,negative,0.0824422249789289
1463303170277400576,negative,1.935823931409033e-07
1463303173171417096,negative,0.07376235795688527
1463303173314068482,negative,0.0014810474787382668
1463303176736620544,negative,0.0030623227570540728
1463303177877524484,negative,0.035121503846933286
1463303183728529410,negative,0.0030623227570540728
1463303186110894080,neutral,0.4154165067014596
1463303186567942147,negative,0.0005045112790287377
1463303187490689026,negative,6.886523002281983e-06
1463303188057108482,negative,0.09678829831214049
1463303188371718148,negative,0.002279070760209887
1463303193287352324,negative,3.343889301923454e-10
1463303193660739588,negative,0.01477377033184893
1463303196185710596,negative,0.062403371835180944
1463303196370161673,negative,0.29752088227761003
1463303197850845190,negative,0.0011164501876246638
1463303198001840136,negative,0.252900346474942
1463303199050375168,negative,0.0006031502101588862
1463303199469809668,negative,0.0004246432009247219
1463303205106765826,negative,0.15022619649545083
1463303205899706370,negative,0.001029053378529251
1463303215697563648,negative,0.007123350770732854
1463303216360300544,negative,4.104101884183814e-05
1463303221485576194,negative,0.22182321002129796
1463303224191066119,negative,0.1921057466473415
1463303225965268994,negative,0.3117292366321383
1463303226418155522,negative,0.00903522621353697
1463303226644705287,negative,0.0005518012485687466
1463303228838367237,neutral,0.5266528855358278
1463303234802487297,negative,0.04471351883832254
1463303235314331652,negative,0.016695364809665103
1463303235498872835,negative,0.05535815802665924
1463303238313254915,negative,0.0005518012485687466
1463303238372007942,negative,0.0030623227570540728
1463303241081540610,neutral,0.46318326475361027
1463303243535114240,negative,0.0013492121310023704
1463303253790277634,negative,0.19558011933134006
1463303255493120004,negative,0.20489565589140643
1463303257439285250,negative,0.09790667895495495
1463303257955225602,negative,0.19558011933134006
1463303258211037188,negative,0.20649187646810482
1463303262048862213,negative,0.04471351883832254
1463303263923679236,negative,0.08168108077144252
1463303266670985223,negative,0.0005905183486529052
1463303266956152833,neutral,0.46127768308170247
1463303267669229568,negative,0.20875982241717492
1463303273885188102,negative,0.02658955995418834
1463303276787552262,negative,0.11723061619301281
1463303280923140101,negative,0.0011164501876246638
1463303281426509826,negative,0.0039986416049338
1463303284106481667,negative,0.00013770608098590123
1463303285012639746,negative,0.0016689659804713668
1463303287600562180,positive,0.842418073105401
1463303288003178496,negative,0.0020692506600825046
1463303291442536457,negative,8.562458855000201e-05
1463303294856704005,neutral,0.5315025225330297
1463303298275061765,negative,2.6738985903575816e-07
1463303298585407488,negative,0.0033255870361343096
1463303298824474630,negative,0.06155058885563235
1463303299566874627,negative,0.0009822043740544937
1463303299910807552,negative,2.678862268934447e-06
1463303300938407938,neutral,0.3930831734272688
1463303301517090821,negative,0.011153263782779924
1463303301575819268,negative,0.0005572041840280953
1463303304021225475,negative,0.1445234540757454
1463303309855539206,negative,0.0020692506600825046
1463303311264735233,negative,0.005502719785049532
1463303312934113292,negative,0.02658955995418834
1463303314611879942,negative,0.00017226714932264944
1463303315199078400,negative,8.000852191893025e-09
1463303323600273409,negative,0.0067409275812214675
1463303327593074692,negative,0.018020298180547307
1463303329484877830,neutral,0.49789225920557484
1463303329652477952,negative,0.0005905183486529052
1463303331376349185,negative,0.00013770608098590123
1463303331884019712,negative,5.2034276386585355e-05
1463303332156813312,negative,0.04856306319897668
1463303332693360641,negative,0.16728815022150811
1463303334400569345,negative,0.0018608634636835025
1463303335969058821,negative,0.08082632282032505
1463303339320377346,negative,0.037502854367503446
1463303340171870212,negative,0.00022154060689129974
1463303342961180679,negative,0.01691488909977083
1463303346899542024,negative,0.049258932795647296
1463303347113504770,negative,0.0378723166354036
1463303354923245568,negative,0.19558011933134006
1463303358895337475,neutral,0.43728374938788134
1463303359436406785,negative,7.485045217983182e-05
1463303362686894081,negative,5.232488124614051e-07
1463303366600269824,negative,0.030327374846132005
1463303368525422592,negative,0.1321158951333528
1463303368630226946,negative,0.007432417665061783
1463303369393688589,negative,0.1070009225837391
1463303378960887817,negative,0.13763215140449722
1463303380038606859,positive,0.7025006424525155
1463303384887353352,negative,0.02658955995418834
1463303390021177345,positive,0.820723044870663
1463303391053062146,negative,0.20875982241717492
1463303392202268672,negative,0.24367028847314426
1463303392214851587,negative,2.5896016890604994e-05
1463303393116577796,negative,0.29137236103680736
1463303395817709569,negative,0.08082632282032505
1463303398573449221,negative,0.010385539399931715
1463303401031319560,negative,0.13670407543792445
1463303401115160578,negative,0.020759974277790645
1463303401899540484,negative,8.256478083126087e-08
1463303402373459976,negative,0.0005572041840280953
1463303402570584067,negative,0.1285450970962495
1463303405900763137,negative,0.08367256870002521
1463303406622326787,negative,0.002279070760209887
1463303407121453063,negative,1.1213706294965168e-07
1463303408929189888,negative,7.564673504240744e-11
1463303411814866949,negative,0.02658955995418834
1463303414008459270,negative,0.20068587835819923
1463303419561709571,negative,0.000109639861472842
1463303420547190791,negative,0.06155058885563235
1463303422111883268,negative,0.004399040590130849
1463303426461294597,negative,0.02658955995418834
1463303429405687810,negative,0.064704156116473
1463303429464502278,negative,0.0036393398907426638
1463303432446566405,negative,0.02658955995418834
1463303436309573637,negative,0.04795325407484864
1463303440499679235,negative,0.00903522621353697
1463303452101128195,neutral,0.44861182826839036
1463303453057462275,negative,0.0008042428618196086
1463303461844312072,negative,2.9804153133692723e-10
1463303465480998914,neutral,0.5177136197011187
1463303466424668161,negative,0.03682568953525539
1463303466621681665,negative,0.013172050694705293
1463303467125063682,neutral,0.3357032798505835
1463303467523461127,negative,0.002429270686946489
1463303468077260806,negative,0.03998474720326836
1463303468794458120,negative,1.1081471372148306e-05
1463303472191873024,negative,0.21684341882287117
1463303472351170568,negative,0.08540854791374912
1463303476113510409,negative,0.001356362689039249
1463303480173637639,negative,0.316469533656467
1463303481595510787,negative,4.532716607490025e-05
1463303483327713282,neutral,0.49789225920557484
1463303483403255814,negative,0.10264678257537026
1463303484661399554,neutral,0.3481683049745199
1463303485462663176,negative,0.05992712753882281
1463303486347612165,negative,0.0021811673451901064
1463303487412969477,negative,0.10672016404551124
1463303488985829377,negative,9.258698745819396e-05
1463303489342300173,negative,7.588293905154809e-06
1463303489866641409,negative,5.416123396006388e-05
1463303490617368582,negative,0.31939114136953217
1463303492945252360,negative,0.06155058885563235
1463303494194974721,negative,0.031832610036971846
1463303498460803075,positive,0.9613270605379927
1463303502176808963,negative,0.03821001910996545
1463303502441103360,negative,1.456769235399682e-05
1463303505201053706,negative,0.1486186274279685
1463303507021164544,negative,0.00013770608098590123
1463303508111892484,negative,0.0011164501876246638
1463303512595517444,negative,0.08082632282032505
1463303514357211142,negative,0.2429937718899652
1463303516894732295,negative,6.008647857190373e-09
1463303519528706049,negative,0.0030623227570540728
1463303522582024196,negative,2.9351667192785654e-11
1463303524356349953,negative,0.02592772682293797
1463303524545183749,positive,0.8819040037478941
1463303526294167552,negative,0.00903522621353697
1463303529184083970,negative,0.15402560676932125
1463303530580688900,negative,1.8256442617397144e-07
1463303533193801738,negative,6.151562965107002e-06
1463303536909893636,negative,0.0011164501876246638
1463303538193305608,negative,0.00019520975517819042
1463303539950854145,negative,0.004701197553366562
1463303540307279879,negative,0.0437006239141134
1463303540563193861,negative,0.011026019301664212
1463303541586632709,neutral,0.3479730806233232
1463303542048018441,negative,1.6884213827221962e-06
1463303546238078979,negative,0.07458367775372127
1463303546577702916,negative,0.030936608792424134
1463303547987152896,negative,0.0005038190122773105
1463303551476592643,negative,0.0023087028226866854
1463303552131031049,negative,0.010385539399931715
1463303555121516549,negative,0.23078726894413143
1463303555343912961,neutral,0.4557787948901942
1463303558531534856,negative,0.12975759314538013
1463303563220856832,neutral,0.4432179358843262
1463303564818882566,negative,0.02658955995418834
1463303565791928320,negative,0.001029053378529251
1463303567733891087,negative,0.001504293517775808
1463303570942537734,negative,0.00029913222644505327
1463303572401971208,negative,0.0348387062844971
1463303574809624584,neutral,0.3479730806233232
1463303575921115136,negative,0.09608531184669403
1463303577108103170,negative,0.0030623227570540728
1463303578215489542,positive,0.999319380281584
1463303578483888131,negative,0.008903881089742159
1463303581025583104,negative,0.0007149848234875813
1463303582636257283,neutral,0.48075832968691007
1463303585123479555,positive,0.9938091492066018
1463303585932873733,negative,0.044837769079392735
1463303586415353856,negative,0.00702950357139366
1463303589695209474,negative,0.011854536417668598
1463303590995501057,neutral,0.5934477286743731
1463303591305830403,positive,0.9736258370007795
1463303591557574662,negative,0.004399040590130849
1463303591830118401,negative,0.0029635012969353807
1463303592295776267,negative,0.01114384438138314
1463303595282116616,negative,0.0327513758115386
1463303598423658499,negative,0.008504653747008062
1463303598473809925,negative,0.252900346474942
1463303601959415811,negative,0.11379771586896333
1463303612411482116,negative,0.0037243159108720446
1463303614013784071,negative,0.0002177058513132492
1463303616345751552,positive,0.820723044870663
1463303617142837251,negative,0.004338760772714552
1463303617352454152,negative,0.005502719785049532
1463303618711494659,negative,0.02658955995418834
1463303618740715531,negative,0.23568651887278078
1463303619902676994,neutral,0.5934477286743731
1463303621223890947,negative,0.17870657538336748
1463303621966245889,negative,0.005426091745102453
1463303622423289863,neutral,0.3353500257179539
1463303622935003139,negative,0.00013770608098590123
1463303623853723649,neutral,0.5934477286743731
1463303623857876992,negative,0.08663246403919907
1463303626638639110,negative,0.0013659703980041348
1463303629763493888,negative,0.014777809666526327
1463303632141565952,negative,0.2429937718899652
1463303634620461056,negative,0.003980300104172223
1463303635606122498,positive,0.8819040037478941
1463303636226908162,negative,1.4786794495768761e-18
1463303637556420609,negative,0.00903522621353697
1463303638147866629,negative,0.0004725202578235887
1463303641029349380,negative,0.05100428413895212
1463303641473949704,negative,1.1213706294965168e-07
1463303642358837252,negative,0.01954047863640844
1463303643982176256,negative,0.2217251470047104
1463303651162738690,negative,2.8908926457490835e-07
1463303651984879631,negative,0.058676162376204676
1463303655281598466,positive,0.9207312126678582
1463303655684288513,negative,0.002162382144018151
1463303656216879105,negative,0.0005518012485687466
1463303661296230401,negative,0.00010994584908569415
1463303661900214273,negative,0.0006272710745138721
1463303663389192193,negative,1.3401870850789843e-07
1463303664118992897,negative,0.0014810474787382668
1463303666295709697,negative,0.1787747816595334
1463303670792167425,negative,0.13786769455235431
1463303673031835652,negative,0.0022191853953099252
1463303678442582020,negative,0.04795325407484864
1463303680392777729,negative,4.399794683741098e-05
1463303680552275977,negative,0.2882074105737029
1463303680745160706,negative,0.0030623227570540728
1463303681105928198,neutral,0.48305279832018444
1463303681609191426,negative,0.00018443508225434436
1463303682162888709,positive,0.8819040037478941
1463303686206152704,negative,0.0030623227570540728
1463303687783264258,negative,1.1213706294965168e-07
1463303696561758216,negative,0.0713524784975918
1463303698738782214,negative,0.023957815589342193
1463303700210929664,negative,0.00013770608098590123
1463303700605292549,positive,0.9613270605379927
1463303701448200193,negative,0.00897799341690811
1463303703629238283,negative,0.061574034081143945
1463303711413968903,negative,8.514307392207986e-07
1463303715855630336,negative,4.399794683741098e-05
1463303717915185154,neutral,0.430933091246722
1463303718829441026,negative,0.001319861118702688
1463303722491158531,neutral,0.5734576952979002
1463303727901667329,negative,0.0028060155499377367
1463303732414746624,negative,0.3233342334127323
1463303736361693192,positive,0.9458594578317737
1463303736625795072,negative,0.07714870086063494
1463303741378019331,negative,0.20875982241717492
1463303743454298114,negative,0.0004079136098381077
1463303743718543365,negative,0.0004417186610807212
1463303744376954881,neutral,0.48075832968691007
1463303747573104651,negative,0.0005572041840280953
1463303753055059971,negative,0.00027099358309550816
1463303754237763588,negative,0.0009240163451225089
1463303754808242182,negative,0.03529442297102999
1463303756557266950,negative,0.01397155890459274
1463303760361365505,negative,1.1213706294965168e-07
1463303763406557189,negative,0.0011164501876246638
1463303765038092301,negative,0.02658955995418834
1463303772592287744,neutral,0.3361436221714429
1463303773108019201,negative,0.0007270219656568829
1463303773460348928,negative,0.15430994903446593
1463303774827692042,negative,0.018020298180547307
1463303774857052164,neutral,0.43728374938788134
1463303776257908748,negative,0.11154443292387338
1463303777256095745,negative,0.011471329903153922
1463303778942144512,negative,0.2905721236705673
1463303780544528390,negative,0.0004914064911857691
1463303784009015302,negative,0.00013770608098590123
1463303785162420228,negative,0.0011164501876246638
1463303785946796040,neutral,0.49789225920557484
1463303791286099969,negative,0.03551465779574543
1463303791474839552,negative,0.17105948812986532
1463303796164112385,negative,0.1670037409131318
1463303797351100418,negative,0.3063483689860094
1463303800295510018,neutral,0.3479730806233232
1463303801968996359,negative,7.342020884532794e-07
1463303802556141584,negative,0.020478112694721426
1463303804690976771,positive,0.9506777883972952
1463303805773266945,negative,6.33010690838581e-05
1463303806452703235,negative,0.06944754440319945
1463303807635533831,neutral,0.38522068917997826
1463303810143641600,negative,0.0024346776533172277
1463303813876572163,negative,0.3229918354427886
1463303814195433473,negative,8.090562644897277e-07
1463303816221282309,negative,0.2125268700661954
1463303816762245124,negative,3.2333981143223845e-11
1463303817169195019,negative,0.15022619649545083
1463303817785749505,negative,2.5635638476750688e-05
1463303818439843842,negative,0.11672087027395815
1463303819937337345,negative,0.008921341351856427
1463303821988401154,negative,7.565300426743601e-10
1463303827684216832,neutral,0.34296697874780413
1463303827688407044,negative,0.02658955995418834
1463303828888076293,negative,1.264153101366681e-09
1463303829026484229,negative,0.24995389810902635
1463303829831700480,positive,0.8378179104569605
1463303830540541956,neutral,0.46127768308170247
1463303833522778120,negative,0.00013770608098590123
1463303836848689152,negative,0.0003129262747253665
1463303838790828032,negative,0.02658955995418834
1463303839990181890,negative,0.00013770608098590123
1463303841844064262,negative,0.08751931245812719
1463303842821464075,negative,0.22228390076624732
1463303844931280896,negative,0.00012794990391474972
1463303845329702919,negative,0.0025724677290810947
1463303846730641409,negative,0.003384846781704748
1463303848747929601,negative,8.068582494878614e-05
1463303850148913153,negative,0.2684055847559323
1463303850534707201,negative,1.0768244984851457e-08
1463303853437337602,negative,2.1491754614489367e-06
1463303853462343681,negative,0.0010289819352235668
1463303853667930120,negative,0.0036606980727515548
1463303853953073153,negative,0.014320203495461887
1463303854049701893,negative,0.1647741294928371
1463303854137782273,positive,0.8591112190841836
1463303854255083521,negative,0.04741556642664066
1463303854334873600,negative,0.029743102508380585
1463303854376644610,negative,0.0006103921580469729
1463303854456549376,negative,0.0011472347090740746
1463303854469136386,negative,0.2598848200836928
1463303854481575938,positive,0.9019054496231507
1463303855546900480,negative,0.017281734122399514
1463303855689588736,negative,0.0069020290460999265
1463303858403352578,negative,0.0011164501876246638
1463303858986311680,positive,0.8946260507187415
1463303862178172937,negative,0.0032273036188326704
1463303864673841155,negative,9.593794688778136e-06
1463303865026109444,negative,0.0004736023476877997
1463303866263375873,negative,0.013622198892636429
1463303868893171716,negative,0.000597272576230897
1463303868981420044,negative,0.19558011933134006
1463303869107253251,negative,0.06521818598097208
1463303871627939848,negative,0.000597272576230897
1463303871661498379,negative,7.687669757077251e-05
1463303871833460736,negative,0.062403371835180944
1463303883116228612,negative,1.2229344216966074e-08
1463303888854003715,negative,0.001174574459773395
1463303889168572423,negative,0.00689903503320655
1463303891328679941,negative,0.0002770805544956972
1463303891865456646,negative,0.0003129262747253665
1463303894499536901,negative,0.3135564565330693
1463303894793011201,negative,0.00011851950677303641
1463303896236011529,negative,0.00018238422307764743
1463303896437170176,neutral,0.4079626110913617
1463303896563130369,negative,0.04471607360570968
1463303896739237890,neutral,0.5221618160082983
1463303898685452288,negative,0.02658955995418834
1463303899696222209,negative,0.3135564565330693
1463303901655048198,negative,1.5466761453962598e-05
1463303905442467841,negative,0.15395445718149547
1463303906507870208,negative,0.15256811988382565
1463303906809757705,negative,0.289426854984873
1463303907363504131,negative,0.0008042428618196086
1463303910114963461,positive,0.7429523497351687
1463303915265351682,positive,0.8946260507187415
1463303916624482305,negative,0.020759974277790645
1463303918906232840,negative,6.869803471029681e-05
1463303919535374337,negative,0.0005518012485687466
1463303919673688066,negative,9.478949120695687e-05
1463303920026013697,neutral,0.3426638101355001
1463303923062566917,negative,0.004399040590130849
1463303924400721928,negative,0.02658955995418834
1463303924518203395,negative,0.1108099225761991
1463303933057810432,negative,7.768034020155232e-06
1463303933598871552,negative,0.18133092093208092
1463303933695246336,negative,0.0025615863583100364
1463303937486999552,negative,1.1213706294965168e-07
1463303937969168384,negative,0.005502719785049532
1463303941656092674,negative,0.02818204577080345
1463303947049971718,neutral,0.4744541669089408
1463303947377156097,negative,0.004399040590130849
1463303950308982795,negative,6.680530724033698e-10
1463303954838790151,negative,3.0828162797082972e-06
1463303956994531331,neutral,0.46127768308170247
1463303957816688641,negative,1.1213706294965168e-07
1463303958613606401,negative,0.0408782748492975
1463303962015240194,negative,0.008223369324791308
1463303963990806529,neutral,0.5384427256844803
1463303964313612291,negative,0.0026887723051061047
1463303968067575814,negative,0.002429270686946489
1463303968902160384,negative,0.017793004432746947
1463303969078321158,negative,0.0030623227570540728
1463303969858592772,negative,0.03762506948607456
1463303973037772801,negative,0.011555533111494725
1463303975877238785,negative,0.060991155166451455
1463303975944568833,negative,0.02658955995418834
1463303977563738113,neutral,0.3698767190390309
1463303979497046018,neutral,0.5354069122638835
1463303982768660486,negative,0.17870657538336748
1463303983536168962,negative,0.036308874719446015
1463303985209610248,negative,0.0008057356381445223
1463303985889091588,negative,0.004399040590130849
1463303987587780615,negative,0.10138842288764933
1463303988141510660,negative,0.0004315709877800076
1463303988393226249,negative,0.00039370833756549915
1463303989789958149,negative,2.9401244479564697e-05
1463303991819845633,negative,0.32195147969670806
1463303997029240833,negative,0.0016689659804713668
1463303998069477376,negative,0.048486510344447384
1463304000439263233,negative,0.06175927167902575
1463304003433938944,negative,2.3216568633665776e-07
1463304003505242118,neutral,0.6323720940364075
1463304009041784832,negative,0.0002986250886159765
1463304010228801540,negative,0.0011164501876246638
1463304011864440832,negative,0.017126391454881505
1463304012791492616,negative,0.04471607360570968
1463304014578257920,negative,0.19558011933134006
1463304015547183104,neutral,0.4154165067014596
1463304016776028170,negative,0.16005914981534522
1463304016914358278,negative,0.09277549750773266
1463304017698869248,negative,8.090562644897277e-07
1463304019649122309,negative,0.006420499365555304
1463304021805088772,negative,0.010157903852741042
1463304023205896192,negative,0.002881150333719739
1463304027299581956,neutral,0.49789225920557484
1463304027400253443,negative,0.012875945797319993
1463304027870048262,neutral,0.3736532807538645
1463304027999985672,negative,0.00012239356266633179
1463304033641320451,negative,0.00013770608098590123
1463304038582263811,negative,0.0001148825626482128
1463304040532508675,negative,0.20993357087559011
1463304040612249608,negative,5.68525628096385e-05
1463304044504666114,negative,0.02658955995418834
1463304044705992705,negative,0.0008042428618196086
1463304044815036416,negative,0.02023720151491221
1463304045381181443,negative,0.0028004310950374397
1463304046945705986,negative,0.004399040590130849
1463304050028519430,negative,0.19558011933134006
1463304050447896583,neutral,0.5184385241990538
1463304057422946309,negative,0.03889633887493225
1463304063739740164,negative,0.010385539399931715
1463304064729591809,positive,0.9423864327064387
1463304064905711623,negative,0.04523792755172149
1463304065127964673,positive,0.8741327956915507
1463304068680622081,negative,0.19558011933134006
1463304068995162119,negative,5.508000316454738e-07
1463304070941351936,negative,0.02157568887044813
1463304071884914695,negative,0.00013770608098590123
1463304073940279298,negative,0.10645929175446103
1463304075282423812,negative,0.05012763998031981
1463304075437563904,negative,1.6359427349060001e-09
1463304076532367360,negative,0.17870657538336748
1463304080982482945,neutral,0.47371072416927557
1463304081062178818,negative,0.005804869885340555
1463304082945286146,negative,0.002429270686946489
1463304085805969411,negative,0.0030623227570540728
1463304094890672131,negative,0.004399040590130849
1463304095482191876,negative,8.87693436185782e-05
1463304098934140929,negative,0.29137236103680736
1463304099445841923,negative,0.0327513758115386
1463304103904301060,negative,0.0006926964492268005
1463304105246564354,negative,0.24990421854057354
1463304109218533378,negative,0.004399040590130849
1463304110002814984,negative,0.07347999389166743
1463304113886842880,negative,0.09901969227492496
1463304115648348167,negative,0.11959838590647554
1463304116487266304,negative,0.011183420643921763
1463304120400547841,negative,0.3216568825577715
1463304120488636419,neutral,0.3479730806233232
1463304122791301120,negative,0.31868616282184614
1463304128772382724,negative,1.5127412652498104e-05
1463304129347039234,negative,0.02258033719214777
1463304129724526592,negative,0.208359623731472
1463304130089390081,negative,0.02658955995418834
1463304134266957830,negative,0.13643688387969252
1463304135827234822,negative,0.0010163392546291936
1463304136338800641,negative,0.004399040590130849
1463304137102221314,negative,0.010907810438570016
1463304140986228741,positive,0.8893720681226804
1463304143628648461,negative,0.08998922331822874
1463304143829876741,negative,4.4201529021285827e-07
1463304148326232067,negative,0.07760514111232422
1463304150591184900,negative,0.015486783737689145
1463304152151322628,negative,0.03169664933852445
1463304153330065410,negative,0.00903522621353697
1463304154512777221,negative,0.023957815589342193
1463304154642890754,negative,0.060991155166451455
1463304155783704583,negative,0.01638674093969755
1463304156589039617,negative,0.07076864220733249
1463304156698095617,negative,0.0001158836752549354
1463304158673522693,negative,0.000997609501582415
1463304161408294915,negative,0.04795325407484864
1463304165573152772,negative,0.08663246403919907
1463304166562942978,negative,0.01721356618095858
1463304168232427525,negative,0.1445234540757454
1463304170199400451,negative,0.007123350770732854
1463304171743027202,negative,0.005106801857297193
1463304179921743874,negative,0.004706042672470695
1463304180496490501,negative,0.0032273036188326704
1463304181935181832,negative,0.11458480536927186
1463304186141954048,negative,0.00570940969598095
1463304187052179469,negative,2.594307266101357e-12
1463304189359054860,negative,0.3029968537174699
1463304191934402563,negative,9.983871454022972e-05
1463304192152543232,negative,0.005502719785049532
1463304194631241732,negative,0.00010793764689846118
1463304197445668865,negative,0.00026637135015925636
1463304197684793357,negative,0.02658955995418834
1463304206182408193,negative,0.007432417665061783
1463304208443228161,negative,0.289426854984873
1463304213312770056,negative,1.3854097352328544e-06
1463304213870657542,negative,0.002219030949244358
1463304220598325261,negative,0.2966132424677317
1463304221759983616,negative,0.01185630598437443
1463304222179532802,negative,0.07148164550215148
1463304224465424384,negative,0.0011164501876246638
1463304225983803392,negative,0.0001294955984671922
1463304229821497345,negative,1.1252829535767629e-05
1463304238491226120,negative,0.00903522621353697
1463304239472644098,negative,0.0050105525179140195
1463304239506145283,negative,0.00903522621353697
1463304239518789638,negative,0.03379858391262353
1463304247206891521,negative,0.0006052780962208141
1463304250361098247,negative,0.01224567771749932
1463304250721591298,negative,0.14943732078906324
1463304251027902467,neutral,0.3479730806233232
1463304251761991683,negative,0.13643688387969252
1463304255364812803,negative,0.02658955995418834
1463304255956267014,negative,9.97818792599799e-05
1463304259424772099,negative,0.012975196496182452
1463304259429089280,positive,0.8444798069703582
1463304260368715780,negative,0.0006436292230068289
1463304262843314176,negative,0.039798373978423514
1463304263363448840,negative,0.13643688387969252
1463304264642535430,positive,0.9506777883972952
1463304264885886976,negative,0.002676797355417112
1463304266144169984,negative,0.15740789395729915
1463304268157534214,negative,0.00015011733862745622
1463304270158127104,negative,0.04567701779860111
1463304270481133572,negative,0.02658955995418834
1463304271953334273,neutral,0.3711438608950384
1463304272817307653,negative,0.0400393025769551
1463304274780340224,negative,0.13643688387969252
1463304276663545857,negative,8.954377555766153e-08
1463304279888961541,negative,0.026664785802815158
1463304281323417601,negative,0.02658955995418834
1463304281960894464,negative,4.5103582484663253e-10
1463304283860967431,negative,0.00903522621353697
1463304285261729794,negative,0.08998922331822874
1463304285907685382,negative,0.06175927167902575
1463304288000696323,negative,0.0024038712998981633
1463304288860610563,neutral,0.45044353445647284
1463304291221864452,negative,0.18509236577765614
1463304294292234241,negative,0.02658955995418834
1463304294426415109,negative,2.1264109979157534e-05
1463304294619357185,negative,0.02658955995418834
1463304297035276288,neutral,0.49789225920557484
1463304300063567876,negative,0.00015640743617091854
1463304301527265282,negative,0.08540854791374912
1463304306199773185,positive,0.8243690248047424
1463304311228751872,negative,3.1603311458905065e-08
1463304312801710083,negative,0.0010410871876012672
1463304316526202880,negative,0.00012057712336071442
1463304329062932482,negative,0.0030623227570540728
1463304330434465797,negative,0.17870657538336748
1463304331176914945,negative,0.00689903503320655
1463304332410040327,negative,0.006763817567358354
1463304333668278279,negative,0.012006687054373109
1463304336314937347,negative,0.09789928535029414
1463304338978353154,negative,0.00025407679127583923
1463304339863355395,negative,0.1292013833099171
1463304344892235780,negative,1.3005790374296246e-06
1463304345106231301,negative,0.0067409275812214675
1463304345387159555,negative,0.039798373978423514
1463304351032696835,negative,9.132789915687886e-06
1463304351095607302,neutral,0.5382562932009238
1463304352949575681,negative,0.060149095402049935
1463304353452892160,negative,0.19558011933134006
1463304354346278914,negative,0.026082981577246946
1463304355004747776,negative,0.2429937718899652
1463304355394822149,negative,0.15720028239218814
1463304355713536001,negative,0.02658955995418834
1463304356221140992,negative,0.0030623227570540728
1463304357995237379,negative,0.26896536702089685
1463304358511185922,negative,0.06948599447921863
1463304360637644801,negative,5.4935448944668376e-06
1463304365444411398,negative,0.003833968085089577
1463304366472011782,negative,0.16677864733663406
1463304369173151745,negative,0.0018608634636835025
1463304370397736964,negative,0.003970863967974573
1463304372025270284,neutral,0.5293700225891195
1463304377331077127,negative,0.016252912560632677
1463304381730856962,negative,0.03196507353471756
1463304382557134852,negative,0.1098103913306866
1463304383488274435,negative,0.00047390727670844693
1463304386432671745,negative,0.016695364809665103
1463304386608832515,negative,0.02658955995418834
1463304387904909317,negative,0.02658955995418834
1463304390408753154,negative,3.6500754878787517e-05
1463304390694129664,negative,0.23961603779155163
1463304394552786948,negative,0.289426854984873
1463304396620632073,negative,0.04471607360570968
1463304398046703617,negative,0.00018134703900323692
1463304399174832132,negative,2.356483800062512e-06
1463304408477974532,neutral,0.37287407057227334
1463304409539096582,neutral,0.6217146280250095
1463304409773969409,negative,0.0003610889420167342
1463304417885757442,positive,0.8819040037478941
1463304420670779395,negative,0.006495168962654844
1463304422998437889,negative,0.00013770608098590123
1463304423019536385,negative,0.001356362689039249
1463304423149506563,negative,0.019197704857834272
1463304426471366656,negative,0.002607478252675215
1463304434688020481,negative,0.0011164501876246638
1463304437649358853,negative,0.005248119892930014
1463304441986269186,negative,2.841403705459394e-10
1463304442737049602,negative,0.007211741306038536
1463304443928223752,negative,0.012018687824252824
1463304445022941184,negative,2.436228566362052e-07
1463304447375851526,negative,0.01224567771749932
1463304447988277250,negative,2.3286817147345746e-11
1463304448357380104,negative,0.020759974277790645
1463304450647498758,negative,0.10376248487866757
1463304452291670018,negative,0.0001158836752549354
1463304453881217031,negative,0.00013770608098590123
1463304455017750530,negative,0.0005905183486529052
1463304455647019011,neutral,0.6096106313653924
1463304459598061572,negative,7.51790955090879e-06
1463304461502365696,negative,0.20829468287363154
1463304461980422150,negative,0.00013770608098590123
1463304464035725321,negative,0.030696337873551572
1463304465381937155,negative,0.3226077192689602
1463304465587523584,positive,0.8925871156676477
1463304477566513163,negative,0.004174195586658253
1463304480116596737,negative,0.026664785802815158
1463304481471447046,negative,0.0015112492873605185
1463304483572797442,negative,0.07596639077616914
1463304484021587969,negative,4.37631087420433e-05
1463304494704472065,negative,0.0002719399458224805
1463304499796140036,negative,0.03454408447477141
1463304503898296323,negative,0.003833968085089577
1463304505303392257,negative,0.02658955995418834
1463304505777430533,negative,0.0008042428618196086
1463304505806757888,negative,0.0006052780962208141
1463304511078993927,negative,0.10343320175986094
1463304513037680642,negative,0.001029053378529251
1463304517269786626,negative,0.02658955995418834
1463304519887040514,negative,1.2229344216966074e-08
1463304519958335490,negative,0.08057795171561277
1463304520470048772,negative,0.15547497400497937
1463304520826593281,negative,0.00011166597466690104
1463304521913106432,negative,0.12703271384507175
1463304523619966981,negative,0.15402560676932125
1463304524089765898,negative,0.00903522621353697
1463304524261572608,negative,1.1081471372148306e-05
1463304526858002441,negative,0.002420441635698889
1463304530167316480,neutral,0.3479730806233232
1463304531828170760,negative,0.2628250624299523
1463304542007742466,negative,0.08540854791374912
1463304544172101635,negative,0.00013770608098590123
1463304544667025408,negative,0.24355399445444686
1463304549167468549,negative,0.10645929175446103
1463304550987796482,negative,2.2598093020245254e-05
1463304552615055363,negative,0.004930474984500578
1463304554267693067,neutral,0.4913607061799415
1463304554976587776,negative,0.0005905183486529052
1463304556343959555,negative,4.5103582484663253e-10
1463304559233667073,negative,0.002607478252675215
1463304559485460486,negative,0.1263557996629535
1463304559573544961,negative,2.654320675073076e-06
1463304559992918020,negative,0.00044345669942357093
1463304561469362182,negative,0.0012619400472202238
1463304561712533514,negative,4.698609297030232e-06
1463304572550750214,negative,0.09045641058350933
1463304573053980673,negative,0.0018427487610862795
1463304575054716929,positive,0.9986908875715413
1463304580486283267,negative,0.023957815589342193
1463304581983748097,negative,0.19558011933134006
1463304584068313094,negative,0.00022627866096562731
1463304585704058880,negative,0.011435451208518835
1463304587033681927,negative,0.07573400513655643
1463304588682047497,negative,0.0011164501876246638
1463304589478973440,negative,8.438352037660861e-06
1463304591680933890,negative,9.873906107705142e-06
1463304593723506688,negative,0.010159910620231843
1463304597926289408,negative,0.016364137451212627
1463304600291790852,negative,0.005238504420136313
1463304603739598853,negative,0.02658955995418834
1463304604964241409,negative,0.2429937718899652
1463304607967420421,neutral,0.3431883661612635
1463304610035249152,negative,0.17870657538336748
1463304612644102148,negative,0.2251399400479514
1463304617069006852,negative,0.04795325407484864
1463304620214824962,negative,0.02658955995418834
1463304620344627204,negative,0.004495093838512992
1463304622857240587,negative,4.5103582484663253e-10
1463304623771553799,positive,0.9483995123955411
1463304624455233538,negative,6.228670143399436e-07
1463304625138896897,negative,0.05247214415980341
1463304626078429189,negative,0.0017902925440695355
1463304626376253448,negative,3.154703537751562e-05
1463304626573348864,negative,0.20875982241717492
1463304633045196805,negative,0.008504653747008062
1463304633393336320,negative,0.12135939543137968
1463304635528081408,negative,0.0006052780962208141
1463304638158020611,negative,0.0005904615466819921
1463304639441477632,negative,0.0011164501876246638
1463304640393588742,negative,0.2930202565098248
1463304647012196357,negative,0.02658955995418834
1463304648450887681,negative,0.18509236577765614
1463304651424649217,negative,4.399794683741098e-05
1463304652221464582,negative,0.03384173023742371
1463304657300856839,negative,0.11682160872386131
1463304659762749441,negative,1.971014998532735e-10
1463304662006833152,negative,0.08082632282032505
1463304662422065157,negative,0.06155058885563235
1463304664934502401,negative,0.007668558045616664
1463304667576758277,neutral,0.535254186992742
1463304667912364045,negative,8.667880662365766e-06
1463304669414010889,negative,0.15740789395729915
1463304669913047046,negative,0.19558011933134006
1463304670319939590,negative,0.021249207860456084
1463304671515267076,positive,0.8975149679301947
1463304672593260547,negative,0.021689008762683083
1463304673989910530,negative,2.2430509404334562e-12
1463304677668401155,negative,0.0018427487610862795
1463304681367736326,negative,0.0008042428618196086
1463304681812377602,negative,0.0010108477490686054
1463304686027612164,negative,1.1213706294965168e-07
1463304688439283715,neutral,0.5713508100603938
1463304689777319942,negative,0.03650476424502123
1463304692558094337,neutral,0.6217146280250095
1463304694483333120,negative,0.028415614501719925
1463304698686021633,negative,0.0327513758115386
1463304710560096257,negative,0.043068745868525694
1463304718147633154,negative,0.00042744436331407427
1463304719355592705,negative,0.252900346474942
1463304722115440640,negative,0.0019119089171703734
1463304736875163653,negative,0.18958107230408167
1463304742281658371,negative,0.00018142114865358694
1463304759507660802,negative,0.060991155166451455
1463304776515469318,neutral,0.49789225920557484
1463304777752788995,negative,3.0842328562209314e-05
1463304785839362048,negative,0.023777013434107354
1463304789702451203,positive,0.8410811894007082
1463304790058975237,neutral,0.6096106313653924
1463304790063173634,negative,0.24978522425181562
1463304792390856705,negative,5.947680543916415e-05
1463304793137504259,negative,0.06095946283008184
1463304795771523080,negative,0.02268711548284814
1463304800993378315,neutral,0.6217146280250095
1463304804504059908,negative,0.03384173023742371
1463304814188810248,negative,0.00012189046369277812
1463304817804132353,negative,0.001278503335434978
1463304832270352393,negative,0.007123350770732854
1463304836217286658,negative,0.2423014408223135
1463304836900864007,neutral,0.6096106313653924
1463304844664520704,negative,0.0005343430614531986
1463304845864153089,neutral,0.36672739077958666
1463304847596396544,negative,0.02859656472288158
1463304854583922690,neutral,0.48728019602140255
1463304870853758978,negative,0.1670037409131318
1463304875970809856,negative,0.2434496508937989
1463304880769150982,positive,0.677603529947003
1463304884107755522,negative,0.048086368533400335
1463304898662043649,negative,0.023957815589342193
1463304900620738564,negative,0.22228390076624732
1463304904173256708,negative,0.014806234166683386
1463304911274266630,negative,1.1319012452058688e-05
1463304912108937219,positive,0.8394375404582756
1463304923223838725,negative,0.0005905183486529052
1463304924108832774,negative,0.10645929175446103
1463304929007841280,negative,0.005480850285082501
1463304932623269888,negative,0.004399040590130849
1463304937492856836,negative,0.00592023577286277
1463304942001733638,negative,0.0031973692599545594
1463304945902530571,negative,0.0009842186480470375
1463304947810934784,negative,0.020082779471179375
1463304954043457542,negative,1.8781582929084006e-05
1463304956358930436,negative,0.08998922331822874
1463304964499914752,neutral,0.49789225920557484
1463304968006512641,neutral,0.6096106313653924
1463304974767575040,negative,0.01655022480749108
1463304975451410436,negative,0.08580177200518932
1463304979465310210,negative,0.022878668208289103
1463304983055458307,negative,0.18863365539101562
1463304986541101069,negative,0.2675393766005251
1463304987493216261,negative,0.2930202565098248
1463304992564068353,negative,0.0005905183486529052
1463304993583288326,negative,0.0014307482435057986
1463304998373240835,negative,0.0008961979513226698
1463305005172084737,neutral,0.33435636382670336
1463305009236434944,negative,0.0006956817591614289
1463305018128297985,negative,0.0005905183486529052
1463305031206293508,negative,0.04468747671698793
1463305032871424001,negative,1.0176696755671956e-05
1463305034125529088,neutral,0.45044353445647284
1463305034783887361,negative,0.2777618594961151
1463305036121923588,negative,0.04345379281786833
1463305036818173953,neutral,0.5038103802595609
1463305043407523842,negative,0.11803631575464675
1463305051863199745,positive,0.9506777883972952
1463305052114894855,negative,0.02592772682293797
1463305056741216270,negative,0.00011269761339013972
1463305063108169736,negative,0.0030623227570540728
1463305071588831238,negative,0.0001969472690015552
1463305105504190471,negative,0.0327513758115386
1463305107639083014,negative,0.1251665249609244
1463305129906561027,negative,0.07739436289059931
1463305147447189505,negative,0.01655022480749108
1463305149720502274,negative,0.02560497429620111
1463305150798319617,negative,0.0760325529302091
1463305152266395648,neutral,0.5462934558565486
1463305160545869824,negative,0.07008258089603402
1463305160948695043,negative,0.01655022480749108
1463305171732254722,negative,0.043068745868525694
1463305188219961345,negative,0.0038319873378243902
1463305189927051265,negative,0.004338760772714552
1463305190803709956,negative,0.00046788601417245893
1463305190971486208,negative,0.005480850285082501
1463305205714411529,negative,0.0030623227570540728
1463305212408520714,negative,0.3138275946179553
1463305215256539136,negative,0.00014636570388048165
1463305229726896132,negative,0.09465587702604918
1463305234965573641,negative,0.011745315820170127
1463305238664957952,negative,0.0025220579061143037
1463305238983712770,negative,0.0012379010917816734
1463305244813582337,negative,0.01655022480749108
1463305255198674948,negative,0.11562894867468974
1463305277583863810,negative,0.13643688387969252
1463305279290974210,negative,0.03087591805102642
1463305283585859588,negative,0.0011723108960191003
1463305285049667589,negative,0.0038319873378243902
1463305291236352000,negative,0.006290468556913374
1463305296760160263,negative,0.00570940969598095
1463305302225289218,negative,0.0815838227712754
1463305308101656580,negative,0.22632972107087432
1463305313713545224,negative,0.0001836709212835219
1463305326191681542,negative,0.0025790476912658238
1463305334005669897,positive,0.905012019877045
1463305335763087365,negative,2.6458900174673063e-07
1463305338086690818,negative,0.0008399444244319324
1463305338791288835,negative,0.07008258089603402
1463305339613237252,negative,0.00020415892641060079
1463305344378093571,neutral,0.3479730806233232
1463305348010414085,negative,0.0327513758115386
1463305349574770691,negative,0.0625951444302899
1463305351101657104,negative,0.04795325407484864
1463305356755542025,neutral,0.45044353445647284
1463305360878583816,negative,0.0012550958345851782
1463305363114106888,negative,7.730946028433956e-05
1463305381417992209,negative,2.1730657105303418e-05
1463305382101716994,negative,0.04795325407484864
1463305387847868418,negative,0.0003129262747253665
1463305389131370498,negative,0.017994157635335024
1463305390477611009,negative,0.0009783514612851226
1463305395280257031,negative,0.11197378698117733
1463305397331279872,negative,0.0009783514612851226
1463305399021539330,neutral,0.49789225920557484
1463305402066554884,neutral,0.35785643069366135
1463305410098647044,negative,0.01655022480749108
1463305414829875203,negative,0.004399040590130849
1463305422090215429,negative,0.0374729425493213
1463305442608787456,negative,0.005650816542940746
1463305451001548800,negative,0.002429270686946489
1463305451039305735,negative,0.03609436523555986
1463305460258414594,negative,0.07008258089603402
1463305461093093376,negative,0.020082779471179375
1463305462070362112,negative,0.0036058216979562383
1463305462892408835,negative,0.0030623227570540728
1463305494412595202,neutral,0.43728374938788134
1463305495897333767,negative,0.021249207860456084
1463305495998255104,negative,7.575194164461875e-05
1463305496056713223,negative,0.09465587702604918
1463305496539107333,negative,1.8173715066588907e-09
1463305511844171776,neutral,0.49789225920557484
1463305528428441608,negative,0.002434240026699309
1463305532350115841,negative,0.034355710399014035
1463305536649281537,negative,0.22632972107087432
1463305538947538950,negative,0.22228390076624732
1463305550838607874,negative,6.58516023993027e-07
1463305557239029760,negative,0.0013522558089639814
1463305569259995144,negative,0.05602167103011705
1463305570220490765,negative,0.048086368533400335
1463305573320044544,neutral,0.48728019602140255
1463305573638852610,negative,0.2777618594961151
1463305577895923714,negative,0.00570940969598095
1463305585148022788,neutral,0.3734886429250822
1463305587463237635,negative,6.803464821561266e-05
1463305592966107137,positive,0.8822560313726374
1463305595524726788,negative,0.012018687824252824
1463305602097106949,negative,3.549302005081928e-07
1463305605754458116,neutral,0.3416493811227667
1463305606505410567,neutral,0.5354479589038291
1463305608094965769,neutral,0.47288256135963735
1463305622019973126,negative,0.043068745868525694
1463305632082128899,negative,0.13753013832928757
1463305633088819206,negative,0.060149095402049935
1463305647072677892,negative,0.05426887636926027
1463305647781335044,negative,0.00023627085076955427
1463305648226148359,negative,0.0012191609880494246
1463305655029272577,negative,0.00015058217607312701
1463305656589594624,negative,0.0067409275812214675
1463305659458498570,negative,0.0009227051645517344
1463305679238795265,neutral,0.50768518278231
1463305682921291776,neutral,0.49789225920557484
1463305702278156297,negative,4.9538037280194555e-05
1463305714428833797,negative,0.006004081421565638
1463305714898812929,neutral,0.35624932880092736
1463305719965442059,negative,2.387269700973947e-05
1463305726793760769,negative,0.0002906113317518755
1463305731512451077,negative,0.0001185466658239544
1463305733617901568,negative,0.010385539399931715
1463305738399399942,negative,0.010116207796494534
1463305738906857477,negative,0.040910493370344476
1463305745907142659,negative,0.004399040590130849
1463305748105109511,negative,0.0005343430614531986
1463305749728305152,neutral,0.3398370175164918
1463305752110583809,negative,0.01655022480749108
1463305755872927745,negative,2.2226189966018976e-05
1463305766094487555,negative,0.14943732078906324
1463305769445593092,negative,0.004495093838512992
1463305776294817799,negative,0.060991155166451455
1463305779830738950,neutral,0.43728374938788134
1463305801221779464,negative,0.011470617746798622
1463305804858249216,negative,0.11140259548785736
1463305815931211777,neutral,0.3479730806233232
1463305816203829249,negative,0.0037331457252709134
1463305819940966406,negative,0.06795789335000746
1463305821794750469,negative,0.006004081421565638
1463305825762557953,neutral,0.49789225920557484
1463305825951305737,negative,2.0896843645217648e-05
1463305829348777986,negative,6.307057597459488e-07
1463305829361332227,neutral,0.3318228626708164
1463305831211048968,negative,0.023777013434107354
1463305834893647873,negative,0.0414339850336114
1463305836583866370,negative,0.038581707078722736
1463305837510860806,negative,0.1837625034544196
1463305843865276420,negative,0.016947076353854444
1463305846226661378,negative,0.005908989394489051
1463305851905753089,negative,2.848095516287551e-07
1463305853109518336,negative,0.20044435238501807
1463305854304849922,negative,0.0011868441397211498
1463305861569388544,positive,0.8509111909813001
1463305861993013255,negative,0.10645929175446103
1463305864228474880,negative,0.0020687475807309214
1463305872688488449,negative,0.0003129262747253665
1463305874282319875,negative,0.008557316612651276
1463305877746860035,negative,0.0030623227570540728
1463305878606647297,neutral,0.49789225920557484
1463305878606688260,negative,0.000597272576230897
1463305880926138368,negative,0.017544979936894075
1463305884629671936,negative,0.00039898408960206997
1463305884780707845,negative,0.01335022695763239
1463305885455994882,negative,4.605222908511314e-05
1463305890598117380,neutral,0.3479730806233232
1463305891336306691,negative,0.17899981398055312
1463305891868991488,positive,0.8946260507187415
1463305899666247682,negative,3.305276523916701e-05
1463305900756803587,negative,2.667939320299197e-06
1463305904229605384,negative,0.31732489718339985
1463305909715800068,negative,0.061681461279327464
1463305911116705798,neutral,0.5605851278178723
1463305911347384321,neutral,0.44958472962679563
1463305914992181255,neutral,0.44958472962679563
1463305920260284420,positive,0.906255253640091
1463305924978872325,negative,0.0005905183486529052
1463305928804085761,negative,0.13980941623475826
1463305930658000897,negative,0.11803631575464675
1463305955823792131,neutral,0.49789225920557484
1463305957056856067,negative,0.0327513758115386
1463305957090504705,negative,0.20829468287363154
1463305957782564868,negative,0.1257787861851118
1463305976413667331,negative,0.026841322921083974
1463305984579977221,negative,0.03036975380023947
1463305984890261504,negative,0.020082779471179375
1463305987159465993,negative,0.0008154212420211798
1463305987960549377,negative,0.07518889328282001
1463305990481367044,negative,0.004816879368970868
1463306005614415883,negative,0.00592023577286277
1463306008911126529,negative,0.0005512984912148641
1463306013688295424,negative,0.004399040590130849
1463306020630020102,negative,0.11803631575464675
1463306023628947456,negative,0.04795325407484864
1463306028708151297,negative,0.08349689554858754
1463306033967685632,negative,0.1670037409131318
1463306042842894336,negative,0.15066943274122924
1463306049021120520,negative,4.9538037280194555e-05
1463306058953285633,negative,0.030479695521613823
1463306072723181569,negative,0.006004081421565638
1463306073008488451,positive,0.9375490261959399
1463306075369717762,neutral,0.3617504429772561
1463306081711628294,positive,0.9506777883972952
1463306084886667267,negative,0.0016661568071910354
1463306086920953865,neutral,0.3479730806233232
1463306088393105411,negative,6.241224188562179e-05
1463306089311596550,positive,0.8954260536552471
1463306090146316289,negative,0.14576284921489796
1463306096609837062,negative,3.30553448973753e-09
1463306099264794632,negative,0.00370898504051657
1463306103433924608,negative,0.0003129262747253665
1463306104264445957,negative,0.04506757283366817
1463306121142095873,negative,0.00570940969598095
1463306125994954752,negative,0.07983752777306279
1463306129212157957,negative,0.023933884956904693
1463306143753715714,negative,0.0007762710563173977
1463306145263599622,negative,0.0003129262747253665
1463306145867747329,negative,0.08825770973616064
1463306153132232708,negative,0.0003129262747253665
1463306155812433920,negative,0.001135576429859942
1463306161084534789,neutral,0.49789225920557484
1463306161625645063,neutral,0.49789225920557484
1463306165702610950,positive,0.906255253640091
1463306165815709697,negative,0.07950902575727664
1463306166516211716,negative,0.004399040590130849
1463306169162866688,negative,0.22632972107087432
1463306179766018055,positive,0.905012019877045
1463306182500646912,negative,0.033981070966544014
1463306182521765890,negative,0.07008258089603402
1463306184795033603,positive,0.8822560313726374
1463306185126391811,negative,0.059800863522754245
1463306189584809991,negative,0.009783425895127902
1463306189844975624,neutral,0.4255699352769769
1463306190293667843,negative,0.023777013434107354
1463306196736262152,negative,0.05965828182627596
1463306198401253381,negative,4.538853841107858e-06
1463306201312251920,negative,0.00035393034865903103
1463306204902576136,neutral,0.49789225920557484
1463306206294933504,negative,0.004399040590130849
1463306206873899012,negative,0.012018687824252824
1463306207691747330,negative,2.1009240489345497e-06
1463306215124054018,negative,0.12838632258998112
1463306219200913410,negative,2.0719332892761055e-05
1463306219775537152,negative,6.560211294352927e-06
1463306219800694795,positive,0.8009158272758502
1463306220043964419,neutral,0.46318326475361027
1463306221381902345,negative,0.25540883630926975
1463306222635991046,negative,0.29137236103680736
1463306223978168325,negative,4.538853841107858e-06
1463306225626529792,negative,0.0003216098391659543
1463306226071134219,negative,0.007473829610310653
1463306226171879436,negative,0.02658955995418834
1463306229598539781,negative,0.18509236577765614
1463306230072594432,negative,0.05965828182627596
1463306232026976259,negative,0.1998062595870161
1463306233843232777,neutral,0.3479730806233232
1463306235567083520,neutral,0.42507619662732005
1463306237676769285,negative,0.13781674395562127
1463306239023198214,negative,0.01981511089765166
1463306239450963972,negative,0.23256097713345483
1463306240713441287,negative,0.0008057356381445223
1463306242181500929,negative,0.0713341502304626
1463306242567376902,negative,0.02658955995418834
1463306244719009793,negative,0.09802795888041922
1463306247206232066,negative,4.399794683741098e-05
1463306248963698693,negative,0.0003936873793273972
1463306251069181961,negative,0.005238504420136313
1463306252214317062,negative,4.408603005351812e-05
1463306253451644928,negative,0.13670407543792445
1463306254508511236,negative,4.538853841107858e-06
1463306255062032386,negative,0.11370305620939626
1463306257968861188,negative,0.005691950450804345
1463306258518360069,negative,0.18509236577765614
1463306262049923072,negative,3.2293541030567803e-10
1463306264021286913,negative,0.0005518012485687466
1463306264356823041,neutral,0.46617315968973133
1463306268186136579,negative,0.0020116251414940395
1463306268999925760,negative,0.017126391454881505
1463306269171888130,negative,0.00022736860466977514
1463306269834584070,negative,0.0019751599001514154
1463306271118008326,negative,0.0351979574006223
1463306271633948675,positive,0.8819040037478941
1463306271730380803,negative,0.02658955995418834
1463306273139707913,negative,0.19558011933134006
1463306275790499849,negative,0.15565025472515492
1463306277778608131,negative,0.03842189542874631
1463306277778608138,neutral,0.3811308206019505
1463306278315376646,negative,0.17117773258211588
1463306280290947073,neutral,0.46433911019891755
1463306280651530245,negative,0.2316112677070493
1463306283453460483,negative,0.0002632951481070737
1463306284711690245,neutral,0.46127768308170247
1463306286175563776,positive,0.9207312126678582
1463306290399264776,negative,0.13200223033376332
1463306291342884866,negative,0.032590992265184984
1463306292668211205,negative,0.3110150635968859
1463306294140424192,negative,0.0009783514612851226
1463306295180681216,neutral,0.35923779446587617
1463306297957392390,negative,0.0008908525045979666
1463306300813504519,negative,0.0011164501876246638
1463306303988772873,positive,0.906255253640091
1463306305469308930,negative,0.1626163168902435
1463306306161360902,negative,1.0547473201620952e-06
1463306309667745792,negative,0.07008258089603402
1463306311081332737,negative,0.06355544254419425
1463306312247398405,negative,0.00013770608098590123
1463306313212039173,negative,0.30751506274044627
1463306316949164032,negative,0.00013770608098590123
1463306319998369797,negative,0.05247214415980341
1463306321730674691,negative,0.11550008844581726
1463306323618148353,negative,0.08663246403919907
1463306325446832128,neutral,0.3479730806233232
1463306327355187204,negative,0.0011968213115094288
1463306327946584068,negative,0.00011789037530055178
1463306328349282311,negative,0.0004914064911857691
1463306329565585422,negative,0.08358477247463203
1463306333457895428,negative,0.001029053378529251
1463306333919264772,neutral,0.3618280689096601
1463306335026614273,negative,0.07810858638422162
1463306337501302788,negative,0.0029907214706643894
1463306337710977037,negative,0.013882787481566067
1463306339560542212,positive,0.906255253640091
1463306341741568001,negative,0.005502719785049532
1463306343763394563,negative,0.008023114996349131
1463306343876550659,negative,0.0009918979204217887
1463306343884939265,negative,0.08312743898584807
1463306345277321222,negative,0.005502719785049532
1463306346728771590,negative,0.01981511089765166
1463306348762910733,neutral,0.42507619662732005
1463306351409573888,negative,0.0016416729321349257
1463306351459766281,negative,0.00903522621353697
1463306357357039622,neutral,0.6217146280250095
1463306359664005123,negative,1.4341894290786695e-05
1463306361870159874,negative,0.061467048221851846
1463306368119623687,negative,0.2816601984145375
1463306369893810176,neutral,0.5266528855358278
1463306370107600901,negative,0.002417766543808629
1463306370124374018,negative,2.8502850613668173e-06
1463306370157998093,negative,0.0001175942076713391
1463306370237693958,negative,0.14402273633264467
1463306370267197440,negative,0.14090743869868133
1463306370325770240,negative,5.273756158440624e-07
1463306370338340868,negative,0.10239738796346165
1463306371126939648,negative,0.0016291144605275949
1463306372385181696,negative,0.017126391454881505
1463306377821147140,negative,0.3143893309825648
1463306377988878337,negative,0.007432417665061783
1463306378102153219,neutral,0.33171949191507977
1463306380375478279,negative,0.0025066846142569694
1463306382136991754,negative,0.03997453294842102
1463306383303000064,neutral,0.35731626612368894
1463306385727365129,neutral,0.4217270523550445
1463306388634054659,neutral,0.6096106313653924
1463306389468717062,negative,0.07008258089603402
1463306394686345217,negative,0.0011164501876246638
1463306395550425091,negative,0.02658955995418834
1463306399962783744,negative,0.0756839518254062
1463306401816592387,negative,0.0241355147607242
1463306404111003650,negative,0.061467048221851846
1463306405977411584,negative,0.017371357017436157
1463306406161956872,negative,0.08358477247463203
1463306406925377539,negative,0.017371357017436157
1463306408527597570,negative,3.239657587894258e-05
1463306411027349509,negative,6.005617227849717e-12
1463306415414681601,negative,0.0240387709483836
1463306417050460165,neutral,0.42507619662732005
1463306419864809474,negative,2.106133439594978e-06
1463306420556902401,negative,4.538853841107858e-06
1463306421043355649,negative,1.4545076476365905e-05
1463306423434104833,negative,0.0005090192457145957
1463306423480336387,negative,8.979920674910496e-05
1463306424109486080,negative,0.02346847819208997
1463306428123435009,negative,2.4248324899042683e-05
1463306430321152003,negative,0.10645929175446103
1463306430321201157,neutral,0.3664392385408706
1463306434695811081,neutral,0.42507619662732005
1463306437061488645,negative,0.0019751599001514154
1463306437799682052,negative,0.08540854791374912
1463306442086260736,negative,0.004399040590130849
1463306442811887618,negative,0.0022774988007637923
1463306442824368133,negative,5.9908624201490934e-05
1463306448134414344,neutral,0.657508817795831
1463306448943951874,neutral,0.4985928500860049
1463306449111556105,negative,0.007063162742667084
1463306449895845893,neutral,0.3478817963600799
1463306451888132101,negative,0.0010398169447109677
1463306454354604044,negative,1.1953687449707987e-07
1463306456233435141,negative,0.03169664933852445
1463306456552378369,positive,0.8530496091778155
1463306464773251073,negative,0.004399040590130849
1463306466094424065,positive,0.9679043947942753
1463306467394703361,negative,0.007473829610310653
1463306470125150215,negative,0.00016805968783768695
1463306477989502979,neutral,0.5354479589038291
1463306480543834118,negative,0.18509236577765614
1463306481156165633,neutral,0.4154165067014596
1463306482691100672,negative,2.6384283609169604e-09
1463306485178548231,neutral,0.5165435822922478
1463306485367291907,neutral,0.42507619662732005
1463306486352801803,neutral,0.42507619662732005
1463306491843289096,negative,0.0018999136167972626
1463306492094914570,negative,0.03936561914198162
1463306492787011590,negative,0.13414602710328483
1463306494636605447,negative,0.017858500280839535
1463306498264772610,negative,0.13030764337396875
1463306498277359618,negative,0.022584527019504117
1463306498889728000,negative,0.010116207796494534
1463306499422359558,neutral,0.46617315968973133
1463306499472728064,negative,0.000694481457752021
1463306502840537089,negative,0.15547497400497937
1463306503218249730,negative,0.006004081421565638
1463306504086429698,negative,0.00030836149531615327
1463306505994833928,neutral,0.3332856921008272
1463306506045116422,negative,0.00011088140560069062
1463306506263318535,negative,0.025847272175077575
1463306506405830661,positive,0.9507446290789848
1463306506447699969,negative,0.007432417665061783
1463306509526384642,negative,1.8505908043600007e-06
1463306510033895426,neutral,0.3353500257179539
1463306514018582537,negative,0.004990637004695711
1463306514769362946,negative,0.0894513323303979
1463306515201335304,neutral,0.42507619662732005
1463306517289963522,negative,0.002279070760209887
1463306519219421186,negative,0.00044392559047776376
1463306520461025292,negative,0.009394767569094794
1463306520591020033,negative,0.004572668470880636
1463306522105159680,negative,5.2594959007628326e-05
1463306525573718020,negative,0.049341221702375856
1463306529843466243,negative,0.0032273036188326704
1463306530850287619,negative,0.006004081421565638
1463306531391385605,neutral,0.4737554465528978
1463306533467529227,negative,0.002279070760209887
1463306535057121280,negative,3.301359420288105e-05
1463306535988310016,negative,0.022199388937924367
1463306539314384910,negative,1.9514264027750798e-08
1463306539817648131,negative,4.744713772921792e-06
1463306540350377985,negative,0.002235660196826849
1463306543143829512,negative,1.3860978068855776e-05
1463306545299525633,negative,1.8776996150587748e-13
1463306548822822912,negative,0.02658955995418834
1463306549225570306,negative,0.026664785802815158
1463306549284253698,negative,0.10645929175446103
1463306549758152705,negative,0.22632972107087432
1463306553793122305,negative,0.001029053378529251
1463306554850127882,negative,0.0002810894159424652
1463306556540436487,negative,2.673390877558183e-05
1463306557006008321,negative,0.08312743898584807
1463306559056846850,negative,0.002531870325335436
1463306559107342339,negative,0.001029053378529251
1463306559472160771,positive,0.8009158272758502
1463306563372957702,negative,4.538853841107858e-06
1463306565923004422,negative,0.02658955995418834
1463306570817748992,negative,0.02658955995418834
1463306574001287172,negative,0.05276517896649536
1463306574458404866,negative,0.0009674743797398638
1463306576022884357,negative,0.2093793924069941
1463306576811470851,negative,0.0001552781763543449
1463306578036199434,positive,0.702691597006992
1463306578346582021,negative,2.8195246765561215e-05
1463306578765959169,negative,0.001860049437408281
1463306579244199937,negative,0.0011164501876246638
1463306579286142984,neutral,0.5280727169482659
1463306580468936715,negative,0.32830900303373073
1463306581869834250,negative,5.911754023647391e-07
1463306585053278210,negative,0.0005905183486529052
1463306588064788488,negative,0.13570749354204434
1463306589662760967,negative,2.436228566362052e-07
1463306594251247620,negative,0.08132642712120977
1463306598164664324,negative,0.00011088140560069062
1463306600370909187,negative,0.17870657538336748
1463306601331310592,neutral,0.3652473496712975
1463306601700462601,neutral,0.5462307384111108
1463306602006470658,positive,0.9864033996953062
1463306604380659715,negative,0.018463117141677574
1463306606360383497,negative,0.11682160872386131
1463306608650473474,negative,0.04601305303704684
1463306610936270848,negative,0.10645929175446103
1463306616153853957,negative,4.632657315862176e-05
1463306616862879748,negative,0.22632972107087432
1463306619853451264,negative,0.00015177834722092785
1463306624857223170,negative,0.04567701779860111
1463306625284984834,negative,0.007702252572909047
1463306627185000452,negative,1.988857971054156e-12
1463306627440857093,positive,0.9646084815533444
1463306628128808964,negative,8.538150721697074e-06
1463306638366941191,negative,0.11061857957539915
1463306639033831426,negative,0.14720048978223535
1463306640539672576,positive,0.8946260507187415
1463306641328283662,negative,0.02658955995418834
1463306646545997829,negative,0.0554886751747772
1463306649385451520,neutral,0.5702691514753383
1463306650853556224,negative,0.005502719785049532
1463306653445595137,negative,0.008504653747008062
1463306654607364098,negative,0.0894513323303979
1463306655257567232,positive,0.9851394230060257
1463306657165987848,negative,0.00011926403306507722
1463306657438523392,negative,0.0024067393458585425
1463306658273185793,negative,0.11162774462394323
1463306659627999235,negative,0.2429937718899652
1463306664300396552,negative,0.0009783514612851226
1463306665915265026,negative,0.060149095402049935
1463306666225582083,positive,0.8349477285155233
1463306666624094208,negative,2.2998574412056017e-14
1463306667798450178,negative,0.14097669145321975
1463306670663258115,negative,0.11162774462394323
1463306671485239308,neutral,0.3479730806233232
1463306672655503368,negative,0.000597272576230897
1463306673209159680,negative,0.001029053378529251
1463306673276207109,negative,0.03183010250861874
1463306673943154691,negative,0.00011088140560069062
1463306674542981128,negative,0.006236510687015572
1463306676434526212,negative,0.020908061755266272
1463306677512556546,negative,0.11162774462394323
1463306677848096770,negative,0.004399040590130849
1463306678963785728,negative,0.15740789395729915
1463306681253871623,negative,0.0327513758115386
1463306682486902785,negative,0.0026385910217661154
1463306682495340550,negative,0.08082632282032505
1463306682809958405,negative,0.2921331436983558
1463306683241811968,negative,0.00013770608098590123
1463306684957396993,negative,0.022213826976516738
1463306686475739136,neutral,0.46127768308170247
1463306689801863170,negative,0.00014173664602921987
1463306690984566790,negative,0.0030623227570540728
1463306691013844993,negative,0.03435170553265396
1463306691500519434,negative,0.0003129262747253665
1463306694415503362,negative,2.1730657105303418e-05
1463306695623462912,negative,0.02407831982674774
1463306697473085443,negative,2.136415414583869e-06
1463306697859080195,negative,0.08358477247463203
1463306698064547843,negative,0.14720048978223535
1463306699914108928,negative,0.023777013434107354
1463306700878925826,negative,0.032212560335270216
1463306701294219268,neutral,0.38197070117553283
1463306704146337792,negative,0.05602167103011705
1463306704716763138,negative,0.2921331436983558
1463306705136201735,negative,0.00010793764689846118
1463306707119968266,negative,0.06155058885563235
1463306713117962246,negative,0.08457433941799054
1463306714611171335,negative,1.1213706294965168e-07
1463306715101810692,negative,0.0010163392546291936
1463306715164729349,neutral,0.4097383314776229
1463306716901113856,negative,7.606153098105404e-05
1463306717391851522,negative,1.0456796444276331e-06
1463306720495681544,negative,0.08358477247463203
1463306727638679555,negative,0.09901969227492496
1463306729446416390,negative,0.001029053378529251
1463306736857722888,negative,0.02592659141820056
1463306740032847874,negative,0.020759974277790645
1463306745795723268,negative,0.03593157383324396
1463306746060058628,negative,0.0019751599001514154
1463306747301531650,negative,0.12482974041364932
1463306747687448584,negative,0.00028039997605340257
1463306748400390148,neutral,0.6301234559680013
1463306764913369092,negative,0.0030623227570540728
1463306771049730052,negative,0.02658955995418834
1463306774132391937,negative,4.399794683741098e-05
1463306774732320769,negative,0.09521858287300056
1463306780344303623,negative,0.0848818109491187
1463306780960862211,positive,0.7474881912357244
1463306785100546051,neutral,0.5165435822922478
1463306785188679686,negative,0.018345684570524413
1463306785528422401,negative,0.17870657538336748
1463306786786754562,negative,0.04471351883832254
1463306786975399938,negative,0.01655022480749108
1463306787998810115,negative,0.23916886605284451
1463306789173276675,negative,0.014051978276132866
1463306789441740801,neutral,0.45044353445647284
1463306790662254594,neutral,0.5177136197011187
1463306791643582467,negative,0.0009783514612851226
1463306793694613507,negative,0.00570940969598095
1463306795779342340,neutral,0.3839027224045277
1463306796861382656,negative,0.08358477247463203
1463306797456965634,negative,0.020082779471179375
1463306806868992008,negative,7.653088037869078e-06
1463306807607271428,negative,0.062379154600268015
1463306808689405953,negative,0.08358477247463203
1463306812183265280,neutral,0.6323720940364075
1463306814213210118,neutral,0.3426638101355001
1463306815123329030,negative,0.033902528553586206
1463306816566304770,negative,0.289426854984873
1463306817262559235,negative,0.026664785802815158
1463306818252414981,negative,0.0023498815078955098
1463306819531681798,negative,0.1151970915600929
1463306819590254596,negative,0.022213826976516738
1463306821418958851,negative,0.12211197158655593
1463306821591089160,negative,0.004399040590130849
1463306822392201217,neutral,0.49789225920557484
1463306823306514432,negative,0.02658955995418834
1463306836417859585,neutral,0.3479730806233232
1463306838535987206,negative,0.026862158601890902
1463306840486428674,negative,1.1213706294965168e-07
1463306842654793730,negative,3.2943167402853116e-12
1463306843753746433,negative,0.13155080345088685
1463306846349905921,negative,3.18432839834134e-05
1463306854512082945,negative,0.1766042479281284
1463306854704947203,negative,6.412665584298381e-06
1463306857402048512,negative,0.31820487300311295
1463306858412879880,negative,3.075374275966016e-05
1463306860665004034,negative,0.03822526406550038
1463306860862349313,negative,0.2516321804780453
1463306861952839689,negative,0.0026385910217661154
1463306862191915012,negative,1.2056545711438491e-08
1463306863563329538,negative,0.3055950302665505
1463306863605338118,negative,0.00013770608098590123
1463306866478522368,negative,0.00023828421180421247
1463306866927222797,negative,0.0012549584483766566
1463306867254472706,positive,0.906255253640091
1463306868076388352,negative,0.14402273633264467
1463306868521160712,negative,0.22632972107087432
1463306869309681664,neutral,0.3690739244670184
1463306870031097858,neutral,0.5048796828685469
1463306871301976069,negative,0.0004246432009247219
1463306872253939714,positive,0.9375490261959399
1463306873520545793,negative,0.09113443799143389
1463306875974434823,negative,0.009761345140847096
1463306877266182153,negative,0.11913918197598382
1463306877396295682,negative,0.004399040590130849
1463306878218162176,negative,0.00013770608098590123
1463306880919478272,negative,0.026664785802815158
1463306884857880581,negative,1.775391989424826e-08
1463306885520674816,negative,0.1766054526694436
1463306893070270468,negative,0.028721434621731
1463306893175267328,negative,0.0013151734968199714
1463306894517444610,negative,0.02658955995418834
1463306895310172165,negative,0.0013242461368610983
1463306895943516168,positive,0.906255253640091
1463306896459370496,negative,1.9811944983892637e-05
1463306900926201857,negative,0.05422288447566208
1463306903656697857,negative,0.008658858420917608
1463306906349543424,negative,0.07458367775372127
1463306908031459328,negative,1.0110918857073896e-15
1463306912313843719,positive,0.8819040037478941
1463306912540381194,negative,1.2229344216966074e-08
1463306915023233025,negative,0.04804838679422739
1463306921700564993,negative,0.0011164501876246638
1463306923823046661,neutral,0.3672077264679843
1463306924049321985,negative,0.04471351883832254
1463306924179533828,negative,0.004399040590130849
1463306924661821443,negative,0.022213826976516738
1463306927425871873,negative,0.00021973702123513508
1463306927736246278,negative,0.08358477247463203
1463306930219364366,negative,0.00014954507459825726
1463306930496147456,negative,0.00011166597466690104
1463306932534534149,negative,0.005563585017216897
1463306938448556035,negative,0.09737008863614081
1463306940776341505,negative,0.07665500948521155
1463306941682311171,negative,0.0803099508670261
1463306942709829634,negative,0.0016689659804713668
1463306942890364937,negative,0.004399040590130849
1463306943553015809,negative,0.00012813911542955815
1463306944047894529,negative,0.06416218165249879
1463306944341491712,negative,0.020759974277790645
1463306944354074630,negative,0.02711076780509379
1463306952587591683,neutral,0.5942271796912761
1463306955724886019,negative,0.08358477247463203
1463306955930357765,neutral,0.49789225920557484
1463306957822038017,negative,0.002676797355417112
1463306958728048643,negative,0.10645929175446103
1463306961655681025,negative,0.005200887580195016
1463306962439970820,negative,0.2621435295041906
1463306962800676866,negative,2.3928164999558777e-05
1463306964390268929,neutral,0.43728374938788134
1463306964859953156,negative,0.0006504534619897522
1463306966323937283,negative,1.9795112331915445e-06
1463306968769212417,negative,0.0327513758115386
1463306968886566919,negative,0.0034446037531011566
1463306969284968448,neutral,0.49789225920557484
1463306970346274818,negative,0.31080513426109274
1463306971478740998,negative,0.00011789037530055178
1463306972409864195,negative,0.005543937665927076
1463306973445869571,negative,0.0012577457151971136
1463306976318865409,negative,0.0026385910217661154
1463306976855744512,negative,2.3216568633665776e-07
1463306977057153029,negative,4.984800400315146e-10
1463306983679959040,negative,4.4370994359969984e-05
1463306984401244161,negative,0.029616360590106798
1463306985445761033,negative,1.775391989424826e-08
1463306986997665799,positive,0.9290171237762085
1463306989354823681,negative,0.0011164501876246638
1463306994543218694,negative,0.0495091711576654
1463306995986014211,negative,0.00023455154620429926
1463306996430655488,negative,0.17234327269445374
1463306998099988481,negative,0.0495091711576654
1463307000192901121,negative,0.00570940969598095
1463307001597870080,negative,0.00013770608098590123
1463307001807708160,negative,0.10645929175446103
1463307004303364101,negative,0.22632972107087432
1463307007084146696,negative,0.001356362689039249
1463307008006930432,negative,0.0011164501876246638
1463307008837394432,negative,0.05694114302368464
1463307009579790337,negative,0.020987904009182573
1463307012905869317,neutral,0.49789225920557484
1463307013568569349,negative,0.001029053378529251
1463307014013026304,negative,0.07200866502338853
1463307014260539397,negative,0.0031057675998199643
1463307014675873804,negative,8.607815656617452e-12
1463307015095296006,negative,0.004171967597585909
1463307015439192069,negative,0.002319774687132291
1463307018916143114,negative,0.145779073095437
1463307019188948992,negative,0.1766054526694436
1463307019339894791,negative,0.20875982241717492
1463307019503517703,negative,6.926772302502629e-07
1463307021948796932,negative,0.00680594747137586
1463307023601311745,negative,0.15740789395729915
1463307025409007617,positive,0.8819040037478941
1463307029573947394,negative,0.0002192548528160429
1463307033948475394,negative,0.0003129262747253665
1463307035920027648,neutral,0.46127768308170247
1463307036859543555,negative,0.0025220579061143037
1463307038273028102,neutral,0.6217146280250095
1463307039048966144,neutral,0.46127768308170247
1463307042492502018,negative,0.02360253987052694
1463307043603984393,negative,0.0001372853897000432
1463307044211941377,negative,0.000597272576230897
1463307044212125704,negative,3.308181294457792e-06
1463307047039033345,negative,0.02268711548284814
1463307047072632838,negative,0.001029053378529251
1463307049354383367,neutral,0.4670100671583925
1463307050579025930,negative,0.11154443292387338
1463307053523521538,negative,0.08003976347444453
1463307056450916352,negative,0.002417559947463137
1463307056547610624,negative,8.102303976910641e-09
1463307056669020164,negative,0.002420441635698889
1463307063421902848,negative,0.031567779380352184
1463307073932996612,negative,9.083297452498075e-05
1463307075358973954,negative,0.0327513758115386
1463307075828826114,negative,0.03712960879211063
1463307076449488903,negative,0.10997249624197127
1463307079050043392,negative,0.11511596006644809
1463307080505376768,negative,0.005775319046423669
1463307081335726087,neutral,0.49789225920557484
1463307083512791049,negative,0.08358477247463203
1463307085010120710,negative,0.006004081421565638
1463307085282779139,neutral,0.4670100671583925
1463307085849010177,negative,0.018963534016273965
1463307088772358145,negative,0.21506585375955156
1463307089770471431,negative,0.11595908688765594
1463307093021188103,negative,0.289426854984873
1463307093998555143,negative,0.027385932891949946
1463307095189725189,negative,0.3004355528002438
1463307096368189442,negative,0.06251913117533651
1463307097668562951,negative,0.058783519380343006
1463307097739776003,positive,0.8236784662464735
1463307099375652867,negative,0.02658955995418834
1463307103129509888,negative,0.00034284871550073845
1463307104257658885,negative,0.01929178022303584
1463307105268547586,negative,0.04015643345851897
1463307107793616899,negative,0.0009842186480470375
1463307108053618688,negative,1.2229344216966074e-08
1463307109618135043,negative,0.00035474646063705164
1463307117209821187,negative,0.007432417665061783
1463307119021551616,positive,0.8975149679301947
1463307119680270342,negative,0.00592023577286277
1463307125321453577,negative,0.12188388017780136
1463307131864731656,negative,0.022213826976516738
1463307135819948033,negative,1.9880507025348834e-08
1463307138000990210,negative,0.016695364809665103
1463307144887947269,neutral,0.6585301482112453
1463307148604100612,positive,0.7264073633687435
1463307152852803593,negative,0.032207093418939764
1463307158435606533,positive,0.9506777883972952
1463307159790358532,neutral,0.4197195219051357
1463307161627512832,negative,0.25540883630926975
1463307164676771850,negative,1.3342024000493459e-07
1463307164890669062,positive,0.820723044870663
1463307165486178306,neutral,0.5585057129732471
1463307166144684034,negative,0.02308900953065866
1463307166421602305,negative,0.22561333375529458
1463307166824255489,negative,0.060988400781347187
1463307167780556805,negative,0.031832610036971846
1463307167809875970,negative,0.08580177200518932
1463307168048951296,negative,0.02658955995418834
1463307168241917953,negative,5.2594959007628326e-05
1463307170812997638,negative,0.0008140713318235017
1463307171605667846,negative,0.004399040590130849
1463307172092137474,negative,0.05183320269849335
1463307172746514436,negative,0.10379525261464205
1463307172868239361,negative,0.00592023577286277
1463307175778996224,negative,0.11162774462394323
1463307180506075136,negative,0.005024292195761752
1463307180984184836,negative,0.040796223034576015
1463307183811186690,negative,9.478949120695687e-05
1463307184083648516,negative,0.028457060374305475
1463307185073451008,negative,0.0006102505004394793
1463307186365509634,negative,0.00018835241257420928
1463307191105036289,negative,0.05237830119866786
1463307198717702152,negative,0.040967655985547385
1463307203536850949,neutral,0.3871624294356621
1463307207433457664,negative,0.0011164501876246638
1463307208230420488,negative,0.025915762300656883
1463307208746283013,negative,6.714887555367606e-05
1463307213011836935,negative,0.08358477247463203
1463307214286901258,negative,0.020759974277790645
1463307215532695552,negative,0.0008042428618196086
1463307215926972421,negative,3.297233497138549e-08
1463307218678386691,negative,6.437657942633982e-05
1463307221161422849,negative,6.869803471029681e-05
1463307223606562816,negative,7.322724701195806e-06
1463307224546217987,negative,0.2035841507685141
1463307226446237700,neutral,0.46617315968973133
1463307227029295111,negative,0.05694114302368464
1463307228459540484,negative,0.006004081421565638
1463307233484288001,negative,0.01933133195214286
1463307235157708802,negative,0.00013770608098590123
1463307237900922884,negative,0.3275763899322049
1463307239901601793,negative,0.012006687054373109
1463307245454647296,negative,0.009608142941678529
1463307247329505281,negative,0.0005518012485687466
1463307247660855298,negative,0.0915559133111994
1463307248827052034,negative,0.007473829610310653
1463307252207697926,negative,0.0003979914473896848
1463307253369520128,negative,0.0066150429279266286
1463307255663804420,negative,0.004399040590130849
1463307257882546180,negative,0.12677084718719636
1463307259098845185,neutral,0.6096106313653924
1463307261267177478,negative,0.05265625672939335
1463307263163179009,negative,0.1753378186257927
1463307264362795009,negative,0.21795957052502313
1463307264610160643,positive,0.906255253640091
1463307265302220808,negative,6.21308220289931e-08
1463307266036219905,negative,1.0031435864688371e-10
1463307268661858307,negative,7.588293905154809e-06
1463307268703891457,negative,0.0844512826519491
1463307269651632132,negative,0.028721434621731
1463307271174303744,negative,0.0028060155499377367
1463307271337877505,negative,0.0027604248468990236
1463307271551782914,negative,0.20875982241717492
1463307275129569282,negative,0.2274825194426253
1463307276740177925,negative,4.830035138378717e-07
1463307282813370372,negative,0.0011504575309638978
1463307284122066951,negative,0.3229918354427886
1463307286005403652,neutral,0.3449192108248314
1463307291676102662,neutral,0.6427336558389527
1463307291915177985,negative,0.02658955995418834
1463307294700027904,negative,0.00903522621353697
1463307296050757638,negative,0.22632972107087432
1463307296260468751,negative,0.3275763899322049
1463307296264568834,neutral,0.3405717471023487
1463307297065680896,negative,0.014335261269308881
1463307297497784323,negative,5.2594959007628326e-05
1463307300005978115,negative,0.00013770608098590123
1463307304007348226,negative,0.27795535876497174
1463307304690982920,negative,0.0005905183486529052
1463307304841920515,negative,0.03171015790519073
1463307305609576455,negative,0.000689241641357624
1463307306183974912,negative,0.033902528553586206
1463307309359288321,negative,0.043068745868525694
1463307318200836106,negative,0.0327513758115386
1463307318242779140,negative,0.08138435745464612
1463307319253553157,negative,7.203752091461777e-05
1463307325909962757,negative,0.03862110159735132
1463307327541501953,negative,0.00036452480298457875
1463307334692876293,negative,0.10264678257537026
1463307335267495938,negative,6.529209206587053e-06
1463307336508796928,negative,0.252900346474942
1463307339105189890,negative,0.20875982241717492
1463307340501893126,negative,0.014070733335411055
1463307341856653319,negative,0.14604796031864173
1463307342016036876,negative,4.631272695446254e-05
1463307342221496322,negative,0.007363034437326738
1463307347187666950,negative,0.002676797355417112
1463307347787493380,negative,0.00021479381994478502
1463307348106223616,negative,0.11154443292387338
1463307349016424450,negative,0.009191558889992025
1463307350333349890,negative,0.02179427055120239
1463307351218339841,negative,0.06662579276206472
1463307351650361346,negative,0.04789031369289312
1463307355836358660,negative,0.0327513758115386
1463307356184498188,negative,0.07619557598814708
1463307356977176577,negative,0.027385932891949946
1463307360106078209,negative,0.0005518012485687466
1463307360974352386,negative,1.2229344216966074e-08
1463307361204981761,negative,0.009782018839786513
1463307365529309185,neutral,0.4012945825221588
1463307365814571009,negative,0.03458123345722618
1463307369190805505,negative,0.29137236103680736
1463307369207767045,negative,0.001214724221198405
1463307369392349189,negative,0.03712960879211063
1463307372345139207,negative,1.578899808776787e-06
1463307373536333824,negative,0.24893646745759196
1463307377374019587,negative,0.01580579144865894
1463307389860560905,negative,0.043439834865125544
1463307389864714245,negative,0.00011166597466690104
1463307390678450177,negative,0.02952827769710167
1463307395694837767,negative,0.002476016906092953
1463307395887685637,positive,0.9207312126678582
1463307398710394886,neutral,0.3774991182354001
1463307398752395267,negative,0.00022517802076618484
1463307399696109573,negative,0.004399040590130849
1463307401671716871,negative,0.0894513323303979
1463307406662897666,negative,0.0054801146829943125
1463307408562921475,negative,0.00028562300367219014
1463307411050180608,negative,0.15740789395729915
1463307412472045572,negative,0.08312743898584807
1463307414686425092,negative,0.002429270686946489
1463307422957772805,negative,0.0004914064911857691
1463307423045718018,negative,0.24810884907337358
1463307425377918981,negative,0.0713341502304626
1463307426736840710,negative,0.12211197158655593
1463307427139526660,negative,2.7220692945687555e-07
1463307431929421828,negative,0.006004081421565638
1463307433636470786,negative,0.11803631575464675
1463307436337647617,negative,0.19558011933134006
1463307438187114499,negative,0.10583244429038874
1463307439420358659,negative,0.19558011933134006
1463307442075414528,neutral,0.46127768308170247
1463307442524196867,positive,0.9641072310142688
1463307444923383808,negative,0.0011164501876246638
1463307444948406272,positive,0.8946260507187415
1463307445644656641,negative,0.17172920776691064
1463307445678206979,negative,0.00903522621353697
1463307455165775874,negative,8.862078172441287e-06
1463307455811796992,negative,0.006199963589872202
1463307456390610952,negative,0.289426854984873
1463307456893882372,negative,0.19558011933134006
1463307457934110724,negative,0.14097669145321975
1463307459083259905,neutral,0.5505550505941735
1463307462501670916,negative,0.01397729237674533
1463307464770789379,negative,0.0014810474787382668
1463307469384470529,negative,6.805418719259384e-07
1463307469950705670,negative,0.02658955995418834
1463307472010100739,negative,0.02258033719214777
1463307472437981191,negative,0.18459858958932926
1463307473368928257,negative,0.000597272576230897
1463307476137304075,positive,0.9079456490464604
1463307478494597126,negative,0.02023720151491221
1463307478981033988,neutral,0.4471232162294793
1463307486518251524,negative,2.7655056875237977e-05
1463307486757326849,negative,0.04546919888055012
1463307489173200899,negative,0.0005905183486529052
1463307490544734216,negative,8.889058538044953e-06
1463307491090083842,neutral,0.3477604816882487
1463307491345903618,negative,0.06448816453390485
1463307491786297344,negative,0.0005190770147865705
1463307491840872449,negative,0.08312743898584807
1463307494508449794,negative,0.08358477247463203
1463307495795920898,negative,0.0003129262747253665
1463307502867652616,negative,0.07067251019463448
1463307503320678408,negative,0.00903522621353697
1463307503580684288,negative,0.05281032368881004
1463307505556234242,negative,0.0027642458524425703
1463307507951095811,negative,0.043068745868525694
1463307514209267714,neutral,0.458452529704962
1463307516352380929,negative,3.0095766024343396e-05
1463307519476989953,negative,0.2867962974080311
1463307524128616453,negative,1.977982382680798e-10
1463307525458120715,negative,0.026664785802815158
1463307532659834881,negative,0.008651605604324984
1463307533079171072,negative,0.25116581664308035
1463307533754511364,negative,0.19558011933134006
1463307534689787911,neutral,0.5316624617817726
1463307535071563783,positive,0.9762663478152187
1463307536103358467,negative,0.0016689659804713668
1463307540654137346,neutral,0.3479730806233232
1463307542226948100,negative,0.001969243423084734
1463307544185782275,negative,0.2794705364345209
1463307544592539654,negative,0.0012431988436040523
1463307544735191040,negative,0.013307604541018642
1463307544739336197,neutral,0.430933091246722
1463307549965438983,negative,0.0006052780962208141
1463307550829514761,negative,0.0005518012485687466
1463307553278992389,negative,0.04137432448858546
1463307555007078400,negative,0.11803631575464675
1463307555015385091,negative,0.00457256923653621
1463307555111903239,positive,0.906255253640091
1463307555271286787,negative,0.10645929175446103
1463307556319752192,negative,0.05491930237216033
1463307560266702848,negative,5.48658599718254e-07
1463307560904130560,negative,0.0036503883323604222
1463307561856237569,negative,0.2802316794762047
1463307562422571009,negative,0.007834695679497905
1463307569427058696,negative,0.026135735001229884
1463307569829756931,negative,0.0044677385067905875
1463307574409940992,negative,0.11803631575464675
1463307574514753536,negative,5.2594959007628326e-05
1463307574921601024,negative,0.20752834785223517
1463307579153649670,negative,0.0015900601837873004
1463307580013309956,negative,0.15057257221817874
1463307581062098947,positive,0.820723044870663
1463307581368193024,negative,0.04739320487319979
1463307582098055169,negative,0.0030623227570540728
1463307582458810370,negative,0.0011164501876246638
1463307589551370241,negative,0.04795325407484864
1463307593724698624,negative,0.015486783737689145
1463307594752274432,positive,0.906255253640091
1463307595737874435,neutral,0.45044353445647284
1463307597860139010,negative,5.6086033315231185e-12
1463307598204186632,negative,0.12482974041364932
1463307601966518272,negative,0.08358477247463203
1463307607293276163,negative,0.07810752912308905
1463307609708982280,negative,0.001278503335434978
1463307610715795460,negative,0.32506685266967134
1463307611550408705,negative,0.15740789395729915
1463307611571376128,negative,0.12901685206579014
1463307611642679301,negative,0.02658955995418834
1463307612661899266,negative,0.08540854791374912
1463307613253341187,negative,0.020834638408048462
1463307613702139905,negative,7.73495180427693e-08
1463307615107264512,negative,0.002065172054778316
1463307615476269056,negative,0.03137794380731952
1463307615824449544,negative,2.436228566362052e-07
1463307617628049411,negative,4.37631087420433e-05
1463307618806472708,negative,0.011256913434418776
1463307619666468872,negative,0.08358477247463203
1463307627497197569,negative,0.028691897435296838
1463307628084445190,positive,0.8819040037478941
1463307628411449346,negative,0.04510879582050428
1463307628428226561,negative,0.004375189697359173
1463307628474474497,negative,0.3187524816151701
1463307628562501635,negative,0.00010635929508086163
1463307628650512385,negative,0.007442774229979838
1463307628667416582,negative,0.039426175560387695
1463307628679892992,negative,0.15689399809156418
1463307630777184261,negative,0.062403371835180944
1463307632886919171,negative,0.0327513758115386
1463307636435304451,negative,0.04005599349046402
1463307636863086594,neutral,0.5621388743001355
1463307637097967616,negative,0.18935348926201737
1463307637177606154,negative,0.06155058885563235
1463307637534171144,negative,0.027385932891949946
1463307639446773762,negative,8.002453035430131e-07
1463307644186230786,negative,0.0011189202276457272
1463307644391800833,negative,0.016746974030020234
1463307651127775232,negative,1.2711477894725714e-05
1463307652889513992,negative,0.005502719785049532
1463307653183062023,negative,0.02658955995418834
1463307656186187778,negative,0.0008415866019694305
1463307656865763328,negative,0.02268711548284814
1463307659684114438,positive,0.8009158272758502
1463307662096048129,negative,0.007834695679497905
1463307662196621312,negative,0.0009842186480470375
1463307664255959044,negative,0.020359949575167464
1463307671960883203,negative,0.004495093838512992
1463307675941416960,negative,0.03853237425674583
1463307678411902977,negative,0.00011166597466690104
1463307679191998465,neutral,0.6472779073050103
1463307683080163331,negative,0.0024939101149134323
1463307686318067713,negative,0.0027604248468990236
1463307692546707459,negative,0.03684379267976379
1463307694899707904,negative,6.33010690838581e-05
1463307696007008263,negative,5.2594959007628326e-05
1463307702864695302,negative,0.0408782748492975
1463307703191695362,negative,0.14468049514465023
1463307706865831940,neutral,0.40444045655815125
1463307710791929863,negative,0.08312743898584807
1463307711018381318,negative,0.2921331436983558
1463307711483895813,negative,0.25116581664308035
1463307713803341824,negative,0.032774102927251844
1463307714273202182,neutral,0.4025365808892229
1463307715007160326,negative,0.1535970345353993
1463307719084019713,negative,0.0006050389776378276
1463307719167729664,negative,1.1213706294965168e-07
1463307720317181957,negative,0.02658955995418834
1463307720879132672,negative,0.02268711548284814
1463307726017249284,negative,0.0029635012969353807
1463307726990286858,negative,0.0018121461720554716
1463307727950778372,negative,0.0028013026598330717
1463307728017928193,positive,0.7534578611909433
1463307731008475141,negative,6.257345695955809e-07
1463307731566215171,negative,0.027385932891949946
1463307731754831872,negative,0.020082779471179375
1463307733176700929,negative,4.149210128010626e-06
1463307733361467399,negative,0.0005190770147865705
1463307735127187457,negative,0.15969174169939504
1463307737534799872,negative,6.040660516420243e-13
1463307739052920836,negative,0.008866736460306727
1463307739178975234,negative,0.24995389810902635
1463307740357484544,negative,3.619424085051763e-05
1463307740437258241,negative,0.002420441635698889
1463307740856659971,negative,0.00023406797830236435
1463307741473095681,negative,2.5010587986395277e-05
1463307743746572290,negative,0.19558011933134006
1463307744052580352,positive,0.9506777883972952
1463307745210376194,negative,0.0032273036188326704
1463307745914880002,negative,3.2512061872902184e-05
1463307747261403138,negative,2.315560293361246e-08
1463307749949943810,negative,2.387269700973947e-05
1463307753745797125,negative,0.04567701779860111
1463307756614696963,negative,0.0071081222032612825
1463307757357088769,negative,3.308181294457792e-06
1463307757759520768,positive,0.7954014824903668
1463307758657318912,negative,0.06662580252650052
1463307759210934280,negative,0.01655022480749108
1463307763145007104,negative,0.00013770608098590123
1463307768945905665,negative,0.009124002827126564
1463307770359390208,negative,0.0008042428618196086
1463307772762730496,negative,9.652866636191018e-11
1463307774067187713,negative,0.026664785802815158
1463307775635861512,neutral,0.45044353445647284
1463307783152021511,negative,1.1413535678504577e-07
1463307783311347714,negative,0.004399040590130849
1463307784284475393,negative,0.08082632282032505
1463307786905735169,negative,4.698609297030232e-06
1463307787585294336,positive,0.9037606350393185
1463307788428398599,negative,2.3124752999149234e-05
1463307790391386116,negative,0.08358477247463203
1463307798054322184,negative,0.020987904009182573
1463307799946006530,negative,0.08358477247463203
1463307801321746436,negative,0.10583244429038874
1463307802462633990,negative,6.33553266253316e-05
1463307805197221890,negative,0.027144974968858697
1463307809475362816,negative,0.01655022480749108
1463307810058358785,negative,0.009811920374074783
1463307814202396675,negative,0.004555419290877767
1463307814869385223,negative,0.0005518012485687466
1463307815569825801,negative,0.06031173566632119
1463307820309303302,negative,6.562068368526213e-08
1463307820841984004,negative,0.08358477247463203
1463307825556254720,positive,0.820723044870663
1463307826978304001,negative,0.005085892478933984
1463307827590672385,negative,0.05276517896649536
1463307829478055939,negative,0.021774468191198954
1463307831516413956,negative,5.266475284643326e-05
1463307832112070656,negative,0.04294192260104147
1463307836293799937,negative,7.855904305762168e-05
1463307837258489861,negative,9.132789915687886e-06
1463307841754877953,negative,0.07172133648996415
1463307850193768448,negative,5.245072175190982e-05
1463307850239860741,negative,0.08358477247463203
1463307851837943808,negative,0.02658955995418834
1463307852441800704,negative,0.05694114302368464
1463307853515526150,negative,0.06031173566632119
1463307857345093636,negative,0.06942564205367549
1463307861048627202,neutral,0.516720656728032
1463307861920993281,negative,0.08082632282032505
1463307863628070919,negative,0.05809724377792235
1463307863904956419,negative,0.008116917003869585
1463307864978739203,negative,3.11604828183886e-05
1463307867050680323,negative,5.28641086402078e-09
1463307868048961540,negative,0.0015061768545809242
1463307877783945222,negative,0.08149233225415205
1463307880044630022,negative,0.05535121467426282
1463307880044638216,negative,0.22561333375529458
1463307880338231296,neutral,0.464864532285141
1463307881198112770,negative,0.0008414930630390123
1463307884658311172,negative,0.01049136816611522
1463307884863885312,negative,0.005939609068780041
1463307886419918851,negative,0.24761097263738932
1463307887011323908,neutral,0.6323720940364075
1463307889427296256,negative,0.026664785802815158
1463307890559787009,negative,0.004399040590130849
1463307890589147136,negative,0.02658955995418834
1463307896490397696,negative,0.07934157820872899
1463307897673117698,negative,0.010385539399931715
1463307909530537985,negative,0.145779073095437
1463307910084276231,negative,2.179705110929363e-11
1463307910587588615,negative,0.01400691253186729
1463307912223330307,neutral,0.4513605618894927
1463307913615663108,negative,0.00013770608098590123
1463307914307940352,negative,0.02268711548284814
1463307917558530048,negative,0.1285450970962495
1463307919475183619,negative,0.0028060155499377367
1463307925297020929,negative,0.0010150978877045786
1463307925989036034,negative,0.00013770608098590123
1463307927482155011,negative,0.2621359948357879
1463307928002310144,positive,0.8461067755531079
1463307929495420936,negative,0.0894513323303979
1463307930917380102,neutral,0.40665750631839587
1463307931647193089,negative,0.002303796363162549
1463307932930650116,neutral,0.49789225920557484
1463307934465675269,negative,0.02658955995418834
1463307940115406853,negative,9.478949120695687e-05
1463307945693917195,negative,1.221873550139507e-05
1463307947514208261,negative,0.20875982241717492
1463307948617306112,negative,2.2117309100242074e-06
1463307951330971654,negative,3.501305410778864e-05
1463307951633014795,negative,5.2594959007628326e-05
1463307952710840324,negative,0.003798057642483193
1463307953017077766,negative,0.06448816453390485
1463307953516257285,negative,5.2594959007628326e-05
1463307954078240771,negative,0.003856200498889598
1463307960982065152,negative,0.0030623227570540728
1463307966673735681,neutral,0.49789225920557484
1463307967370043396,negative,0.0327513758115386
1463307967420375040,negative,0.02658955995418834
1463307975280545797,negative,0.017544979936894075
1463307976035516421,negative,0.0005518012485687466
1463307976593358849,negative,0.1753378186257927
1463307978484994051,negative,1.7613744028016022e-05
1463307981072728065,negative,1.2892911749954124e-06
1463307982654119940,positive,0.8819040037478941
1463307986798055424,negative,0.0008042428618196086
1463307991692845061,negative,0.0030623227570540728
1463307992581898240,neutral,0.49789225920557484
1463307993022353410,negative,0.058771673509052526
1463307995597705218,negative,2.387269700973947e-05
1463307997334093828,negative,0.0018077559243095264
1463307997585805325,negative,0.02658955995418834
1463307998206509060,positive,0.9938091492066018
1463307998319763463,neutral,0.6096106313653924
1463308002543513603,negative,0.1108099225761991
1463308002925195269,negative,0.0005905183486529052
1463308004938366977,negative,0.07573400513655643
1463308005353611267,negative,0.08358477247463203
1463308005638905856,positive,0.9517245491093943
1463308006242676736,neutral,0.49789225920557484
1463308006985248773,negative,0.0994219120625472
1463308008658653185,positive,0.9705144477079435
1463308008830738432,negative,0.1285450970962495
1463308009548005378,negative,0.0007538563178729745
1463308011078926336,negative,0.043068745868525694
1463308016888033282,neutral,0.4333846054595297
1463308019685548038,negative,0.020478112694721426
1463308021082337281,negative,0.20875982241717492
1463308024093851648,negative,7.45063634904378e-07
1463308024743751685,neutral,0.41710648645367876
1463308025977085953,negative,0.0002444437459348797
1463308026677444610,negative,0.15980623683619893
1463308028896292876,neutral,0.45044353445647284
1463308031165411330,negative,0.2429937718899652
1463308033765826563,negative,0.12482974041364932
1463308033946263557,positive,0.7264073633687435
1463308035145748484,negative,0.19558011933134006
1463308036609609736,negative,1.6075820707547913e-05
1463308044457156611,negative,0.004399040590130849
1463308045656670213,negative,0.012129793541797421
1463308046789222402,negative,0.21139109066500397
1463308048496214018,negative,0.001029053378529251
1463308050044014594,negative,5.804325232144409e-07
1463308053097320453,negative,0.0292894705271685
1463308054661791745,negative,0.022213826976516738
1463308057887313930,neutral,0.3479730806233232
1463308058227060737,negative,0.002448536941003209
1463308059523129352,negative,0.12345023947900718
1463308064170385408,negative,0.0327513758115386
1463308064862449665,negative,9.185651170322761e-05
1463308066623995906,negative,0.002332191327049441
1463308068079370244,negative,0.0028060155499377367
1463308071191650304,negative,0.00013770608098590123
1463308072600973320,negative,0.02658955995418834
1463308073930571777,negative,0.032549566908133216
1463308077369856003,negative,3.501305410778864e-05
1463308078498070536,negative,0.20228306510656144
1463308079697645569,negative,2.3277918946273786e-11
1463308080255582215,neutral,0.4204806037801102
1463308081010548742,negative,0.03551465779574543
1463308081685794819,negative,0.1894978143873738
1463308082029682695,negative,0.13273803034579412
1463308089193549832,negative,0.2921331436983558
1463308091253051392,neutral,0.6167627243165027
1463308091752009728,negative,0.30274877996786054
1463308094985936898,negative,0.1670037409131318
1463308097523523593,negative,0.001356362689039249
1463308097586405378,negative,0.2958472360916267
1463308101990375430,negative,0.029508397574420055
1463308102200172557,negative,0.0844512826519491
1463308103496175619,negative,0.01655022480749108
1463308103785529344,negative,0.1951343381307818
1463308104188235776,negative,0.01175101331243613
1463308107707211784,negative,0.00702950357139366
1463308109783334925,negative,0.0004315709877800076
1463308110999789568,negative,0.0005045112790287377
1463308112090189826,negative,0.00013770608098590123
1463308113575125000,negative,0.026664785802815158
1463308116435640320,negative,2.3216568633665776e-07
1463308119128391680,negative,0.1520218424940264
1463308122341232640,negative,0.004751026808561191
1463308126183206916,negative,0.3119705578639105
1463308127764418567,negative,0.010634111200109521
1463308129735634946,negative,0.005857829959809206
1463308133305094145,negative,1.1213706294965168e-07
1463308137188966407,negative,0.0024526085271011646
1463308137587372032,negative,0.08082632282032505
1463308141991370758,negative,1.7056894204260003e-09
1463308146156441600,negative,0.0018606756803908227
1463308149381861378,neutral,0.6217146280250095
1463308154708496387,negative,0.0001612793179743191
1463308157330108416,negative,0.05935298276303522
1463308157929799682,neutral,0.42555220229225454
1463308161406930948,neutral,0.6217146280250095
1463308167488565251,negative,4.399794683741098e-05
1463308171892645893,neutral,0.43728374938788134
1463308174711267340,negative,0.02658955995418834
1463308175273250820,negative,0.004917537098153301
1463308179605962757,negative,0.007603304696512612
1463308183015936002,negative,0.1273130657105679
1463308185457078273,negative,0.04022609097407594
1463308186711212038,negative,0.04471607360570968
1463308191492620296,negative,0.04795325407484864
1463308191828254720,negative,0.0019486016560153955
1463308192486764545,negative,4.5277387621421387e-07
1463308194269175817,negative,0.00026382390622922957
1463308197079486464,negative,0.001314712308481335
1463308199424106500,neutral,0.5649303135382986
1463308205539299328,negative,0.04858381329053036
1463308206420148225,negative,0.03169664933852445
1463308207183605762,negative,0.17234327269445374
1463308208710328327,negative,0.07928456770244272
1463308217950212096,negative,0.252900346474942
1463308219091144707,negative,0.02658955995418834
1463308220248866823,negative,0.0913258027028035
1463308220475269120,negative,0.020759974277790645
1463308220554960900,negative,0.026664785802815158
1463308221184192519,negative,0.02658955995418834
1463308223046422530,negative,0.027409004353111072
1463308223147032579,negative,0.013002057571099243
1463308226045296640,negative,0.03458123345722618
1463308227794329602,negative,0.009673519275999192
1463308229455192064,positive,0.800391152599694
1463308230013202433,negative,0.0027604248468990236
1463308230742790147,negative,0.042618842339082495
1463308232143876096,negative,0.07000445077672114
1463308234899525639,negative,2.5241706631561347e-05
1463308235767640075,positive,0.8153502314244278
1463308236245905412,negative,0.005502719785049532
1463308238074662913,negative,5.425590034087465e-09
1463308241513951232,negative,0.02658955995418834
1463308244701650944,negative,0.07441252720046677
1463308245339189251,neutral,0.43728374938788134
1463308248015151104,negative,8.399777946968319e-07
1463308251563397121,negative,1.8482014175253504e-05
1463308251588665345,negative,5.06141830113258e-07
1463308254080028673,negative,0.00013770608098590123
1463308259733823489,negative,0.00013770608098590123
1463308260631625730,negative,0.03440098158220367
1463308262284185604,negative,0.25116581664308035
1463308262787502082,positive,0.9349847978318895
1463308270160990208,negative,0.0009841149513415668
1463308270333050886,positive,0.7264073633687435
1463308271973027842,negative,1.1213706294965168e-07
1463308278574813187,negative,0.016695364809665103
1463308280168517632,neutral,0.46127768308170247
1463308284564320258,negative,9.978389605988005e-05
1463308286556622850,negative,0.17059119574709938
1463308287865241602,negative,0.29137236103680736
1463308291161956352,negative,0.0004914064911857691
1463308293556736001,negative,4.8393666501515636e-05
1463308295465320452,negative,0.02981620447084569
1463308298564812801,negative,0.005230697198819653
1463308298984251395,negative,3.1378469815680113e-06
1463308299315646468,negative,0.0010227012355306234
1463308299437330441,negative,0.026862158601890902
1463308299768631296,negative,0.002279070760209887
1463308302687735811,neutral,0.41664735611085507
1463308305829347328,negative,0.21541341752467902
1463308305883975681,neutral,0.3553756962468318
1463308308035489793,negative,0.00013770608098590123
1463308315233038339,negative,0.0327513758115386
1463308315799216130,negative,0.008472437455937426
1463308316789067785,negative,0.010711203328902822
1463308316948541442,negative,0.010135738269917084
1463308319054090243,negative,0.0032766448619589474
1463308319658024963,negative,5.2594959007628326e-05
1463308319934894088,neutral,0.4733004037160671
1463308324666019846,negative,0.008557888727004295
1463308329275559938,negative,0.030570306788371648
1463308335172706308,negative,0.0537051897184303
1463308337768910852,negative,0.006081467082006717
1463308340642168837,negative,0.15402560676932125
1463308342831599624,negative,0.2441848769976919
1463308343066468356,neutral,0.43565182342698233
1463308344429621260,neutral,0.516720656728032
1463308345104818179,negative,0.006567404822293448
1463308345947869186,negative,0.00487593183689154
1463308350150557707,negative,8.090562644897277e-07
1463308350377144321,negative,0.057390795018945326
1463308352277078016,negative,0.013257944994026018
1463308354219094016,negative,0.0030623227570540728
1463308361307504643,negative,0.029019692492998378
1463308361898749955,negative,0.06942564205367549
1463308362150551561,negative,0.00034130233621913953
1463308362414792710,negative,0.0008399444244319324
1463308363744358401,positive,0.9389650027287063
1463308364822290432,negative,4.178665579464769e-06
1463308369394032640,negative,6.008647857190373e-09
1463308369700265996,negative,0.06031173566632119
1463308370534797314,negative,0.002287024482886074
1463308372032331780,negative,0.007031383648329324
1463308372409819140,negative,1.0300149911902415e-08
1463308374238498823,negative,0.008522387132958406
1463308374985039875,neutral,0.49789225920557484
1463308379749855232,negative,0.012608134878858934
1463308383386148865,negative,0.022967120736641342
1463308383549894663,negative,0.003740527382814601
1463308385571708929,negative,3.11604828183886e-05
1463308388553695234,negative,0.01400691253186729
1463308389543555073,negative,0.03036975380023947
1463308389640028161,negative,0.00012766000902265934
1463308389870624768,negative,0.23972773971202263
1463308390864666625,negative,0.012608134878858934
1463308391141363713,negative,0.037502854367503446
1463308394245337092,negative,0.08358477247463203
1463308397067997185,negative,0.24769443846337152
1463308397160325121,negative,0.008745152252185116
1463308400297717763,negative,0.07195804762656931
1463308400662622210,negative,1.1213706294965168e-07
1463308401883103237,negative,0.0014546650382252697
1463308402516541443,negative,0.012608134878858934
1463308404357799937,negative,1.1213706294965168e-07
1463308405121167361,negative,0.027144974968858697
1463308409130921987,negative,0.006668481790763897
1463308411936940039,negative,6.831435620067773e-07
1463308412222017537,negative,0.0002971914354389384
1463308413010690048,negative,0.11961053565097994
1463308413237186569,negative,0.012608134878858934
1463308414172418048,negative,0.1037966775678734
1463308418249281537,negative,0.0023962209719185627
1463308419696234498,negative,0.05049205239456176
1463308422280011777,negative,0.011065710726809286
1463308422384865288,negative,0.05027213358848634
1463308422720405510,negative,0.15740789395729915
1463308424377159680,negative,0.012608134878858934
1463308424754700291,negative,0.0005905183486529052
1463308424976945161,negative,0.11803631575464675
1463308426575069185,negative,0.016695364809665103
1463308428974120962,negative,0.00903522621353697
1463308430861602823,negative,0.01692304345367992
1463308431599837190,neutral,0.4107136995830411
1463308432707133444,negative,0.08358477247463203
1463308433319415809,negative,4.6112442680673044e-07
1463308433982214149,negative,0.012608134878858934
1463308436205092866,positive,0.8959735523353933
1463308437408956419,negative,0.1257787861851118
1463308438536998913,negative,1.296249526821544e-07
1463308439380271111,negative,0.012608134878858934
1463308439497625602,negative,0.0011164501876246638
1463308440235827208,positive,0.8819040037478941
1463308440256794625,negative,0.07076864220733249
1463308447563218946,negative,9.448395918852156e-09
1463308448075030529,negative,0.0015156745408054977
1463308449383686149,neutral,0.40894589973255985
1463308449568239618,negative,0.20875982241717492
1463308450872668163,negative,0.012608134878858934
1463308454358097920,negative,0.04601305303704684
1463308456128131072,negative,1.4122845773114275e-05
1463308459428892672,neutral,0.6096106313653924
1463308461731688454,negative,0.0012431988436040523
1463308465284292615,negative,0.15402560676932125
1463308465288499204,negative,0.0023962209719185627
1463308466752212997,negative,0.17234327269445374
1463308470300647429,neutral,0.4985928500860049
1463308470665502720,negative,4.399794683741098e-05
1463308473299611650,negative,0.00013770608098590123
1463308474234908674,negative,0.009619255114807197
1463308475220602882,negative,0.012608134878858934
1463308477644738563,negative,1.2762028660666067e-05
1463308478148141064,negative,0.12022011318827365
1463308479393845252,negative,0.02658955995418834
1463308479700033541,negative,0.0005518012485687466
1463308482841657344,negative,1.1213706294965168e-07
1463308484779425793,negative,0.012608134878858934
1463308486377447431,negative,6.831435620067773e-07
1463308493180579840,negative,0.00011121608492557836
1463308494917021696,negative,0.012608134878858934
1463308497655902219,negative,3.2274489918169597e-11
1463308499799220230,neutral,0.6367547218900916
1463308503062401035,negative,0.04414515735960654
1463308504224129027,negative,0.06031173566632119
1463308504769388544,negative,0.07195804762656931
1463308507248312323,negative,0.06329332576371227
1463308508779237377,negative,0.07195804762656931
1463308508950974465,negative,0.11682160872386131
1463308509324496896,negative,0.000407444107095905
1463308509903085570,positive,0.9919106012699297
1463308511404830729,negative,0.02658955995418834
1463308512231100422,neutral,0.39013918382695933
1463308512595951620,neutral,0.5713508100603938
1463308521336807427,negative,4.698609297030232e-06
1463308523887120397,negative,0.012608134878858934
1463308524151267333,negative,0.006004081421565638
1463308528563724288,negative,0.012608134878858934
1463308533559136261,negative,0.2429937718899652
1463308535685595141,negative,0.004399040590130849
1463308540853030913,negative,1.1692539021093319e-06
1463308542820114438,negative,0.2055910025693214
1463308543600340993,negative,0.323112319757357
1463308544632049664,negative,0.0327513758115386
1463308545235963905,negative,0.0012619400472202238
1463308545445748737,negative,4.3212407405009123e-16
1463308551464574978,negative,0.09789928535029414
1463308553620447235,neutral,0.3479730806233232
1463308554547441667,negative,6.831435620067773e-07
1463308554832596998,negative,4.545803836764526e-05
1463308555361030147,negative,0.0025220579061143037
1463308556757778445,negative,0.07833678109913776
1463308557428875266,negative,0.02658955995418834
1463308558439796741,neutral,0.45044353445647284
1463308558464962561,negative,0.00012192080044528326
1463308560415309831,negative,0.011455891141406199
1463308562403364864,negative,0.0011164501876246638
1463308564156592131,neutral,0.6217146280250095
1463308564680826886,neutral,0.49789225920557484
1463308565817483265,negative,0.012608134878858934
1463308565821759489,negative,0.012608134878858934
1463308567453306881,positive,0.9736258370007795
1463308570687062021,negative,0.10997249624197127
1463308570796216326,negative,3.2078531358270684e-05
1463308576617910277,negative,0.012608134878858934
1463308577947500547,negative,0.0023962209719185627
1463308580342403076,negative,0.03454408447477141
1463308580879319042,negative,6.491880218807068e-06
1463308583429410828,neutral,0.4478889398505506
1463308583744020480,negative,0.08358477247463203
1463308584528322565,negative,0.0030623227570540728
1463308585799233540,negative,0.2621359948357879
1463308586805780486,negative,0.0024038712998981633
1463308587644723203,negative,1.0179073662640333e-08
1463308590534606860,negative,0.012608134878858934
1463308591285293060,negative,0.007432417665061783
1463308593608994824,negative,0.012478870394340896
1463308594980528130,negative,0.0014157398335371146
1463308597140627457,negative,0.11803631575464675
1463308597585137668,negative,0.012608134878858934
1463308598604439553,negative,0.20829468287363154
1463308600214843393,negative,0.00011789037530055178
1463308604677804033,negative,0.0011319742954638227
1463308604702871555,negative,0.32195147969670806
1463308613829730305,negative,0.009343102261362915
1463308616694476806,negative,0.012608134878858934
1463308617197756419,negative,0.00903522621353697
1463308618153881600,negative,0.0018999136167972626
1463308620855230478,negative,1.2762028660666067e-05
1463308621069099009,negative,6.831435620067773e-07
1463308624525242369,negative,0.026664785802815158
1463308625791885314,neutral,0.46127768308170247
1463308628518060033,positive,0.8769757853318003
1463308630246277131,negative,0.004399040590130849
1463308630535639050,positive,0.9332860079947569
1463308630808276992,neutral,0.5528330467936541
1463308631177314309,neutral,0.44055370201414834
1463308631898832898,negative,0.1753378186257927
1463308637280129025,neutral,0.49789225920557484
1463308639247036417,negative,0.016474221293556184
1463308640128061443,negative,0.01477377033184893
1463308640165806085,negative,0.012608134878858934
1463308643064070144,negative,0.000325190534130437
1463308652299890695,negative,0.012608134878858934
1463308653365186565,negative,0.11162774462394323
1463308658910105606,negative,0.00025462665156867915
1463308669911658497,negative,0.1753378186257927
1463308671220342788,negative,0.012608134878858934
1463308674076663809,neutral,0.657508817795831
1463308675204870147,negative,0.0031901122935085297
1463308677247606786,negative,4.545803836764526e-05
1463308684235350016,negative,0.005980968924254778
1463308684684144641,negative,0.012608134878858934
1463308687238443010,negative,0.20875982241717492
1463308690719752192,negative,0.29752088227761003
1463308696637820928,negative,2.0896843645217648e-05
1463308702597873671,negative,6.628423007098322e-05
1463308703722086405,negative,0.012608134878858934
1463308707425665024,positive,0.9944332804247715
1463308712450400256,neutral,0.5595124333529871
1463308715864514561,negative,0.0327513758115386
1463308718771212289,negative,0.11670530280836314
1463308720570523648,negative,0.012608134878858934
1463308725066760195,negative,0.0007538563178729745
1463308725087789056,negative,0.012608134878858934
1463308734193614857,negative,0.012608134878858934
1463308737301688322,negative,0.1753378186257927
1463308738870185984,negative,0.020359949575167464
1463308743106568193,negative,0.012608134878858934
1463308743681130506,negative,0.014196291634046638
1463308745857900550,neutral,0.3634371704599313
1463308746713620480,positive,0.9999970835581318
1463308765935988737,negative,0.012608134878858934
1463308775276924934,negative,0.00041462376494317605
1463308776304304128,negative,0.14951114625048048
1463308786853158916,negative,0.05246936702316154
1463308810173526023,negative,0.15689399809156418
1463308810597158920,negative,0.1803745845582449
1463308811981266945,negative,0.02268711548284814
1463308814111821833,positive,0.8640249250127049
1463308816175538179,negative,0.006004081421565638
1463308828045312001,negative,0.04795325407484864
1463308832663351305,negative,3.501305410778864e-05
1463308834626158595,negative,0.004399040590130849
1463308839009333251,negative,0.09030034368882121
1463308841874083843,negative,0.012608134878858934
1463308855648083975,negative,0.001955022404692732
1463308855652368387,negative,0.05032789124503134
1463308863898271751,negative,0.025877625563009765
1463308864611254275,negative,0.009559205325635213
1463308867769712652,negative,0.19814673853256212
1463308870747492352,negative,0.0657181943466185
1463308874157629447,negative,2.7097174064419043e-07
1463308875621412865,negative,0.012608134878858934
1463308879228452866,negative,3.806647761835456e-05
1463308879853408258,negative,0.03598039214590406
1463308884182028292,negative,0.026862158601890902
1463308890611851276,negative,0.012608134878858934
1463308891219972101,negative,0.03598039214590406
1463308891576483840,negative,0.22632972107087432
1463308897788129284,negative,0.021741112726399767
1463308900355264512,negative,0.003940950735715123
1463308901030535168,neutral,0.3479730806233232
1463308904914468873,negative,0.012608134878858934
1463308905174298624,negative,0.009686172844587726
1463308909196632070,negative,0.037715843773937434
1463308912623603720,negative,0.012608134878858934
1463308913298788353,negative,0.015293570791221888
1463308918134915077,negative,0.0005905183486529052
1463308918843744260,negative,0.017697042853704114
1463308920387158017,negative,0.04718548506878257
1463308928046059522,negative,0.00041929838607038364
1463308928469585929,negative,0.09030034368882121
1463308931371986944,negative,0.15057257221817874
1463308933729333253,negative,0.0408782748492975
1463308935058841606,negative,0.22632972107087432
1463308937177059332,negative,0.012608134878858934
1463308940058382340,negative,0.026246718722287253
1463308940658229249,negative,0.012608134878858934
1463308946232467460,negative,0.005251666889076119
1463308949915148296,negative,3.501305410778864e-05
1463308952855269383,neutral,0.3397172522164106
1463308955879313408,negative,0.012608134878858934
1463308966612516866,positive,0.9207312126678582
1463308968101650435,negative,0.004495093838512992
1463308971180281860,negative,0.012608134878858934
1463308971897356292,negative,0.0030623227570540728
1463308982311956480,negative,0.08663246403919907
1463308988381081604,neutral,0.49789225920557484
1463308990885113858,positive,0.8177027888441318
1463308991929327618,negative,0.0019342531122036831
1463308993653354500,negative,0.012608134878858934
1463308999781060610,negative,9.132789915687886e-06
1463309004432715776,negative,0.04567701779860111
1463309005565022214,positive,0.9543731811183742
1463309006278213634,negative,0.006291242912215125
1463309026721214468,neutral,0.3698767190390309
1463309033360826368,neutral,0.49789225920557484
1463309050242813966,negative,3.501305410778864e-05
1463309053745143808,negative,0.0067409275812214675
1463309060627914758,negative,0.012608134878858934
1463309061227794432,negative,1.1277906132337621e-05
1463309064369287177,negative,0.08312743898584807
1463309067192049668,negative,0.06969527096612994
1463309068785930240,negative,2.436228566362052e-07
1463309069012377604,negative,0.001356362689039249
1463309069565968386,negative,0.04795325407484864
1463309072162197505,negative,0.006155931051099508
1463309072787296260,negative,0.09030034368882121
1463309078994817028,negative,0.12578965591542693
1463309088348008454,negative,0.1753378186257927
1463309091099533312,positive,0.906255253640091
1463309091686727683,negative,0.006004081421565638
1463309091925901314,negative,0.023933884956904693
1463309093700091908,negative,0.012608134878858934
1463309094446682112,negative,0.00010305502429237152
1463309099144257542,negative,0.017413310432263397
1463309102378110982,negative,0.0006412453188427646
1463309103405559810,negative,0.017126391454881505
1463309104303251457,negative,0.02268711548284814
1463309108363284481,negative,3.501305410778864e-05
1463309115988529155,negative,0.017925157869927506
1463309121617379331,negative,0.09030034368882121
1463309141959757830,negative,0.08580177200518932
1463309151455617026,negative,0.0053251136612042175
1463309164348858370,negative,3.501305410778864e-05
1463309166622216199,negative,0.060991155166451455
1463309170611040257,negative,3.6039949622047824e-06
1463309171521171456,negative,0.08358477247463203
1463309171873357828,negative,0.004399040590130849
1463309176785014786,neutral,0.4250726085840727
1463309178550857749,neutral,0.5318866701224673
1463309184183775232,negative,0.09030034368882121
1463309184951197701,negative,0.17899981398055312
1463309189627981827,negative,0.17899981398055312
1463309190571589633,negative,3.501305410778864e-05
1463309199631437824,negative,0.03804490777742497
1463309201091043328,negative,0.25305706303899383
1463309201262923776,negative,3.501305410778864e-05
1463309204572164102,neutral,0.49789225920557484
1463309208192008196,negative,0.08451199202271444
1463309213246140417,negative,0.12578965591542693
1463309216962076678,negative,0.1284576245685428
1463309220376309760,negative,0.0011193772687646476
1463309226986684420,negative,0.09030034368882121
1463309227750043650,negative,0.046715781257353324
1463309236482551820,negative,0.03169664933852445
1463309237791174656,negative,3.501305410778864e-05
1463309238302871555,neutral,0.49789225920557484
1463309238604808192,negative,0.10645929175446103
1463309257395388416,negative,0.20972133594880557
1463309259748298753,negative,0.0025010102036618987
1463309259773468679,negative,0.00039370833756549915
1463309282615590920,negative,0.0005905183486529052
1463309284528300035,negative,0.045740948534580064
1463309287896330240,negative,0.3119705578639105
1463309289850912772,negative,0.0004914064911857691
1463309291008450569,negative,0.23977007049053897
1463309293147459586,negative,0.023777013434107354
1463309293495586821,negative,0.08082632282032505
1463309301649453060,negative,0.22632972107087432
1463309302454755336,negative,0.0067409275812214675
1463309315398328320,positive,0.906255253640091
1463309325405933570,neutral,0.49789225920557484
1463309337259126786,neutral,0.49789225920557484
1463309341461725185,negative,3.501305410778864e-05
1463309347044433921,negative,3.501305410778864e-05
1463309349321940998,negative,0.0006457970553344072
1463309354791317506,positive,0.9961102855290601
1463309355726651397,negative,0.07441252720046677
1463309366308655106,negative,0.0807403586972732
1463309366459867139,neutral,0.3698767190390309
1463309368720445446,negative,0.0003313859169067002
1463309368884142082,negative,0.00240069399831646
1463309369588785153,negative,0.1670037409131318
1463309374810734598,negative,0.0020258894579634006
1463309382020702218,negative,0.01637140931627744
1463309399624241155,negative,0.1753378186257927
1463309402014990336,negative,0.031762790218680656
1463309407782154246,neutral,0.3479730806233232
1463309412072927232,neutral,0.42624647106123953
1463309413805088769,negative,0.002279070760209887
1463309415218561028,negative,7.909203759822417e-08
1463309434957045763,negative,0.1285450970962495
1463309437972762625,negative,0.05032789124503134
1463309448164745216,negative,0.004399040590130849
1463309450140389377,negative,0.010251338859252656
1463309451105124354,negative,0.059359624098349516
1463309457182576648,negative,0.017697042853704114
1463309461368541189,negative,0.017126391454881505
1463309467907461121,negative,2.272666724583464e-12
1463309470008852485,negative,0.06969527096612994
1463309486911889412,negative,0.017697042853704114
1463309487452737536,negative,0.2730430842932117
1463309491278024704,negative,0.13508223335519165
1463309494579081220,negative,0.023957815589342193
1463309501562458115,negative,0.001576243078481113
1463309501696778240,negative,0.0067409275812214675
1463309505760923655,neutral,0.46127768308170247
1463309509909229575,negative,0.007031383648329324
1463309526434779136,negative,0.017126391454881505
1463309528334848002,negative,0.10144186186072035
1463309528670351361,positive,0.7606249565871848
1463309540628254730,negative,0.03487567746049088
1463309542079483909,negative,0.22632972107087432
1463309542129819648,negative,2.427987846849871e-06
1463309546651197440,neutral,0.3498100102164933
1463309553311928324,negative,0.003237679840476559
1463309562077925378,negative,0.08663246403919907
1463309563042484226,negative,0.0013151734968199714
1463309566771347462,neutral,0.5221225748673838
1463309571494232064,negative,0.1753378186257927
1463309576363720705,neutral,0.3479730806233232
1463309581719945217,negative,7.73495180427693e-08
1463309582885920770,negative,0.11803631575464675
1463309589487579139,negative,0.009297354488559268
1463309595082780676,positive,0.8349477285155233
1463309601282170893,positive,0.7841195049787767
1463309607099580418,negative,0.048486510344447384
1463309631447613446,negative,0.00012766000902265934
1463309632827531269,neutral,0.516720656728032
1463309635402842117,negative,3.9737035976134585e-06
1463309641807372288,negative,5.848441595107718e-08
1463309648031719430,negative,0.00047325850668879845
1463309656625930242,neutral,0.49789225920557484
1463309663210917892,negative,0.03721997211650322
1463309663408050176,negative,0.007599860747652779
1463309668487335944,negative,0.14992798278980451
1463309670072950786,negative,0.030130517841625147
1463309673268924418,negative,2.387269700973947e-05
1463309673403199489,neutral,0.6268638708531873
1463309676133724168,negative,3.501305410778864e-05
1463309680487411712,negative,0.004571322450495424
1463309680982245385,negative,0.00011269761339013972
1463309681527513088,negative,0.05209420879796131
1463309682139873285,neutral,0.35509496682161057
1463309695200989188,negative,0.19594293277913183
1463309707175673863,negative,0.0019486016560153955
1463309712326332423,neutral,0.430933091246722
1463309719292968963,neutral,0.35624932880092736
1463309721507672064,negative,0.3107157598359625
1463309726364618752,negative,0.09030034368882121
1463309729409679367,negative,0.03668910353314854
1463309733184606211,negative,0.09030034368882121
1463309740491087875,negative,0.014265765898990274
1463309750607749121,negative,0.06969527096612994
1463309753791102980,negative,0.06682763289463807
1463309759419928582,negative,0.05809724377792235
1463309769779810306,negative,0.17784593089694367
1463309770165825542,negative,0.010385539399931715
1463309773110185988,negative,0.0009353085714249136
1463309781419003904,negative,0.0005988181955999419
1463309781599358976,negative,0.04449417572935908
1463309800306102280,negative,7.342020884532794e-07
1463309803925692419,negative,0.06776866884799859
1463309804298915840,negative,0.0006033472129201259
1463309805494411274,neutral,0.43728374938788134
1463309811819466756,negative,0.06969527096612994
1463309836788109317,negative,0.22632972107087432
1463309837383700484,negative,0.04567701779860111
1463309840290398212,negative,0.0033784825534617286
1463309848725049351,positive,0.9079456490464604
1463309856828530691,negative,0.03377967900358429
1463309858581721094,negative,1.4904992061302508e-08
1463309859525468169,negative,0.007031383648329324
1463309863728070662,neutral,0.49789225920557484
1463309866131460096,negative,0.11803631575464675
1463309895621480452,negative,7.705692397789047e-07
1463309898565967872,negative,0.046715781257353324
1463309903494320130,negative,0.004495093838512992
1463309910939107339,negative,0.0823939231543258
1463309914101760009,negative,0.10303752748114242
1463309917759152128,negative,0.10379525261464205
1463309923685736450,negative,4.473316250984076e-05
1463309928647606274,neutral,0.516720656728032
1463309929519984648,neutral,0.516720656728032
1463309936243318785,negative,0.004495093838512992
1463309936654442496,negative,0.000639756677570835
1463309941989593088,neutral,0.5496234661379427
1463309942073475078,negative,8.174345548734305e-05
1463309949245837316,negative,0.3040194357063758
1463309961841328132,negative,0.023777013434107354
1463309967306502146,neutral,0.4737554465528978
1463309974914973696,negative,1.578899808776787e-06
1463309975225126912,neutral,0.5286072606663944
1463309984977100800,negative,1.578899808776787e-06
1463309987032174594,negative,1.2352633057539476e-08
1463309989007798273,negative,0.1184347834059255
1463309991335636998,neutral,0.3551595670477042
1463309991855759363,negative,0.04502586231589745
1463309992170303489,negative,0.026270334023990375
1463309995597082624,neutral,0.516720656728032
1463309996242964481,neutral,0.516720656728032
1463309997195108352,negative,0.06969527096612994
1463309998126215172,negative,0.05085192100474956
1463310000311390217,negative,8.145715175251799e-07
1463310001359966209,neutral,0.40506534230917196
1463310001959849991,negative,0.0327513758115386
1463310006263197697,negative,0.06969527096612994
1463310011573149696,negative,2.3216568633665776e-07
1463310012441321472,negative,0.2023860839497017
1463310012554612739,negative,0.0894513323303979
1463310012822876161,negative,0.12475000790154106
1463310012906881029,negative,0.01496273354724754
1463310025296953348,negative,0.004701197553366562
1463310026777538562,neutral,0.46127768308170247
1463310027431849985,negative,0.18855438062364047
1463310028903911424,negative,6.303257707457437e-06
1463310029105217541,negative,0.1753378186257927
1463310030346670080,negative,0.017126391454881505
1463310030594260994,negative,0.08082632282032505
1463310031642890241,negative,0.08258795319384644
1463310034595549185,negative,0.004495093838512992
1463310036021616640,negative,0.004413715189423201
1463310036172611584,negative,1.1122519544335262e-05
1463310036286029825,negative,1.568120896344698e-05
1463310038416637957,neutral,0.49789225920557484
1463310040711016454,neutral,0.43728374938788134
1463310041201750024,negative,0.0023838665776235294
1463310043843944448,negative,0.028649545936065078
1463310044053835780,negative,0.004495093838512992
1463310044167090180,negative,0.016695364809665103
1463310048667607041,neutral,0.41274933845383965
1463310050596950019,negative,0.3029968537174699
1463310054812262404,negative,0.0327513758115386
1463310056775163906,negative,0.06171671987365934
1463310059421810689,negative,5.2594959007628326e-05
1463310061963563015,neutral,0.4302157084738883
1463310065004331008,negative,0.07008258089603402
1463310066904354818,negative,0.0002433967569029583
1463310069374885893,negative,1.9577655097726335e-08
1463310069638987776,negative,0.0011164501876246638
1463310072227020805,negative,0.006509348524971771
1463310074512822278,negative,1.8122468467887563e-06
1463310076253556736,neutral,0.45044353445647284
1463310076672978952,negative,0.0030623227570540728
1463310076920401922,negative,0.06969527096612994
1463310079046864900,negative,3.18432839834134e-05
1463310080712093696,negative,1.5847044502765475e-05
1463310082721128449,negative,0.016711275436231344
1463310083429965826,negative,0.17259437618408344
1463310088085647361,negative,0.0016970066499329744
1463310088744189953,negative,0.043068745868525694
1463310090237325312,negative,0.01307960434160754
1463310092573429761,negative,0.04096642881764291
1463310093500526594,negative,0.02658955995418834
1463310095429869568,negative,0.026664785802815158
1463310095572426757,negative,0.00592023577286277
1463310097443131393,negative,0.17870657538336748
1463310101255704581,neutral,0.3847231824206011
1463310105815011329,negative,0.04509512475081381
1463310108373495809,negative,1.4626678068351178e-05
1463310110692941826,positive,0.9633894245446962
1463310111246413825,negative,0.0002327505683008749
1463310111632412673,negative,0.007124898090343038
1463310112148312066,negative,4.698609297030232e-06
1463310118095892484,negative,0.04601305303704684
1463310122000732165,negative,0.0011164501876246638
1463310123154169860,negative,6.83557285065706e-05
1463310123535847424,negative,0.0029784886565644027
1463310124563369992,negative,0.0005905183486529052
1463310125951860736,negative,0.1151970915600929
1463310126547456001,neutral,0.5165065646167741
1463310127545651206,negative,0.06969527096612994
1463310133216358407,positive,0.9610880785046945
1463310138165583874,negative,0.001658413195313207
1463310139474202625,negative,0.03169664933852445
1463310144012496897,negative,0.022946450591294788
1463310145027510274,negative,1.9306702129748176e-05
1463310145056821252,positive,0.8756794327103009
1463310146671570944,neutral,0.49789225920557484
1463310147057561600,negative,0.00011166597466690104
1463310147779018755,negative,0.014777809666526327
1463310147942559745,negative,0.00013770608098590123
1463310150454984708,negative,0.002035410853418079
1463310150719225856,negative,0.037502854367503446
1463310151465635850,positive,0.9962959176082716
1463310151625158658,neutral,0.4063848318194522
1463310155001565185,negative,4.7844372093957124e-08
1463310155102273538,negative,0.11420000798047043
1463310155358031872,negative,0.17553960112221684
1463310155613974529,negative,0.20875982241717492
1463310158038249474,negative,1.4545076476365905e-05
1463310159191879681,negative,0.05085192100474956
1463310160177287171,negative,0.08540854791374912
1463310162547126272,neutral,0.3499352441185855
1463310162811396096,negative,0.08358477247463203
1463310164816281601,negative,0.0006606250271083519
1463310165818621953,negative,0.24448830347256115
1463310167706157058,negative,1.2229344216966074e-08
1463310174475755522,negative,0.24448830347256115
1463310174903578625,negative,0.0038186615258698083
1463310174978990088,negative,0.06599703537092312
1463310175037804546,negative,0.04502586231589745
1463310176245760006,negative,0.11189237113171442
1463310177457913856,negative,0.004399040590130849
1463310180540723202,negative,0.08132642712120977
1463310182121881607,negative,0.020759974277790645
1463310182142955524,neutral,0.41887129079038016
1463310182948253699,negative,0.02859656472288158
1463310185678745607,negative,0.016449038704443524
1463310187524018179,negative,5.380610440614561e-05
1463310190401536002,negative,0.011455062785567552
1463310193127796743,negative,4.638629586652722e-08
1463310201583456260,negative,0.0027604248468990236
1463310204037210114,negative,8.038831760604718e-05
1463310206675390468,negative,0.02658955995418834
1463310208407592963,negative,0.002685920318101717
1463310209082966021,negative,0.07458367775372127
1463310212530642948,negative,0.0030623227570540728
1463310214913007616,neutral,0.43728374938788134
1463310216930467846,negative,0.22632972107087432
1463310218025185286,negative,0.31698808412694807
1463310218771812356,negative,1.0761826232558193e-05
1463310221267382273,neutral,0.5169955073393762
1463310222446010371,negative,0.22416241720081156
1463310223544832001,negative,4.167521959870018e-06
1463310226254409734,negative,0.09791740003386531
1463310227961491457,positive,0.8819040037478941
1463310228754206725,positive,0.7662072066287412
1463310228808769537,neutral,0.39692478670867704
1463310230192861187,negative,0.30787644267035075
1463310231560204289,negative,0.02859656472288158
1463310231895691266,negative,0.3119705578639105
1463310232449433611,negative,0.004716485148882981
1463310232591945729,negative,0.04567701779860111
1463310232650719232,positive,0.8308726472689774
1463310233250504710,positive,0.8308726472689774
1463310236656312327,negative,0.3119705578639105
1463310237566390273,negative,0.00011789037530055178
1463310241920012288,positive,0.820723044870663
1463310247867650051,negative,0.001356362689039249
1463310249906032648,negative,1.7645944362320475e-05
1463310257640386569,negative,0.010715287322038605
1463310259175538692,negative,0.00013770608098590123
1463310261486559233,negative,0.0035867760826288745
1463310262480642056,negative,0.04567701779860111
1463310264061730820,negative,0.2524492983519806
1463310264200216579,positive,0.691001656166708
1463310265919942660,negative,0.1626163168902435
1463310267169783812,negative,0.001135576429859942
1463310269413826562,negative,0.07458367775372127
1463310270793756675,negative,0.0004605839033456769
1463310273985585152,neutral,0.49789225920557484
1463310276435095560,negative,0.022149511055796354
1463310276481241090,negative,0.05547907121160956
1463310276628041730,negative,0.11511596006644809
1463310276636385282,negative,0.03984296902486339
1463310276678373386,negative,0.0018809125920665195
1463310279123648518,negative,0.006876241325932485
1463310282604699651,negative,1.95950099088103e-06
1463310284978802691,negative,2.387269700973947e-05
1463310286270644225,negative,0.1626163168902435
1463310286807605250,negative,0.010385539399931715
1463310287155732485,neutral,0.4107136995830411
1463310289131257856,negative,4.37631087420433e-05
1463310291651989507,negative,0.02658955995418834
1463310291991764995,positive,0.691001656166708
1463310298585182210,positive,0.9945648843318009
1463310298849456130,negative,0.017126391454881505
1463310300833361924,negative,0.02658955995418834
1463310301835759619,negative,0.1766054526694436
1463310301886099457,negative,0.06448816453390485
1463310302427205636,negative,0.06969527096612994
1463310302657798146,neutral,0.46127768308170247
1463310305509789701,negative,0.2794653930830212
1463310305551867907,negative,0.05243514379539417
1463310306340487173,negative,4.626965718697611e-11
1463310308290830340,negative,5.3233472799156105e-05
1463310308307611649,negative,0.0013151734968199714
1463310308408242180,negative,0.016695364809665103
1463310309834305540,negative,0.02658955995418834
1463310312438915081,negative,0.1626163168902435
1463310312996757504,negative,0.11154443292387338
1463310313730842627,negative,6.83557285065706e-05
1463310314380873732,negative,0.000689241641357624
1463310315173687299,neutral,0.47115681135302107
1463310317623066624,negative,0.003765234682115003
1463310319632199685,negative,3.338636428659419e-05
1463310323222564867,negative,0.09682716582868214
1463310323553902593,negative,7.797456413745094e-05
1463310324409544708,negative,0.014302854575484714
1463310337911005187,negative,0.0327513758115386
1463310339790020616,negative,0.0009040522571637815
1463310343858532358,negative,0.018799670368456766
1463310344055570432,negative,0.00037857450610860366
1463310344085028873,neutral,0.49789225920557484
1463310344617709571,negative,0.0002764148870655305
1463310344693055494,negative,4.588093354192229e-07
1463310346157015046,negative,4.7263445113462986e-09
1463310349206097925,negative,0.2794653930830212
1463310349277478915,negative,0.14006731960655694
1463310349617311757,negative,0.15740789395729915
1463310351332745222,negative,3.171151045783252e-05
1463310351613583363,negative,1.568120896344698e-05
1463310352859504641,negative,0.07573400513655643
1463310354654629889,negative,0.0148063974928836
1463310355820593158,negative,4.698609297030232e-06
1463310356424581123,negative,0.06969527096612994
1463310358303674372,negative,0.11344952053901831
1463310359486341124,negative,0.00015459834057121225
1463310362019876868,negative,0.15740789395729915
1463310362594496518,negative,0.0026423909081964717
1463310363164823557,negative,0.006592077758138903
1463310364133707779,negative,0.24448830347256115
1463310365006221317,neutral,0.43728374938788134
1463310368953061377,negative,0.002429270686946489
1463310369481314304,neutral,0.39013918382695933
1463310370072891399,negative,0.00011166597466690104
1463310370383138823,negative,0.008850373380924505
1463310372006412292,negative,0.00929153055580254
1463310372044222471,negative,3.5308862277314355e-06
1463310373109616640,negative,0.06969527096612994
1463310373671608321,negative,0.04832608924492759
1463310376309776385,negative,0.0031095042805867786
1463310377899413510,negative,0.0010410871876012672
1463310379891757071,negative,0.06969527096612994
1463310381787529220,negative,0.08082632282032505
1463310384811683842,neutral,0.5114896109675308
1463310385101086722,negative,0.1382663474748412
1463310388079079436,negative,0.011807615384869215
1463310390503292929,negative,3.579210492933753e-09
1463310392638287872,negative,3.5162684522325175e-05
1463310393170825218,negative,9.557922074703333e-07
1463310395050012675,neutral,0.5257279900577134
1463310400234135558,negative,3.11604828183886e-05
1463310400489992194,negative,0.004801450362542131
1463310402503258117,negative,0.02658955995418834
1463310409478328320,negative,0.14006731960655694
1463310413576261634,negative,0.04795325407484864
1463310413861371908,negative,0.014110559448520237
1463310415576899586,positive,0.9725665379488998
1463310420920324101,negative,0.017126391454881505
1463310421457313797,negative,8.090562644897277e-07
1463310423164428297,negative,5.508000316454738e-07
1463310429359415309,negative,0.020908061755266272
1463310429770465282,negative,0.10030890730360321
1463310436535787525,negative,0.04567701779860111
1463310436875468803,neutral,0.49789225920557484
1463310442667905031,negative,0.12482974041364932
1463310447159885826,positive,0.9610880785046945
1463310448531546115,negative,0.00013770608098590123
1463310449957642243,negative,0.0001187022704439595
1463310453141090308,negative,0.11988313624368291
1463310457427705864,negative,0.05928667785702933
1463310457557725185,neutral,0.43728374938788134
1463310457771638788,negative,2.7097174064419043e-07
1463310458287529987,negative,3.21300483103267e-05
1463310459059253248,negative,0.026124152289548258
1463310459352850436,negative,0.07551015054827252
1463310464407027713,negative,0.1633340651145676
1463310469389770752,negative,0.04832608924492759
1463310471939854337,negative,1.0456796444276331e-06
1463310473772814342,negative,0.00013770608098590123
1463310476314558469,negative,0.11682160872386131
1463310477858160641,negative,0.03825595440283579
1463310477870735361,negative,0.02658955995418834
1463310478092947459,negative,9.260281868738787e-05
1463310479078604803,negative,0.0008057356381445223
1463310479686832132,negative,0.026449573197829923
1463310482354454529,negative,0.003765234682115003
1463310485449760769,negative,0.0001319800565203359
1463310489614786569,negative,0.02658955995418834
1463310489648254976,negative,0.0001093332655232771
1463310491686686721,negative,1.2229344216966074e-08
1463310494098280448,negative,0.027147844911919194
1463310494220042240,negative,0.02793201190634102
1463310494803054593,negative,6.83557285065706e-05
1463310497491554304,neutral,0.49789225920557484
1463310501413335042,negative,0.01468431596345518
1463310501476245510,negative,1.578899808776787e-06
1463310501681766402,negative,4.556875482990183e-08
1463310504034811911,negative,0.044179880756355164
1463310504273891335,negative,0.00011928103039787412
1463310504345038850,negative,0.3110150635968859
1463310504378744833,negative,0.3299670212202315
1463310505058222094,neutral,0.5630410866502906
1463310505720922113,negative,0.05809724377792235
1463310507918729217,negative,0.2773932782049625
1463310511366356993,negative,0.08580177200518932
1463310511827668994,negative,0.06031173566632119
1463310524037447681,negative,2.6587169472416874e-07
1463310524255543299,negative,0.0008312853911192422
1463310524406546439,negative,5.2594959007628326e-05
1463310525492826112,negative,0.15740789395729915
1463310526457462784,negative,6.060310687206308e-05
1463310534116352001,negative,4.609568316398201e-05
1463310541510918151,negative,0.0067409275812214675
1463310544971124742,negative,0.32506685266967134
1463310545361199117,negative,0.02658955995418834
1463310551132614656,negative,0.15740789395729915
1463310552638312449,negative,5.415033200021631e-07
1463310558694891532,negative,0.11189237113171442
1463310561245073415,negative,0.07008258089603402
1463310562792812544,negative,2.2226189966018976e-05
1463310566823501824,negative,0.04567701779860111
1463310567024865284,negative,3.501305410778864e-05
1463310570942308353,negative,0.06969527096612994
1463310572976414720,neutral,0.3592471363785349
1463310574083887105,negative,0.2534073393293287
1463310575438635013,negative,0.0005905183486529052
1463310579465175043,negative,3.94759834842626e-06
1463310584619933697,neutral,0.49789225920557484
1463310587308486656,negative,0.002420441635698889
1463310592832196610,negative,0.0008415866019694305
1463310597924302848,negative,0.21617588641486493
1463310597966209024,neutral,0.633610261294723
1463310599799062535,negative,0.026664785802815158
1463310600071786501,negative,0.18918702614810295
1463310601820651523,negative,0.00013770608098590123
1463310602001072135,neutral,0.5429133121739438
1463310603628396547,negative,0.011508784932145836
1463310605910261760,negative,1.568120896344698e-05
1463310607923523588,neutral,0.555693268231433
1463310608267362305,negative,0.02658955995418834
1463310610142216194,neutral,0.43728374938788134
1463310610884669446,neutral,0.5991592884951635
1463310616240787460,negative,0.2777618594961151
1463310622892998658,negative,0.0579651471298924
1463310625615011841,negative,0.00013770608098590123
1463310625715757060,negative,9.969880268804116e-05
1463310626357346306,negative,4.8393666501515636e-05
1463310627687047172,negative,0.11154443292387338
1463310629478055938,negative,0.02658955995418834
1463310629561847809,negative,0.04832608924492759
1463310630249807872,negative,0.06942564205367549
1463310636461424641,negative,0.22765480870451368
1463310638613250048,negative,0.017126391454881505
1463310638663581705,negative,0.0005197553540490587
1463310639850528768,negative,2.4883596944618004e-07
1463310640941088768,negative,0.2429937718899652
1463310643704963076,negative,0.02224793821608649
1463310648364855298,negative,0.011698172227845331
1463310648813703173,negative,0.04795325407484864
1463310650986352640,negative,0.11420000798047043
1463310651821117441,negative,0.11511596006644809
1463310652848680960,neutral,0.4147342023902695
1463310653381304326,negative,0.027409004353111072
1463310653557518336,negative,0.0067409275812214675
1463310654023127043,negative,0.011246137525332031
1463310661677637635,negative,0.18509236577765614
1463310662638178309,negative,0.32506685266967134
1463310664257130498,neutral,0.36859278994671074
1463310665632956416,negative,0.0051514370379911
1463310666094170112,negative,0.002221547418403091
1463310668405383174,negative,0.03172005315302954
1463310671089745920,neutral,0.46406472148666944
1463310673455333382,negative,0.0002971914354389384
1463310676722700290,negative,0.012982247066064271
1463310677192462342,negative,0.0018014498281238044
1463310677725093894,negative,0.017126391454881505
1463310687455830016,neutral,0.5496234661379427
1463310690941386753,negative,0.1753378186257927
1463310693055320069,negative,0.04795325407484864
1463310694888132615,negative,0.0028060155499377367
1463310695857065987,negative,3.649872539649156e-05
1463310696192655361,negative,0.0002581639872899737
1463310697350111240,negative,0.00016036487478427697
1463310700563083269,negative,0.0008057356381445223
1463310701058039810,negative,0.0002581639872899737
1463310708960112643,negative,0.27199266356381485
1463310710415540224,negative,0.004399040590130849
1463310710855847940,neutral,0.4266518173358174
1463310711996575745,negative,0.0009783514612851226
1463310712604966913,negative,0.2782522984472933
1463310714349699074,negative,9.37517501899057e-08
1463310722750992384,negative,0.004474092366258083
1463310725108178947,negative,0.11258018467293117
1463310725930262529,negative,0.007031383648329324
1463310729189240834,neutral,0.45044353445647284
1463310729340198912,negative,0.007031383648329324
1463310731735183361,negative,5.2594959007628326e-05
1463310732729143296,negative,0.007971161043276446
1463310733823946753,negative,0.06969527096612994
1463310734633308166,negative,0.28136096593924664
1463310736344727552,negative,0.0035309172689433743
1463310736546013185,negative,0.1151970915600929
1463310738139844609,negative,0.007432417665061783
1463310738915831812,negative,0.05851208966242646
1463310740014739456,neutral,0.4098461756844299
1463310740736118785,positive,0.8359995768664279
1463310741419790336,negative,0.0651172739446284
1463310741721784320,positive,0.9799817905504515
1463310748432703491,negative,0.0011164501876246638
1463310748709392392,negative,0.00717373588873193
1463310752643796994,negative,0.3215627242712622
1463310755856531462,negative,0.13635703718081207
1463310757609750533,negative,0.04567701779860111
1463310761330196482,negative,0.002429270686946489
1463310761732808705,negative,0.06969527096612994
1463310762500370436,neutral,0.46127768308170247
1463310764937203714,negative,0.037074019542784865
1463310767806111746,neutral,0.37871741992717695
1463310771509764096,negative,0.00903522621353697
1463310772369514499,negative,0.21326118777216738
1463310774206705665,negative,0.19558011933134006
1463310776396128266,positive,0.6929414743121202
1463310776526159876,negative,0.03551465779574543
1463310779134971911,negative,0.00903522621353697
1463310780779147265,negative,0.08580177200518932
1463310781378961414,negative,0.1285450970962495
1463310783954235392,negative,0.06582727514951237
1463310786466615300,negative,0.02339093727866527
1463310787049660422,negative,0.15740789395729915
1463310788651802625,negative,0.02658955995418834
1463310792493830145,neutral,0.3530933766614842
1463310793575915520,negative,0.0034756693427467275
1463310793626341380,negative,2.343448807436966e-05
1463310795249487874,negative,0.01335022695763239
1463310796931301378,negative,0.02965956261456108
1463310797505974275,negative,0.0030623227570540728
1463310800307691522,negative,0.06578333652938091
1463310802832834561,negative,0.00013770608098590123
1463310803994566659,negative,0.2662272680639426
1463310804338593797,negative,0.016364137451212627
1463310805978562566,negative,0.23598178942301373
1463310813914091520,negative,6.179530332323159e-05
1463310815508013057,negative,0.22942145818591964
1463310815579316225,negative,0.022371602093334712
1463310817227640836,negative,0.00018528013750936228
1463310818892648450,negative,0.060991155166451455
1463310820608290816,negative,0.04832608924492759
1463310822139170823,negative,0.007031383648329324
1463310824173408263,negative,0.0018999136167972626
1463310826522267649,negative,0.12325240382201505
1463310832922681346,negative,0.00013770608098590123
1463310834155859974,neutral,0.5159436667231726
1463310838421504013,negative,0.0327513758115386
1463310840765976578,negative,6.83557285065706e-05
1463310841034518529,negative,0.009241829217088696
1463310841822912516,negative,0.026444534836873965
1463310841957208068,negative,0.0070154832349006435
1463310842531745793,neutral,0.43728374938788134
1463310844477988869,negative,0.06969527096612994
1463310846029881345,negative,0.0016692318354784921
1463310847015538693,negative,0.00038590595262363387
1463310848391188484,negative,0.002340605527831375
1463310848835870726,neutral,0.39270572977135054
1463310849833984002,negative,0.011508784932145836
1463310858486960134,negative,0.002417559947463137
1463310859778854920,negative,0.00020285104503004698
1463310859866976257,negative,0.10802468195451473
1463310860001046530,negative,4.484000031180067e-07
1463310860366094338,negative,0.08358477247463203
1463310860554747904,negative,0.03562186425653922
1463310865029943299,negative,7.795695212949312e-05
1463310865898344452,negative,0.0002971914354389384
1463310867123027977,negative,0.030355876434370363
1463310868414926850,negative,9.66933580308958e-05
1463310872286318595,negative,0.0038431808685807636
1463310876346257411,negative,0.00852726798722293
1463310879064305665,negative,0.04795325407484864
1463310880918155267,negative,0.16681606079631706
1463310883371761668,negative,0.0008149421536871754
1463310886450380806,negative,0.019727532025367492
1463310888127983618,negative,0.004399040590130849
1463310890892206082,negative,7.45063634904378e-07
1463310891319848964,negative,0.27435736191371535
1463310892850941955,negative,0.0003979914473896848
1463310897674399756,neutral,0.46406472148666944
1463310903353516033,negative,0.002279070760209887
1463310906490818563,negative,2.5435905096909255e-05
1463310909984722946,negative,0.1382663474748412
1463310911083630598,negative,0.024590319988672137
1463310911662403590,negative,3.432939476223451e-08
1463310914002817025,negative,0.09908557035242747
1463310922064216066,negative,0.0013107936462551778
1463310922550812676,negative,0.001272201183043456
1463310922710147073,negative,0.11154443292387338
1463310927206305792,neutral,0.349847306244316
1463310927537840130,negative,0.004650720303581302
1463310929546780682,negative,0.252900346474942
1463310933212680196,negative,7.342020884532794e-07
1463310935595048960,negative,0.04795325407484864
1463310940045250561,negative,0.19762503567604092
1463310943547531271,negative,1.1213706294965168e-07
1463310943883042816,negative,0.002998880121416437
1463310944814129155,negative,1.4474514359794862e-11
1463310945900445708,negative,0.02658955995418834
1463310948152889348,negative,6.642914253473907e-13
1463310948245016579,negative,0.00013770608098590123
1463310951839637510,negative,0.002417559947463137
1463310953282510851,negative,0.32195147969670806
1463310960182112271,negative,0.30751506274044627
1463310961432010755,negative,1.8256442617397144e-07
1463310966834139136,negative,0.008126445326271433
1463310969174740992,neutral,0.3917804382802188
1463310971124924422,negative,0.00010848313026810815
1463310973587099648,neutral,0.43728374938788134
1463310977030660101,negative,1.3677105845722526e-12
1463310977320067072,negative,0.0030623227570540728
1463310979614187520,negative,0.18509236577765614
1463310979928928257,neutral,0.49789225920557484
1463310979970838528,neutral,0.44281240881685896
1463310984580411392,negative,0.00011166597466690104
1463310985498972164,negative,0.022670120612401538
1463310987256283136,negative,0.02658955995418834
1463310987512135680,negative,0.01229491712944285
1463310989533843463,negative,0.00010632025413996623
1463310990951559173,negative,0.001379217051552565
1463310991379165184,negative,0.0055127383178870904
1463310991995854848,negative,0.17870657538336748
1463310993363247108,negative,0.027600705361765714
1463310994311159819,negative,0.10645929175446103
1463310995401715716,neutral,0.45044353445647284
1463310996773097473,negative,0.13963034996991866
1463310998371282948,negative,0.07982243646446556
1463310999411376134,negative,3.305276523916701e-05
1463310999612702720,negative,0.0029635012969353807
1463311000501903364,negative,0.10030890730360321
1463311004046172164,negative,5.2594959007628326e-05
1463311004159422467,negative,2.2449892211798753e-08
1463311004763316226,negative,0.22632972107087432
1463311004981501952,negative,0.00013770608098590123
1463311011063099393,negative,0.001445180330967895
1463311016603922439,negative,0.02658955995418834
1463311019405627397,neutral,0.430933091246722
1463311020944990214,negative,3.501305410778864e-05
1463311021498458113,negative,0.31820487300311295
1463311024027836421,negative,0.0028060155499377367
1463311028335357953,neutral,0.49789225920557484
1463311028951949315,negative,0.020759974277790645
1463311030692552704,negative,0.17870657538336748
1463311033108471808,negative,0.22632972107087432
1463311034421284872,negative,0.00013770608098590123
1463311036623294466,negative,8.558602973007759e-05
1463311037558665217,negative,0.043068745868525694
1463311037688688642,negative,0.00037433327089496154
1463311040221835265,negative,0.029547863182738276
1463311041606074368,negative,0.007031383648329324
1463311042751123465,negative,0.06272650088050957
1463311043694927882,neutral,0.406265910924057
1463311045699776516,negative,5.2594959007628326e-05
1463311047910113285,negative,0.07982243646446556
1463311053404745739,negative,0.0013690891743050743
1463311055703130118,negative,0.020759974277790645
1463311056391004161,negative,0.020759974277790645
1463311058102325252,negative,1.0792396442360632e-06
1463311063869493253,negative,0.0001158836752549354
1463311066486685705,negative,8.636588691998083e-08
1463311066532823040,negative,0.04832608924492759
1463311066537074688,negative,0.034956526523328736
1463311067820478468,negative,0.3226077192689602
1463311068307103752,negative,0.1151970915600929
1463311070479765510,neutral,0.641611748733659
1463311077895196677,negative,0.01586327194251228
1463311079996542981,negative,0.07542040395596998
1463311080097255433,negative,0.02658955995418834
1463311081762213888,negative,0.0023552218460750666
1463311082500542464,negative,5.7468837925321345e-08
1463311085088428034,negative,0.04509512475081381
1463311086405386244,negative,0.00013770608098590123
1463311087118475267,negative,8.648913117235926e-05
1463311092176891907,negative,0.01981511089765166
1463311092575358976,negative,0.0004493918342676687
1463311094257229826,negative,0.1725082651686561
1463311097323270145,negative,0.002676797355417112
1463311100116615170,negative,0.11189237113171442
1463311100506685443,negative,0.013789705859330818
1463311105783218177,negative,0.19558011933134006
1463311106705924097,negative,7.975738027642378e-06
1463311110740848643,negative,0.001135576429859942
1463311110988251139,negative,0.0018361187173517666
1463311115404861444,negative,0.01974943678839917
1463311119053901827,positive,0.9068721348090317
1463311119074877443,negative,0.019872243128097603
1463311120001908747,negative,6.33553266253316e-05
1463311123596423169,negative,0.011508784932145836
1463311124783419398,negative,0.027385932891949946
1463311130433146885,neutral,0.38522068917997826
1463311131989131265,negative,0.18043172498994295
1463311132882456576,negative,0.01932757572744775
1463311132903497736,negative,0.020759974277790645
1463311133021020162,negative,1.2298726100701876e-07
1463311135763955712,negative,3.501305410778864e-05
1463311136166756353,positive,0.9667524705788689
1463311136535859200,negative,0.00013770608098590123
1463311138565808130,negative,0.19558011933134006
1463311139207536641,neutral,0.3353500257179539
1463311139773816839,neutral,0.4154165067014596
1463311139874476040,negative,0.005482247509515732
1463311146434404355,negative,0.04156814827019091
1463311150645403648,negative,0.000945223878319822
1463311150687285253,negative,8.748111016261466e-06
1463311150842580997,negative,0.00022421632776575677
1463311151651901443,positive,0.7085159245382483
1463311152960741376,negative,0.00031140478025942775
1463311153334038529,negative,0.00021973702123513508
1463311154562928640,negative,0.02658955995418834
1463311156446117888,negative,4.173724602411623e-15
1463311156831866881,negative,0.18795859623648656
1463311158681735170,neutral,0.6217146280250095
1463311158824378374,neutral,0.43728374938788134
1463311159830867973,negative,0.00570940969598095
1463311161865261058,negative,3.821852817050876e-05
1463311161936523265,negative,0.08358477247463203
1463311163152809990,negative,0.051890657520926135
1463311163459092484,negative,0.09908557035242747
1463311165300301837,negative,2.131048486335703e-07
1463311169721143298,negative,0.22632972107087432
1463311171407208454,negative,0.0003979914473896848
1463311173458272264,neutral,0.43728374938788134
1463311174515187713,negative,0.011508784932145836
1463311177837068288,negative,0.0005190770147865705
1463311178638180356,negative,0.03454408447477141
1463311179577626625,negative,0.011508784932145836
1463311181196709893,neutral,0.430933091246722
1463311185349005312,negative,0.015284310065016463
1463311191879700481,negative,0.03551465779574543
1463311192592637952,negative,1.1213706294965168e-07
1463311193817321472,negative,0.043068745868525694
1463311194425643012,negative,0.05342104871437408
1463311195029622784,negative,0.004399040590130849
1463311195662913540,negative,0.15740789395729915
1463311198158561283,negative,3.501305410778864e-05
1463311198871601152,negative,2.2674373231404558e-07
1463311200540893197,negative,0.0001324931154708334
1463311202356973569,negative,7.876687176485899e-05
1463311202621214720,negative,0.08358477247463203
1463311213971050502,negative,0.003800155306809174
1463311215481036802,negative,0.0019751599001514154
1463311215514591237,neutral,0.49789225920557484
1463311216118362116,negative,0.060991155166451455
1463311217662038020,negative,0.008076852688722307
1463311218316300292,negative,3.501305410778864e-05
1463311218878386176,negative,0.02866537058542633
1463311219729784833,negative,0.0011164501876246638
1463311221122387969,positive,0.8741327956915507
1463311221252403204,negative,1.1213706294965168e-07
1463311224259629056,negative,0.0016400372573832293
1463311224322412552,negative,0.047608722019496306
1463311227267031042,negative,0.04567701779860111
1463311233596145675,positive,0.8819040037478941
1463311235697594371,negative,0.22171377522142835
1463311236683100161,negative,0.23745727786808243
1463311238109220874,negative,0.0005817325629153416
1463311239174623238,neutral,0.5089213220387275
1463311241057816588,negative,0.0003884406044926475
1463311243939352577,negative,0.031567779380352184
1463311244082003978,negative,0.0019751599001514154
1463311244237156356,neutral,0.5089213220387275
1463311245860343808,negative,0.0008374757458133992
1463311249467482121,negative,0.00044345669942357093
1463311252164423682,negative,0.13857244915344782
1463311256295813124,negative,0.0007167505310463089
1463311258703253505,negative,0.04395874241041823
1463311264550043651,negative,0.015280873926411247
1463311270111846402,negative,0.13207939674259236
1463311272292716547,negative,0.0005312430679185638
1463311272573906944,negative,0.062289639851153315
1463311274364661770,neutral,0.49789225920557484
1463311276701016068,negative,1.9400517023530783e-05
1463311278944964613,negative,0.0004914064911857691
1463311284934516736,negative,0.00011121608492557836
1463311286612242435,negative,0.12578965591542693
1463311287912443905,negative,0.014777809666526327
1463311290776969216,negative,5.399158227433807e-08
1463311294417756160,negative,0.05547907121160956
1463311301095178242,negative,0.15547497400497937
1463311301678149634,negative,0.21040728784441726
1463311302307180553,negative,0.3226077192689602
1463311303884353537,neutral,0.516720656728032
1463311307336212481,positive,0.9207312126678582
1463311308569337857,negative,0.04156814827019091
1463311310087761930,negative,0.0030261777560727926
1463311310515490821,negative,0.002065172054778316
1463311310930722834,negative,0.002417559947463137
1463311312742764547,negative,0.0022774988007637923
1463311313581580288,negative,0.09689408222072492
1463311320497811456,negative,0.004399040590130849
1463311321022226432,negative,0.02658955995418834
1463311322146353153,negative,0.002446693483922775
1463311322922237958,neutral,0.4255699352769769
1463311323660492808,negative,0.22416483424889005
1463311323694088201,negative,0.22942445952807006
1463311326395072517,negative,0.0002650074006859964
1463311328719040512,negative,0.08663246403919907
1463311328823676938,negative,0.0008042428618196086
1463311328953647106,negative,1.1213706294965168e-07
1463311336453124096,negative,0.007089826158019751
1463311338776645635,negative,0.23444335511079933
1463311341071089667,negative,3.288756619584268e-05
1463311343449219075,negative,0.0327513758115386
1463311343478525956,negative,0.004500908720721487
1463311344451661826,negative,2.427987846849871e-06
1463311347467407363,negative,0.004701197553366562
1463311348146880516,negative,0.00013770608098590123
1463311348293591047,negative,5.226284600962208e-06
1463311348528472067,neutral,0.48728019602140255
1463311348574699520,negative,3.770126779644765e-06
1463311348805169157,negative,0.17105948812986532
1463311350868975619,negative,0.23843713983754816
1463311352575967243,negative,0.0014246342772178107
1463311356644536325,negative,0.002417559947463137
1463311359269953536,negative,0.002607478252675215
1463311359823814657,negative,0.24083584511283107
1463311360687849478,negative,5.273410260104598e-09
1463311362499751948,negative,0.00013333755165174214
1463311362843623431,negative,0.00024276452111755218
1463311362856263687,negative,0.004399040590130849
1463311364622106624,negative,0.26599156257842094
1463311368686346240,negative,0.00981856386157681
1463311369088942087,negative,1.1213706294965168e-07
1463311370556899329,negative,0.001272201183043456
1463311371530031107,negative,0.15284350232041183
1463311374675705867,negative,0.0538474106892364
1463296306038910978,negative,0.002663369795506909
1463296306902749188,negative,0.17609326874924427
1463296308257636356,negative,0.003849037846798963
1463296308731596801,positive,0.7448261293964282
1463296311089074176,negative,0.0004628455201394325
1463296311583813643,negative,4.864583448357546e-06
1463296312254902276,negative,1.57661723747783e-06
1463296320651812866,negative,0.1217396720435353
1463296321385906181,neutral,0.49789225920557484
1463296324531535874,negative,0.07174362539377149
1463296364964577281,positive,0.7238090551273851
1463296446086758402,negative,0.05008969836463084
1463296486599450626,negative,0.1558986127893087
1463296492710645769,neutral,0.4844831951351828
1463296494530875396,negative,0.19826442317588933
1463296535677091848,negative,9.45572719565156e-05
1463296556392660999,negative,0.03614138239297052
1463296576604966918,negative,5.17435698017786e-05
1463296578861555719,negative,0.008918702389606868
1463296585442418692,negative,9.45572719565156e-05
1463296589343121414,negative,0.006964344465816364
1463296624764112906,negative,4.538853841107858e-06
1463296629335678992,negative,0.0062781734140231905
1463296701209448455,negative,4.538853841107858e-06
1463296756700139521,negative,9.45572719565156e-05
1463296758637895683,neutral,0.6392417700910484
1463296762081329153,negative,0.0351979574006223
1463296804418560001,negative,0.02224793821608649
1463296820793298952,neutral,0.4844831951351828
1463296840112250882,negative,0.0009779135889511912
1463296858076286976,neutral,0.46127768308170247
1463296858550329347,negative,3.876142538076671e-07
1463296880977354754,positive,0.9795002197045458
1463296902544470019,negative,4.538853841107858e-06
1463296903110709249,negative,0.0018025231920674497
1463296942893670403,negative,0.29122912694967756
1463296945020092418,negative,0.021549098610456393
1463296947394023426,negative,0.25107295719119027
1463296951915454467,positive,0.6970113827987833
1463296952469278722,negative,0.0351979574006223
1463296977983062016,negative,0.18792187048491685
1463296979732152329,negative,0.00026368207561267866
1463297080043188224,neutral,0.4844831951351828
1463297107247390724,negative,0.14938451221838323
1463297126734172162,neutral,0.5150519242632967
1463297149794410507,negative,0.06267873328225404
1463297156123484163,negative,0.057180674641060115
1463297217029185537,negative,0.00021973702123513508
1463297219898093571,negative,4.7597263388412506e-05
1463297239770673156,negative,4.538853841107858e-06
1463297242891272201,negative,0.057180674641060115
1463297278068805642,negative,4.538853841107858e-06
1463297288156205062,negative,0.021155295086527446
1463297310138507275,negative,9.45572719565156e-05
1463297352601686016,negative,0.0351979574006223
1463297356523261953,neutral,0.513760679620586
1463297373757591552,negative,9.45572719565156e-05
1463297379621392388,neutral,0.4844831951351828
1463297391965224962,negative,0.018032287400224542
1463297402702635014,negative,0.05965828182627596
1463297410449305602,negative,0.010235188656371075
1463297445463576584,negative,0.09572218449275786
1463297458033860610,negative,0.01096707795108039
1463297501918896128,negative,0.1175006617029538
1463297549666816010,negative,0.057180674641060115
1463297552002994180,negative,0.004408092824460383
1463297583732994052,negative,4.99154528165839e-07
1463297611084050433,negative,0.14745776156772492
1463297652842549260,negative,0.057180674641060115
1463297700703703048,neutral,0.4844831951351828
1463297707049725952,negative,0.014199629390976035
1463297708844883978,negative,0.0633373342384949
1463297728780382211,negative,0.005726243447560315
1463297769725120514,negative,4.538853841107858e-06
1463297770337492995,negative,0.0011759562411315333
1463297800783892482,negative,0.03069370439703656
1463297832706793476,negative,0.01103445317044666
1463297833692499969,negative,0.0351979574006223
1463297836984983554,negative,0.0012685495902302417
1463297884200263694,neutral,0.48728019602140255
1463297905570324486,negative,0.021053352154438328
1463297924264341509,negative,0.014199629390976035
1463297924339847172,negative,1.4257280473775425e-07
1463297938717876231,neutral,0.49789225920557484
1463297985601753094,negative,0.11794767640160128
1463297999698907136,negative,2.0822628972322943e-05
1463298020129267718,negative,0.006876241325932485
1463298031298752520,neutral,0.4507454498615163
1463298152451264514,negative,4.99154528165839e-07
1463298160697225216,negative,0.004159257891607241
1463298165352943622,negative,0.005281534391037143
1463298196868931586,negative,0.07838047679873654
1463298272018239489,negative,0.07838047679873654
1463298281992298500,negative,4.538853841107858e-06
1463298286043992070,negative,0.1704298131268862
1463298296584224771,negative,0.15684535803787192
1463298323549458432,negative,3.787727243318857e-06
1463298354251710466,neutral,0.4844831951351828
1463298381044928520,neutral,0.4844831951351828
1463298393237774337,negative,0.09280824789551749
1463298399667732488,negative,0.0351979574006223
1463298403891236870,negative,0.14884542675999726
1463298458647941129,negative,0.0351979574006223
1463298477174267908,positive,0.7485650576005702
1463298479111950337,negative,0.07838047679873654
1463298501471842304,negative,3.6786361157514938e-09
1463298550314459136,neutral,0.4844831951351828
1463298577652985858,negative,0.02589990393862237
1463298584959492097,negative,4.538853841107858e-06
1463299084698198020,negative,0.08456860603317767
1463299120509054981,positive,0.9807853506883447
1463299147516334081,neutral,0.4844831951351828
1463299164154982402,negative,0.00018022651524289318
1463299251765755906,neutral,0.42507619662732005
1463299277128622088,neutral,0.49789225920557484
1463299290088947714,negative,2.5896385474724327e-12
1463299361509621764,negative,4.538853841107858e-06
1463299374780456966,negative,0.023954628666883675
1463299402894819331,positive,0.9739079432523452
1463299432104046593,negative,0.09425502577433306
1463299434591277059,negative,0.09796013172604628
1463299441964818435,negative,0.09425502577433306
1463299452500860935,negative,4.823539680344526e-16
1463299454115753985,negative,0.09425502577433306
1463299469949157376,neutral,0.5214920595948858
1463299521639714818,neutral,0.35331185911486457
1463299595191074817,neutral,0.5493932272606756
1463299629815144451,negative,7.369425690626569e-05
1463299657447079938,neutral,0.5630410866502906
1463299673880469510,negative,0.0351979574006223
1463299677923676163,positive,0.8898730221146556
1463299686723371015,neutral,0.4844831951351828
1463299704599494656,negative,0.0003507778235313958
1463299729677328388,negative,0.00018022651524289318
1463299731661234179,negative,0.00043737083741968017
1463299740745953280,negative,0.006871140620691006
1463299869628502017,negative,0.011142560134356147
1463299894203011081,negative,0.05229104842847238
1463299904315568136,neutral,0.40789852704480334
1463299918253146118,negative,9.472086232829379e-05
1463299935361712130,negative,0.00021973702123513508
1463299958250082305,negative,4.538853841107858e-06
1463299965774548992,negative,0.31042804342307206
1463299983856177152,negative,0.02396861349969005
1463300075652890627,negative,4.7597263388412506e-05
1463300078291070988,negative,0.0351979574006223
1463300078664224772,negative,6.311959153432155e-07
1463300101703712772,negative,4.538853841107858e-06
1463300162860855302,negative,0.17868650855617646
1463300211376275456,negative,0.014199629390976035
1463300250035183618,negative,0.0002810894159424652
1463300326635802624,neutral,0.36228709759836414
1463300370852106241,negative,0.006990689941446624
1463300420114259974,negative,0.09796013172604628
1463300519150206981,negative,4.538853841107858e-06
1463300528029507585,negative,8.896498804376094e-08
1463300568932392963,negative,0.0148063974928836
1463300572925280260,negative,4.538853841107858e-06
1463300593473052677,negative,9.45572719565156e-05
1463300598422388739,neutral,0.4075589200545779
1463300604932071426,negative,0.02224793821608649
1463300606895001603,negative,4.538853841107858e-06
1463300618018340872,negative,0.2021112890894942
1463300640248152069,neutral,0.4844831951351828
1463300656069066755,negative,0.06482082089372841
1463300736805130247,negative,0.22441298887410863
1463300767863951362,negative,0.0351979574006223
1463300776940367880,negative,0.10138842288764933
1463300812994596864,negative,0.031227928592159438
1463300844951064586,negative,4.538853841107858e-06
1463300862466473986,negative,0.16449353166719655
1463300903474188289,negative,0.0001783069058231993
1463300922268782593,negative,1.3615631893326737e-06
1463300991365918720,negative,0.0002810894159424652
1463301003160264708,negative,0.023614550103204894
1463301069757300738,negative,1.2204266595911974e-05
1463301100103258113,neutral,0.5165938049988287
1463301115265572866,neutral,0.4844831951351828
1463301133150138370,negative,4.538853841107858e-06
1463301148014751753,positive,0.8249169092914963
1463301148597698571,negative,0.0006483406437317
1463301148853501953,negative,4.99154528165839e-07
1463301151856676864,negative,0.006876241325932485
1463301201143943171,positive,0.9918480059189132
1463301212028157959,negative,0.11708324727365321
1463301286821089283,negative,0.011142560134356147
1463301321969315847,negative,0.0028763143345201577
1463301334627721219,negative,0.2021112890894942
1463301337139998721,negative,0.06487973410299142
1463301337291108352,negative,0.00019030857249379172
1463301343574208512,negative,3.9208705635906874e-08
1463301371646685186,negative,4.538853841107858e-06
1463301391821291521,negative,1.4356365440097623e-06
1463301404341293056,positive,0.9540983242476564
1463301449056718849,negative,0.13611410664905585
1463301449203519490,negative,0.29142908126919137
1463301451556470793,negative,0.0351979574006223
1463301475875147776,negative,0.1626163168902435
1463301504400605187,neutral,0.3581181091261496
1463301534842822660,negative,0.15580159445256891
1463301629633970180,neutral,0.5165938049988287
1463301633010544641,negative,0.09280824789551749
1463301649338933257,negative,0.0351979574006223
1463301654921547780,neutral,0.46364466503952073
1463301662685208576,neutral,0.4844831951351828
1463301692389306380,neutral,0.4844831951351828
1463301718041632768,negative,4.538853841107858e-06
1463301744021151750,negative,0.06235794374520486
1463301746143514626,negative,0.06235794374520486
1463301762513883139,negative,0.023758504890716313
1463301777416146945,negative,1.4545076476365905e-05
1463301799679602688,negative,4.538853841107858e-06
1463301817987747842,negative,6.613165975797909e-07
1463301824077828103,negative,0.15480874163662972
1463301830646054916,negative,2.1348443807647152e-10
1463301841429557248,negative,0.2044809836330069
1463301842377531393,negative,0.006876241325932485
1463301871632855044,neutral,0.5165938049988287
1463301900531605505,negative,0.14747578485994248
1463301918810386433,neutral,0.3353500257179539
1463301953363005447,negative,0.0002810894159424652
1463301961957130241,negative,1.7606880483399901e-06
1463301976716988419,negative,0.14747578485994248
1463301999617847296,neutral,0.4299371657496221
1463302008165871616,neutral,0.5165938049988287
1463302014834814983,positive,0.7138066202261758
1463302018274054148,negative,0.14541310778287006
1463302054013804556,negative,0.14747578485994248
1463302081322831877,neutral,0.6123440592932871
1463302091867312143,neutral,0.3483797070235464
1463302120162009089,negative,0.18776839199808715
1463302142186430474,negative,0.023614550103204894
1463302157277478912,negative,0.00026940756029380147
1463302189523345408,negative,0.0148063974928836
1463302200512462853,neutral,0.46035581360347433
1463302223358611460,negative,4.7597263388412506e-05
1463302225900589059,negative,0.00028824203285555635
1463302241314648070,negative,0.04600837770591773
1463302273816223751,negative,0.006876241325932485
1463302277423419395,negative,0.1885649404484406
1463302296641622020,negative,0.04600837770591773
1463302308268331010,negative,0.2021112890894942
1463302320247218176,negative,0.00026940756029380147
1463302333010481152,negative,0.05965828182627596
1463302342359408641,negative,4.99154528165839e-07
1463302349754097666,negative,0.006876241325932485
1463302365440794633,negative,0.023825448094136878
1463302368901095428,negative,4.538853841107858e-06
1463302371476484097,negative,4.538853841107858e-06
1463302382251646978,negative,0.033285562799001515
1463302396520587265,negative,0.10138842288764933
1463302410340814850,negative,0.00902417309859948
1463302455702306823,negative,0.06487973410299142
1463302460160806919,negative,0.05229104842847238
1463302492859600903,negative,0.14747578485994248
1463302503009767426,negative,0.1626163168902435
1463302503538307080,neutral,0.4844831951351828
1463302504830099461,negative,0.14747578485994248
1463302507774550017,neutral,0.35331185911486457
1463302509313863681,positive,0.6679862489807905
1463302515995385856,negative,0.006876241325932485
1463302859244679171,negative,0.16176363966730578
1463302876659437569,negative,0.09502709284551146
1463302957722652673,negative,9.45572719565156e-05
1463302974705389569,negative,0.0351979574006223
1463302998612979713,negative,5.133140890698748e-10
1463303005449728010,negative,3.179435655058781e-05
1463303031026601986,positive,0.7245009628794424
1463303049653284865,negative,0.010655361684533989
1463303058553778188,neutral,0.3372959100559912
1463303064471879681,negative,0.0351979574006223
1463303064929112067,positive,0.9868602076464557
1463303075641315334,negative,0.0028631982400825528
1463303089327415305,negative,0.002762297214215727
1463303105030889475,negative,4.7597263388412506e-05
1463303108218560515,negative,0.2021112890894942
1463303113612349446,negative,1.7991101549176815e-06
1463303153798062080,negative,1.0504031899942643e-07
1463303176539488256,negative,4.538853841107858e-06
1463303216481898499,neutral,0.4844831951351828
1463303229752545283,negative,0.0148063974928836
1463303241882476548,neutral,0.5114896109675308
1463303283800477698,negative,0.0001604175508527029
1463303295477469184,negative,0.1626163168902435
1463303298832871428,negative,0.006876241325932485
1463303324728537090,positive,0.8671665163140654
1463303364188553216,negative,0.0351979574006223
1463303387894669317,negative,4.7597263388412506e-05
1463303469004173321,negative,0.036245273404526754
1463303491628187656,negative,0.06601848979090187
1463303492370681856,negative,4.538853841107858e-06
1463303551950671873,negative,0.14763919347197807
1463303572355891200,negative,9.45572719565156e-05
1463303573114998791,negative,0.13538220110737575
1463303575656968197,negative,5.081907600644783e-07
1463303624285736965,neutral,0.3794434373490297
1463303634381324290,negative,0.0002810894159424652
1463303678857732096,negative,0.13823190253040177
1463303687623909377,neutral,0.5022894562357673
1463303725020110852,negative,0.00018022651524289318
1463303799913828354,negative,0.0351979574006223
1463303805748060162,negative,4.7597263388412506e-05
1463303824970559489,negative,0.2021112890894942
1463303829252820993,negative,0.15840813098988926
1463303832788783111,negative,0.1626163168902435
1463303834810339330,negative,0.024682308086655894
1463303835234050053,negative,1.4260635136705305e-05
1463303843266105344,negative,0.1175006617029538
1463303854565388292,negative,0.2715986399098022
1463303854813069314,negative,0.0013436572819297379
1463303855597240323,neutral,0.4236630450994774
1463303855630794754,negative,0.18795859623648656
1463303855752499202,negative,0.00892749049957475
1463303888333938688,negative,0.13347888824705548
1463303974367510538,positive,0.8315423374908648
1463304007846354944,negative,0.009531141374995009
1463304008395890697,negative,4.538853841107858e-06
1463304015027003395,negative,7.983196505694086e-06
1463304016318930944,negative,0.0013588033585576079
1463304045565648897,negative,0.05482736037923477
1463304054986223625,neutral,0.4844831951351828
1463304061638348801,negative,0.07771324100340249
1463304095998300161,negative,0.1715273338502609
1463304149089591296,negative,0.00043737083741968017
1463304155112611848,negative,0.03730082505231576
1463304156085727242,negative,4.538853841107858e-06
1463304172045053953,negative,0.04000228954347859
1463304185059893248,neutral,0.4844831951351828
1463304187060813824,negative,0.08634152114796792
1463304207746928645,neutral,0.5851039876674801
1463304221554618379,negative,0.0351979574006223
1463304224138223620,neutral,0.4665238378394735
1463304261584961543,negative,0.0024294016366627046
1463304291586920456,negative,4.538853841107858e-06
1463304308305367046,negative,4.99154528165839e-07
1463304310536785930,negative,4.538853841107858e-06
1463304318057160709,negative,0.1626163168902435
1463304347136282632,neutral,0.41342877003033396
1463304370301374466,negative,0.0242610436153692
1463304384549371910,negative,1.6757610592611427e-05
1463304445396193286,negative,0.04000228954347859
1463304449590505482,negative,0.004716923662125962
1463304485212667905,negative,0.00011030165544850168
1463304485783150592,neutral,0.4844831951351828
1463304488031248388,negative,0.05223126655003233
1463304507094405120,negative,0.24769443846337152
1463304511854886919,negative,4.538853841107858e-06
1463304531454971904,negative,0.05223126655003233
1463304557044371459,negative,0.06601848979090187
1463304565764280336,negative,0.24769443846337152
1463304593249603595,negative,1.4202542929451276e-09
1463304595426394118,negative,4.538853841107858e-06
1463304620990730253,negative,0.05965828182627596
1463304623888945155,negative,1.6757610592611427e-05
1463304637797257217,negative,0.3151265723672566
1463304640376852486,negative,0.29680681889367566
1463304677227995138,positive,0.9313312643317861
1463304688498098179,negative,0.0008957498092558862
1463304693300568064,negative,0.00021973702123513508
1463304750603059207,negative,0.05223126655003233
1463304798808203264,negative,0.0148063974928836
1463304820694171650,negative,0.05229104842847238
1463304835382530051,negative,0.29680681889367566
1463304860263194624,negative,0.006985810439424903
1463304874385416200,negative,0.0148063974928836
1463304897739304960,negative,1.2098572314373126e-08
1463304931742474241,negative,0.0009783514612851226
1463304943532711942,negative,0.1626163168902435
1463304987572854787,negative,0.24769443846337152
1463304988285829120,negative,0.0025053466924019933
1463305007537786882,negative,0.2715986399098022
1463305035039842314,negative,0.0002810894159424652
1463305037074026497,negative,1.4257280473775425e-07
1463305121010528264,neutral,0.4844831951351828
1463305125573939203,negative,0.00012944165295793422
1463305126504906752,negative,0.00018022651524289318
1463305126953820163,negative,0.09796013172604628
1463305199381004292,negative,0.00043737083741968017
1463305201364967425,negative,0.2801688767085738
1463305208939769858,positive,0.7238090551273851
1463305215143256070,negative,0.002191780665346471
1463305227348500484,negative,4.99154528165839e-07
1463305252472565766,negative,0.0001129059670626823
1463305267332874241,negative,0.12471032580108737
1463305283388674048,negative,0.20439966089722336
1463305349989998602,negative,0.0009783514612851226
1463305405958959104,negative,0.2021112890894942
1463305411382104073,negative,0.2021112890894942
1463305413269639173,negative,0.31042804342307206
1463305422882979840,negative,4.538853841107858e-06
1463305436963168263,negative,7.032984168987373e-06
1463305445565734923,negative,0.1626163168902435
1463305494018277378,negative,0.06487006383820997
1463305494639034375,negative,0.25582269517012846
1463305511948988416,negative,0.13347888824705548
1463305557813649415,neutral,0.44793116771268626
1463305571935924225,negative,0.013244346258454052
1463305574960050176,negative,0.2715986399098022
1463305615451770887,negative,6.74489017020389e-08
1463305675950497797,negative,0.023614550103204894
1463305682518790147,negative,6.546616862690811e-06
1463305729834635265,negative,0.13589198861154872
1463305738390884355,negative,0.24769443846337152
1463305742933499909,negative,0.12650851093606172
1463305798768119816,negative,4.538853841107858e-06
1463305814404481024,negative,0.1626163168902435
1463305827230662659,neutral,0.45330597087403485
1463305830728622094,negative,0.05106382046151322
1463305867139428357,negative,0.0002810894159424652
1463305875125321730,negative,0.04715949170616551
1463305884956774416,negative,0.030268838506487053
1463305887901126658,positive,0.8671665163140654
1463305889633513472,negative,0.0004797168502892913
1463305949112721409,negative,0.24769443846337152
1463305972382904320,neutral,0.46127768308170247
1463305998106382338,negative,0.006359408783477221
1463306044457639936,negative,4.538853841107858e-06
1463306059074965510,negative,0.04328173428496989
1463306094323941377,negative,0.006876241325932485
1463306101470945280,negative,7.1068631690170205e-06
1463306106784997376,negative,0.027298269264451638
1463306107112333322,neutral,0.3768346021777201
1463306118504095744,negative,0.01664227704404986
1463306141404909571,negative,0.026686178588886292
1463306171918340099,negative,0.00011030165544850168
1463306691970224128,negative,4.538853841107858e-06
1463306723410776069,neutral,0.4844831951351828
1463306726812397572,negative,4.7597263388412506e-05
1463306732709494790,negative,1.0141455053505944e-05
1463306796618158083,negative,0.06748917654957737
1463306808152535041,negative,0.09425502577433306
1463306823210045445,negative,0.0351979574006223
1463306838104027143,negative,3.723370483508858e-07
1463306845964152833,negative,0.004228297225497237
1463306863517253632,negative,4.7597263388412506e-05
1463306884560076800,negative,0.02035566266879889
1463306901010231297,negative,0.002762297214215727
1463306939601985537,negative,0.2021112890894942
1463306961718546432,negative,6.882295827853765e-06
1463306982849449985,negative,0.016628486855032747
1463307047726899208,negative,0.24769443846337152
1463307050625257478,negative,0.1626163168902435
1463307080706654209,negative,9.45572719565156e-05
1463307083231772677,negative,4.7597263388412506e-05
1463307168057286657,negative,0.20439966089722336
1463307185505587211,negative,4.538853841107858e-06
1463307198419943430,negative,0.1626163168902435
1463307202802827264,negative,0.0009783514612851226
1463307219693363200,negative,0.0351979574006223
1463307230317621255,neutral,0.4844831951351828
1463307233530417158,negative,2.258704147149718e-09
1463307250202730497,negative,0.00369925287930299
1463307294318465024,negative,0.07086227190069924
1463307298751885313,negative,4.538853841107858e-06
1463307299632545797,negative,0.05049205239456176
1463307312244871173,negative,9.45572719565156e-05
1463307322239954947,negative,0.0351979574006223
1463307342473216002,negative,0.004609114833842139
1463307354628407296,negative,4.7597263388412506e-05
1463307367362277380,negative,4.538853841107858e-06
1463307376862318592,negative,0.0320587374395778
1463307408260820993,negative,0.014476835178705752
1463307479685738503,negative,0.1626163168902435
1463307484127543299,neutral,0.4844831951351828
1463307486966988802,negative,0.0010949678713302994
1463307502351753216,negative,0.007371442327457232
1463307510379692032,negative,6.546616862690811e-06
1463307539139936258,neutral,0.4194365077240639
1463307540322787330,negative,0.010919755385819454
1463307563261476865,negative,0.06601848979090187
1463307594571866115,negative,0.0002810894159424652
1463307628486946819,negative,0.19238072525908795
1463307642345070594,negative,0.002524607020333925
1463307648866996226,negative,5.933679125289202e-06
1463307677916794885,neutral,0.4075589200545779
1463307733118197760,negative,2.0428311979891136e-09
1463307739828994055,negative,0.22441298887410863
1463307753993211909,neutral,0.4075589200545779
1463307761928839174,negative,0.06329332576371227
1463307772523593732,negative,0.04768636200668549
1463307800734404616,negative,0.25401421255941126
1463307865402261507,negative,0.00029965834506776967
1463307885371351041,negative,0.1626163168902435
1463307893881507851,negative,4.7597263388412506e-05
1463307922067316736,negative,0.00369925287930299
1463307953163976706,negative,0.05049205239456176
1463307953176518657,negative,0.24769443846337152
1463307967428808706,negative,0.021951425288364884
1463307979961290760,negative,0.14884542675999726
1463307997866774528,negative,0.2021112890894942
1463308075692175371,negative,0.006876241325932485
1463308078183501826,negative,0.0009841149513415668
1463308081895456773,positive,0.6917283179208233
1463308152829587457,negative,0.0148063974928836
1463308177651519494,negative,4.538853841107858e-06
1463308201210822656,neutral,0.4844831951351828
1463308206009114624,negative,0.2996388904102184
1463308226934546434,neutral,0.625371562739378
1463308307209334784,negative,5.484820653783451e-05
1463308348783304710,negative,0.014267874727865509
1463308353900273666,negative,0.007528899450928308
1463308394501218305,negative,0.1209464924854353
1463308416554868740,negative,0.021951425288364884
1463308473039527938,negative,0.09796013172604628
1463308477217095680,negative,4.99154528165839e-07
1463308534620246021,neutral,0.6167627243165027
1463308540421017611,negative,4.7597263388412506e-05
1463308544225202179,negative,0.1626163168902435
1463308544267202563,negative,4.538853841107858e-06
1463308547312300036,negative,5.534731851220503e-08
1463308625640886276,negative,0.20197998997594663
1463308638223839235,negative,0.0351979574006223
1463308642170646531,positive,0.7453717693034405
1463308649736982534,negative,0.0009841149513415668
1463308654862483458,negative,0.01339923306886535
1463308663737696257,negative,0.1626163168902435
1463308676064845829,negative,0.2689333482413639
1463308687217467399,negative,0.0002810894159424652
1463308698902745088,positive,0.8151547492497341
1463308704577691651,negative,0.023614550103204894
1463308710348943360,negative,0.23622902686532102
1463308714899869696,negative,0.23568651887278078
1463308726677483520,negative,0.026686178588886292
1463308726765600778,negative,0.05965828182627596
1463308739742736385,negative,0.0009783514612851226
1463308762392018951,negative,4.277442416940999e-05
1463308763268485126,negative,0.05049205239456176
1463308807975563265,negative,0.00885571943276632
1463308943124570123,negative,4.538853841107858e-06
1463308987676479492,negative,5.467102388676306e-05
1463309030848401412,negative,0.2021112890894942
1463309097911136262,positive,0.8151547492497341
1463309129586466816,negative,3.1269203951911123e-10
1463309150021111814,negative,0.0148063974928836
1463309203028824066,neutral,0.4844831951351828
1463309247593205760,negative,4.538853841107858e-06
1463309261119713281,negative,0.0668466862321958
1463309289125203974,negative,0.0351979574006223
1463309302177882112,negative,4.538853841107858e-06
1463309306980450307,negative,0.05965828182627596
1463309322142855171,negative,4.538853841107858e-06
1463309329961046017,negative,4.538853841107858e-06
1463309350383099913,negative,0.13021656826846945
1463309360990457858,negative,0.0148063974928836
1463309432650145795,negative,0.00018022651524289318
1463309472366043137,negative,0.0002810894159424652
1463309498777493511,negative,0.18122852008318793
1463309514141224967,negative,0.00029965834506776967
1463309527911067649,negative,0.00015459834057121225
1463309565437566985,negative,0.1474616942669103
1463309631846031365,negative,0.06854755770237142
1463309640784039945,negative,0.1626163168902435
1463309641102897153,negative,0.22983181298521593
1463309641807392768,negative,0.1626163168902435
1463309660371537923,negative,0.2021112890894942
1463309669087256581,negative,0.0009783514612851226
1463309702411038726,negative,0.0003150012452964029
1463309709331427328,negative,0.05049205239456176
1463309713647546385,neutral,0.4985928500860049
1463309719725092868,positive,0.8151547492497341
1463309722799509514,negative,0.006115131801856234
1463309734321213442,negative,4.538853841107858e-06
1463309742198120448,negative,0.1626163168902435
1463309763782057995,neutral,0.4178030581539625
1463309795960791045,negative,0.1626163168902435
1463309870212472839,negative,0.00018299187999556852
1463309883445432320,negative,4.538853841107858e-06
1463309890634469376,negative,0.1626163168902435
1463309909567672325,negative,0.03069370439703656
1463309959433699330,negative,4.538853841107858e-06
1463309988592590856,negative,0.06329332576371227
1463310016891572224,negative,0.00015459834057121225
1463310029805830146,negative,0.022209033561508735
1463310031194099720,negative,3.5520658685785346e-12
1463310053784662019,negative,0.1626163168902435
1463310086521036801,negative,0.06329332576371227
1463310109107499009,neutral,0.4844831951351828
1463310113817731073,negative,9.45572719565156e-05
1463310130561302528,negative,0.00015459834057121225
1463310520212090882,negative,0.02224793821608649
1463310564327841794,negative,0.0009783514612851226
1463310568144740354,negative,0.2321892235535551
1463310618283298823,neutral,0.4507454498615163
1463310676949180428,negative,0.00015459834057121225
1463310722612539395,negative,0.1885649404484406
1463310766686179331,positive,0.8151547492497341
1463310768380678148,negative,0.08171665227111001
1463310792275681281,negative,4.538853841107858e-06
1463310795656290310,neutral,0.5669993148818979
1463310797946470402,negative,0.1626163168902435
1463310829043032066,negative,0.2773932782049625
1463310831886778371,negative,0.028827940980134116
1463310885523447817,negative,0.05965828182627596
1463310903793917953,negative,4.7597263388412506e-05
1463310918947946504,negative,4.7597263388412506e-05
1463310936903725064,negative,0.0009783514612851226
1463310944474255360,negative,0.021951425288364884
1463310950845538307,neutral,0.45566664633130766
1463311011679637509,negative,0.00015459834057121225
1463311049285939204,negative,0.00035615767407099126
1463311096794730504,negative,7.730946028433956e-05
1463311131884335108,negative,0.02224793821608649
1463311173500166145,negative,0.0351979574006223
1463311175966511111,negative,0.05049205239456176
1463311185512648705,negative,0.08623569673779971
1463311193481883656,neutral,0.6039663057323131
1463311207423569921,negative,4.7597263388412506e-05
1463311211408281605,negative,0.3143893309825648
1463311219008360454,negative,0.1626163168902435
1463311231360675844,negative,0.1626163168902435
1463311234019831818,negative,5.786387906100767e-05
1463311234342735872,negative,0.00010624106548937804
1463311238675509251,negative,0.013551689231212301
1463311258988515331,negative,0.06706837712298157
1463311270715830279,negative,0.09280824789551749
1463311320250564621,negative,4.99154528165839e-07
1463311392321290241,negative,0.1626163168902435
1463311401888493572,negative,0.02224793821608649
1463297132249632772,negative,0.11682160872386131
1463297140956942343,negative,0.04388733622747746
1463297149379268612,negative,0.027385932891949946
1463297155385286657,negative,3.326145995708581e-09
1463297159122632710,negative,0.0585177577695765
1463297163509780493,positive,0.8984006908336085
1463297168182108167,negative,0.002144144170364508
1463297170522529793,negative,0.04617763773977206
1463297171244175360,negative,1.1213706294965168e-07
1463297171281879044,negative,0.01550256055230323
1463297179246759937,negative,0.010542327429311637
1463297184674238464,negative,1.1566185544108935e-10
1463297187555815427,negative,0.06572629306354431
1463297189132877826,negative,0.0028060155499377367
1463297189850099723,negative,1.5606345731513557e-05
1463297192370790404,negative,1.778679187562434e-06
1463297192400068610,negative,1.1213706294965168e-07
1463297195558457345,neutral,0.38522068917997826
1463297197999542278,negative,0.0165916306452705
1463297198523760640,negative,0.05935130437216604
1463297203141705730,negative,0.01044715942825654
1463297203716472835,negative,1.2610487113109663e-12
1463297206241345536,negative,0.0765382670666993
1463297208346988552,neutral,0.3321115507427584
1463297219671453697,negative,0.00012567527377518626
1463297219977752583,negative,1.7222265035372876e-05
1463297220502081536,negative,0.15828168364501438
1463297221273784328,negative,3.2842499814259663e-06
1463297222901223430,negative,0.00022455061211249354
1463297223568105481,negative,0.0018158206610951076
1463297224000122883,negative,8.667239415871744e-05
1463297225883279360,negative,0.0006926964492268005
1463297226969550852,negative,0.0475276940801607
1463297228420927488,negative,2.3216568633665776e-07
1463297231445020679,negative,0.002676797355417112
1463297231524614144,negative,0.002420441635698889
1463297231553896453,negative,0.04051784266980764
1463297232120291341,negative,0.07808845394551227
1463297234737508366,negative,0.04099863623708018
1463297237308559368,negative,0.1522330228996148
1463297241859436545,negative,0.2429937718899652
1463297243314855944,negative,0.07224782513033177
1463297244002672640,negative,0.00013770608098590123
1463297245445382147,negative,2.4066158853239916e-09
1463297245651083270,negative,0.0001158836752549354
1463297247563632643,negative,0.19558011933134006
1463297250486996995,negative,0.0021871659602358292
1463297251829338114,negative,0.03328433962153366
1463297254584901633,negative,0.07705682872402866
1463297257864720385,negative,0.03642385051637109
1463297260700114948,negative,0.0005518012485687466
1463297262415667204,neutral,0.46127768308170247
1463297262524805121,positive,0.820723044870663
1463297264789696513,negative,0.00885334874135111
1463297267016908802,negative,0.061549450508384874
1463297267453116419,negative,0.06675506495955834
1463297270816784384,negative,0.07076864220733249
1463297271815147524,negative,1.9923068125069817e-05
1463297275946483712,positive,0.9102195823247055
1463297276789592073,negative,0.01692304345367992
1463297277120946183,negative,0.00903522621353697
1463297294644781058,negative,5.165409619184645e-06
1463297296427364353,negative,0.027385932891949946
1463297300760084489,negative,0.06675506495955834
1463297311086288897,negative,0.19900463787827508
1463297313925914633,negative,0.002698567081712583
1463297315477901315,negative,0.00038748893372788154
1463297315771404296,negative,7.023018861562979e-06
1463297323170078726,negative,0.00019237812220622498
1463297323576922112,negative,7.171073188044135e-09
1463297323887439879,negative,1.8136823645143316e-06
1463297326236282881,negative,0.01248655666940038
1463297326383083522,negative,0.06261840675764001
1463297334457085954,negative,0.00677975471683585
1463297334545207297,negative,0.000689241641357624
1463297343105769476,neutral,0.46127768308170247
1463297343172841483,negative,0.27781596414135684
1463297350177280007,neutral,0.46127768308170247
1463297357064421381,positive,0.8378179104569605
1463297358544920576,negative,6.736095154025492e-09
1463297359564054529,negative,0.00906133777028681
1463297363624214530,positive,0.8819040037478941
1463297367789162496,negative,0.000582616460705968
1463297369127198722,negative,0.04612684555847336
1463297373510279168,negative,0.03551465779574543
1463297378149187588,negative,0.02083391375603615
1463297379206144010,negative,0.00013770608098590123
1463297380414013441,negative,0.007432417665061783
1463297380976148480,negative,0.014120149581961493
1463297382385344513,negative,0.00011088140560069062
1463297384092352514,negative,1.1338685441467999e-11
1463297384847400962,negative,0.009648979495653269
1463297386160271374,negative,0.036691912711751165
1463297392132960264,negative,0.042832559620708685
1463297395937136645,neutral,0.34284451532312576
1463297397707218955,positive,0.9994366645453597
1463297402249617415,negative,0.29137236103680736
1463297403671519232,negative,1.8256442617397144e-07
1463297406032912391,negative,0.061549450508384874
1463297411506311168,negative,0.0028060155499377367
1463297416149491714,neutral,0.41901263796461236
1463297418041069569,negative,0.00677975471683585
1463297418762588163,negative,0.05986960711359798
1463297421711138818,negative,0.289426854984873
1463297424114556931,neutral,0.42763653545659
1463297424923840514,negative,4.37631087420433e-05
1463297429269319685,negative,0.004706042672470695
1463297435028135937,negative,0.00013770608098590123
1463297436986843142,negative,0.0006950143024489008
1463297437334917132,negative,0.00338671504768769
1463297438131920896,negative,0.02261241833237217
1463297439268540420,negative,0.03551465779574543
1463297443186020353,neutral,0.6183533652040726
1463297443261562884,negative,0.19558011933134006
1463297444381343745,negative,0.00903522621353697
1463297446927294464,neutral,0.5139249465111937
1463297461158486027,negative,0.01022038119782796
1463297464237281282,negative,0.001135576429859942
1463297467336826884,negative,0.00033475967538528086
1463297468913836032,negative,0.0057786238647215245
1463297474668515334,negative,0.03551465779574543
1463297474743971846,positive,0.8819040037478941
1463297477474455553,negative,1.1213706294965168e-07
1463297481781833731,neutral,0.49789225920557484
1463297483937918977,negative,7.054370694398623e-05
1463297485754015745,negative,0.00046410280850070094
1463297490724298757,negative,0.01264779735834595
1463297490959015939,negative,8.272393174627514e-08
1463297495539367937,negative,0.002279070760209887
1463297497619570691,negative,0.0025220579061143037
1463297498592673792,negative,0.0005518012485687466
1463297502015373318,negative,0.0008042428618196086
1463297502195630080,negative,0.0032273036188326704
1463297505274339330,negative,1.8967597713431287e-05
1463297508755611664,negative,0.19558011933134006
1463297509707726861,negative,6.316387672950807e-10
1463297510768795652,neutral,0.5973532856315269
1463297511561568262,negative,0.006956683586098734
1463297511863558144,negative,0.0017417995673492217
1463297519962800142,negative,0.0013375583557679275
1463297521439096840,negative,0.0028060155499377367
1463297526254247936,negative,0.03551465779574543
1463297527948656651,negative,0.023718886931755796
1463297530335219715,negative,0.18509236577765614
1463297535028695040,negative,0.00013770608098590123
1463297536488349701,negative,0.001029053378529251
1463297536890974210,negative,3.2370953691530874e-08
1463297536932954113,negative,2.5635638476750688e-05
1463297537318731776,negative,0.043065849237347825
1463297540053479426,neutral,0.4985928500860049
1463297540242223108,negative,2.382988685722433e-05
1463297542578335748,neutral,0.6101921089440496
1463297544834977794,neutral,0.5973532856315269
1463297545850048519,negative,0.18509236577765614
1463297555278839810,neutral,0.5881877139907162
1463297562396475400,negative,0.029743102508380585
1463297562421587971,negative,3.1115735824066063e-07
1463297562551590914,negative,0.11826354803797819
1463297564434915336,negative,9.538332202864313e-07
1463297564757921800,negative,0.10784390979548278
1463297567538794506,negative,1.1213706294965168e-07
1463297570793570312,negative,1.1563248017605564e-05
1463297571917635592,negative,0.020432738569477155
1463297572215435271,negative,2.6991748957114266e-05
1463297573129576448,negative,0.001214724221198405
1463297574983503873,negative,0.0015851709632181022
1463297576044793864,negative,0.2429937718899652
1463297577235922949,negative,0.08082632282032505
1463297578825666566,negative,8.090562644897277e-07
1463297584521519108,negative,0.001029053378529251
1463297584722755593,positive,0.8358916258494536
1463297585897218048,negative,5.2594959007628326e-05
1463297586782081032,negative,0.02292563759048825
1463297590318014465,negative,0.0032211845436383967
1463297590850695170,negative,1.660953671751757e-05
1463297594906619906,negative,0.001029053378529251
1463297596642967558,negative,0.12780219575958854
1463297596894625797,negative,0.17887516916701357
1463297601684459523,negative,0.17494552735845856
1463297603915943936,negative,4.8393666501515636e-05
1463297606176624640,negative,0.022545193235355823
1463297608856788997,negative,0.19558011933134006
1463297611566362633,negative,0.023225153229032396
1463297613218856961,negative,0.19558011933134006
1463297617224417284,positive,0.8378179104569605
1463297618927366145,negative,0.19558011933134006
1463297621238427651,neutral,0.5832082743924505
1463297621989081091,negative,1.1213706294965168e-07
1463297627349524487,neutral,0.4985928500860049
1463297628737839106,negative,0.0018300105984736226
1463297630646292486,negative,0.007603304696512612
1463297640339329024,negative,1.5668108928868245e-06
1463297641236811782,negative,0.13546872082744665
1463297642209980430,neutral,0.49789225920557484
1463297645557002240,negative,0.0027104603197202616
1463297647851319297,negative,0.08361482609735603
1463297650841817093,negative,0.0022774988007637923
1463297656286027782,negative,0.002676797355417112
1463297657200427012,negative,0.016695364809665103
1463297657934340096,negative,0.06578333652938091
1463297661205942276,negative,0.05991042290539628
1463297666205450242,negative,0.0008042428618196086
1463297672593432578,negative,0.053659125383051016
1463297675672100865,negative,0.04567701779860111
1463297687961358341,negative,7.151531559438207e-11
1463297691908284416,negative,0.00903522621353697
1463297694663950337,neutral,0.6420785771088147
1463297708442202123,negative,0.00010233795779168409
1463297708999991298,negative,0.003209592441293899
1463297710279344134,negative,0.2429937718899652
1463297715769593857,negative,0.004706042672470695
1463297720274333698,negative,0.0003884406044926475
1463297721004183554,negative,0.06607907858307169
1463297724653187075,negative,0.19558011933134006
1463297725500379137,positive,0.6688444963738773
1463297727400493057,negative,0.02023720151491221
1463297728038027266,negative,0.2429937718899652
1463297728834936834,neutral,0.4985928500860049
1463297736791539717,negative,0.00044900361621224704
1463297738045640706,negative,0.0028060155499377367
1463297740151140352,negative,0.04509512475081381
1463297751396016129,negative,0.25647451717085995
1463297753015103491,negative,0.2466388608947403
1463297755414249472,neutral,0.4932381525844835
1463297755523297283,negative,0.08301289864159057
1463297767317643264,negative,0.00954063548237589
1463297767481225219,negative,0.022213826976516738
1463297769209171969,negative,1.4802098762306406e-06
1463297772220649472,negative,3.18432839834134e-05
1463297777203662853,negative,0.00023098634923184112
1463297778151477254,negative,0.00016393153255788657
1463297780718391303,negative,0.04451221904853947
1463297784631767041,negative,0.00414314028295831
1463297789132161025,negative,0.026664785802815158
1463297794463121421,negative,0.00011088140560069062
1463297797164134406,negative,0.0008042428618196086
1463297799827726343,neutral,0.46127768308170247
1463297802000347139,negative,0.031728789044372305
1463297803787153409,negative,2.382988685722433e-05
1463297808744824850,negative,0.002735805393457907
1463297810351091712,negative,0.08389552124758867
1463297813807128577,negative,0.010056580774459681
1463297813845057539,negative,0.003925636774614967
1463297818529959938,negative,0.026196872899145164
1463297820333682689,negative,0.13636198765078997
1463297820534972424,negative,0.19558011933134006
1463297825295544325,negative,0.002279070760209887
1463297825991712770,negative,0.19558011933134006
1463297827417772037,negative,0.029508397574420055
1463297830861393926,negative,0.002376475925561383
1463297831037456385,negative,0.009077163120407263
1463297834178908162,negative,0.005079476040315466
1463297834443325443,negative,0.043439834865125544
1463297835256860672,negative,0.011859770426266613
1463297836049698817,negative,0.28452055376873825
1463297837672935425,negative,0.2429937718899652
1463297845935714307,negative,0.00903522621353697
1463297846552276997,negative,0.001344486659354852
1463297855242780672,negative,1.1213706294965168e-07
1463297857415430148,negative,1.0893890419393145e-08
1463297860703772678,negative,0.002279070760209887
1463297862062718982,negative,0.18661651436971938
1463297866311647238,negative,0.005950889074835983
1463297867506987017,neutral,0.4985928500860049
1463297870468165637,negative,2.3216568633665776e-07
1463297879099908098,negative,1.9811649881285708e-09
1463297880681336832,negative,0.08312743898584807
1463297882912665611,negative,0.0022774988007637923
1463297892270157824,negative,0.04051784266980764
1463297893062877189,negative,0.012843014691117857
1463297893763272705,negative,0.03527938650552321
1463297893868220420,negative,0.00046410280850070094
1463297894094499840,negative,3.0297881349953083e-10
1463297895067791363,negative,0.04471351883832254
1463297898859282435,neutral,0.48439634580644964
1463297906413391872,negative,0.0014810474787382668
1463297907466010624,negative,0.2905721236705673
1463297908799942664,negative,7.137692890873602e-08
1463297909349359616,negative,2.2973622180358778e-10
1463297911719182337,negative,0.015486783737689145
1463297912780165123,negative,0.0006052780962208141
1463297916542595079,negative,0.07458367775372127
1463297920766197767,negative,8.571673826452406e-06
1463297926197821440,negative,5.224754673075883e-05
1463297930857783298,negative,1.1213706294965168e-07
1463297931390464008,negative,0.00013770608098590123
1463297931684069376,negative,0.08082632282032505
1463297931688218633,negative,0.0702324183622923
1463297936398372868,negative,2.980468536159224e-10
1463297939577753601,negative,0.00024276452111755218
1463297941876224011,negative,0.020759974277790645
1463297947777396737,negative,0.12211197158655593
1463297954295414787,negative,0.026664785802815158
1463297954802896897,negative,0.020478112694721426
1463297956153597953,negative,0.05520805043178025
1463297956627431425,negative,0.31056604688830275
1463297958812729348,negative,0.2781618421911089
1463297959219675141,negative,0.000349240271641004
1463297960125648901,negative,0.2622845483679036
1463297963141312513,negative,0.20048669493807267
1463297963795496963,negative,0.00038952536445153654
1463297964441575425,negative,0.007432417665061783
1463297973044105221,negative,0.289426854984873
1463297974583316486,negative,0.11690761078511089
1463297977343172613,negative,0.00036949291287392485
1463297978697986052,negative,1.0444305477207833e-05
1463297978794340358,negative,0.07076864220733249
1463297987384209409,negative,0.0038186615258698083
1463297990077071364,negative,0.0006436292230068289
1463298008339173379,neutral,0.5266528855358278
1463298011363258369,negative,1.0179073662640333e-08
1463298012063703042,neutral,0.34284451532312576
1463298013833703436,neutral,0.3618280689096601
1463298023350579205,negative,1.541580992360221e-07
1463298026060095488,negative,1.2229344216966074e-08
1463298028182323208,negative,0.00024276452111755218
1463298028761198592,negative,2.2226189966018976e-05
1463298030287798272,negative,0.2621061704691275
1463298032540266499,negative,0.00013770608098590123
1463298040442327048,negative,0.0010158278551899084
1463298044741439497,negative,0.00013770608098590123
1463298045597134853,negative,0.00011088140560069062
1463298053679550466,negative,0.21944138348848652
1463298055063621643,neutral,0.6576084831328521
1463298057433501698,negative,8.090562644897277e-07
1463298063976394755,negative,0.00011749459039017257
1463298066879033349,positive,0.7215289353361225
1463298067021639683,negative,0.12279167466125734
1463298070293143563,negative,6.617206031115398e-08
1463298071920623618,negative,0.18509236577765614
1463298077926866944,negative,0.0003427735524360093
1463298080267288576,negative,0.00013770608098590123
1463298081873698819,negative,6.548824465760187e-05
1463298087733141507,negative,1.7056514658757757e-05
1463298088513142791,negative,0.15547497400497937
1463298089826013185,negative,0.0004221142745664598
1463298091398807554,negative,0.3166493909471337
1463298091533045763,negative,0.25218739856220435
1463298094557286405,negative,0.026317603971284558
1463298098285854722,negative,0.0007111171708676845
1463298102220115969,negative,0.0005518012485687466
1463298103835078664,negative,0.0028060155499377367
1463298106829770765,negative,0.2429937718899652
1463298110705344517,negative,0.07594647552978565
1463298111879663626,negative,5.913989245346144e-07
1463298112613662724,negative,1.6979611595896435e-10
1463298116266995713,negative,0.00011088140560069062
1463298116824834051,negative,2.665370191533572e-08
1463298118989066242,negative,0.01400691253186729
1463298126094249984,negative,0.10672016404551124
1463298128493387781,negative,0.00018142114865358694
1463298129642631171,negative,0.2141073703998373
1463298131190325248,negative,4.4006129209224165e-06
1463298136902967300,positive,0.8378179104569605
1463298138027040772,negative,1.1213706294965168e-07
1463298138320502784,negative,0.02258033719214777
1463298142770810881,negative,0.036308874719446015
1463298144297488384,negative,0.04715011888311599
1463298146126209030,negative,0.18509236577765614
1463298149875785728,negative,0.21734312611817744
1463298150618341378,negative,0.013444637917122046
1463298152396513280,negative,0.008247586405990659
1463298156368736257,negative,0.016695364809665103
1463298158457466880,negative,0.0002805641102085449
1463298159736729600,negative,0.19558011933134006
1463298159875088389,negative,0.10170735211578846
1463298165105385472,negative,0.019014744449705172
1463298170440536066,negative,0.029751870916248594
1463298171988332545,negative,0.21795957052502313
1463298172357382144,positive,0.8819040037478941
1463298173875728393,negative,0.04567701779860111
1463298177625427969,negative,8.674445638127705e-06
1463298179248668677,negative,4.100712685707017e-06
1463298179990908933,negative,7.274700634223873e-06
1463298180947361796,negative,0.1795020932864528
1463298188601806851,negative,4.399794683741098e-05
1463298190703214592,negative,0.30496207301696543
1463298195484778504,negative,0.0015608590860355844
1463298197036703746,positive,0.8378179104569605
1463298200530350080,negative,0.3166493909471337
1463298203336548358,negative,0.2429937718899652
1463298204817047556,negative,1.1213706294965168e-07
1463298205182234624,negative,0.0006329456401321293
1463298207224676353,negative,0.026664785802815158
1463298207752986628,negative,0.0007111171708676845
1463298208239607810,neutral,0.4154165067014596
1463298225973170176,negative,0.19558011933134006
1463298228762431489,positive,0.9559492985420394
1463298228774846469,negative,0.0475276940801607
1463298236807004164,negative,0.0008615276050167605
1463298241265471488,negative,2.6418116015570323e-05
1463298244906213377,negative,8.55083200353476e-06
1463298254213464071,positive,0.9537541308830225
1463298254397923336,negative,3.750642213485086e-05
1463298256188981257,positive,0.820723044870663
1463298263306670083,positive,0.8378179104569605
1463298266985119749,negative,0.038561941449171286
1463298275084312587,negative,8.038831760604718e-05
1463298277391097864,negative,0.005916301148584093
1463298280884883456,negative,0.00013770608098590123
1463298281509900291,negative,0.00037462545554049786
1463298284408037385,negative,0.00013770608098590123
1463298285670744066,negative,0.006226199455054478
1463298288036331524,negative,0.007813165857116498
1463298288195563520,negative,0.0475276940801607
1463298290796019714,negative,0.19499804934355952
1463298291773284354,negative,0.20809729856284245
1463298292712943616,negative,1.1375404991423124e-05
1463298296571740162,negative,0.005543937665927076
1463298300279410691,negative,0.05547907121160956
1463298302456348679,negative,0.00011770640411707307
1463298303815081985,negative,8.314132342343803e-06
1463298305358766084,negative,0.3225066080359217
1463298306499620866,negative,0.013303689860724985
1463298315882319877,negative,0.0740672284626459
1463298328205021187,negative,0.02535137932623955
1463298328850882566,negative,0.06502375828380721
1463298329333633024,negative,0.03454408447477141
1463298331854225410,negative,0.014112776512592797
1463298332370083843,negative,0.05451268920168887
1463298334697963522,negative,0.25946706324066493
1463298336665088008,negative,0.09406971934624918
1463298336841211906,negative,0.013120634326989102
1463298338216886283,negative,0.002955628423544928
1463298346240688131,negative,0.061561919072758556
1463298348941778946,negative,0.21326118777216738
1463298351005274114,negative,0.20821314277504577
1463298352120885251,negative,0.0005572041840280953
1463298354679627778,negative,0.0001158836752549354
1463298360513806336,negative,0.06386948716937092
1463298361633738756,negative,0.020478112694721426
1463298362233425923,positive,0.9919106012699297
1463298366025175044,negative,0.05451268920168887
1463298374430511111,negative,0.19558011933134006
1463298375290339331,positive,0.7534578611909433
1463298378138152960,negative,0.0028060155499377367
1463298383506984961,negative,0.02258033719214777
1463298386308775941,negative,7.0259801029980125e-06
1463298392088530944,negative,0.002506198265430593
1463298392734539778,positive,0.9331650620466699
1463298399365595139,negative,0.00013770608098590123
1463298402280779782,positive,0.8378179104569605
1463298402981187590,negative,0.06031173566632119
1463298404805713928,negative,1.1739197518031921e-05
1463298409763414028,neutral,0.4382678092725498
1463298411306766338,negative,0.00903522621353697
1463298412246355969,positive,0.9841694961616573
1463298415543177218,negative,0.03454408447477141
1463298418583949317,negative,5.968127154818406e-06
1463298425714319360,negative,0.005753402710694277
1463298427530448902,negative,4.399794683741098e-05
1463298431250800642,positive,0.8378179104569605
1463298431359795200,negative,0.00017105330146888973
1463298436103561219,negative,1.2229344216966074e-08
1463298446903943173,negative,0.289426854984873
1463298449353359366,positive,0.9599694606557779
1463298450645262346,negative,0.006592077758138903
1463298457154773001,negative,0.004701197553366562
1463298458765479940,negative,0.2364231490785788
1463298467384680448,negative,0.3110150635968859
1463298471167987715,negative,0.006614165861581839
1463298473521000453,negative,0.027296908138586796
1463298478113800192,negative,0.011034130328469921
1463298483516059648,positive,0.755550873058164
1463298486447718400,negative,1.1213706294965168e-07
1463298498086985732,negative,0.0008908525045979666
1463298505213100035,negative,0.00016090581326486583
1463298505301188615,negative,0.06298212532607095
1463298505708036096,negative,0.021554741620453986
1463298508035956741,negative,0.19558011933134006
1463298508979683330,positive,0.8378179104569605
1463298509084495875,negative,0.14797279548896294
1463298513844858882,negative,0.012578959807595899
1463298513845075978,negative,0.05321714477391006
1463298518727024648,negative,1.0381947679365546e-10
1463298519570264073,negative,0.061549450508384874
1463298521445117956,negative,1.3344790801139493e-09
1463298522531434497,negative,0.00013770608098590123
1463298523697500181,negative,1.1213706294965168e-07
1463298524079181827,neutral,0.49789225920557484
1463298538666971136,negative,0.22489279139864132
1463298540340400128,negative,0.0001158836752549354
1463298544111136773,negative,0.0022774988007637923
1463298546606780423,negative,0.031103983494152814
1463298549786030087,negative,0.07584229803212553
1463298556412968962,negative,0.28452055376873825
1463298557918732291,negative,0.00013770608098590123
1463298561328566275,negative,0.00013770608098590123
1463298562738040833,negative,0.0008392513317544978
1463298562809339904,neutral,0.54537550958956
1463298573957750791,negative,4.37631087420433e-05
1463298574305964036,neutral,0.6020509347659972
1463298576994422786,negative,2.699753754702791e-06
1463298581415161857,neutral,0.37946275411661423
1463298585672495106,negative,0.03454408447477141
1463298586372976643,negative,4.37631087420433e-05
1463298586595184640,negative,0.10030890730360321
1463298588306550791,negative,0.3110150635968859
1463298591263498243,negative,0.05866566909234524
1463298592492322821,negative,0.2781618421911089
1463298603481448451,negative,0.0008042428618196086
1463298604307607552,negative,0.00010644378814004568
1463298609680687105,negative,8.090562644897277e-07
1463298611408773122,negative,4.761401899768555e-10
1463298615296856065,negative,0.31732489718339985
1463298621928054791,negative,0.00014712446764491582
1463298626155954185,negative,1.1213706294965168e-07
1463298627141521409,neutral,0.4845709807871066
1463298630673178624,negative,0.00011088140560069062
1463298631944097793,negative,1.436771055743215e-07
1463298632895983616,negative,0.1973266983827589
1463298636356493321,neutral,0.46127768308170247
1463298637908299781,negative,0.005361439986614932
1463298648431898626,negative,4.3647857711450724e-07
1463298649300029443,negative,0.0008042428618196086
1463298653230186512,negative,0.0004696175697827279
1463301053508694020,negative,0.24121745099768907
1463301056125972483,negative,0.014647961129680405
1463301057723912201,negative,0.02658955995418834
1463301059103842305,negative,0.031832610036971846
1463301060341157899,negative,0.001029053378529251
1463301060949327872,negative,0.02658955995418834
1463301064460058626,negative,0.022213826976516738
1463301069614813187,negative,0.09829523352732497
1463301070726176768,negative,0.21326118777216738
1463301072819269632,negative,5.0980168456558954e-05
1463301073918042112,negative,0.31056604688830275
1463301075679821834,negative,0.22053251764606627
1463301077978255364,negative,0.00021542675320271386
1463301082168193024,negative,1.979592684216798e-05
1463301083258920961,negative,1.1213706294965168e-07
1463301084412317702,negative,0.19558011933134006
1463301084450066438,neutral,0.33402218903110614
1463301087184707591,negative,0.02658955995418834
1463301089919488002,negative,0.0005518012485687466
1463301091240652802,negative,9.801790432966315e-05
1463301092150845444,negative,0.0007713225036801918
1463301092486389766,neutral,0.45044353445647284
1463301095690801153,negative,0.02658955995418834
1463301099478257665,negative,0.02658955995418834
1463301100719812610,negative,0.02658955995418834
1463301104658227201,negative,0.02658955995418834
1463301110710550529,neutral,0.47634260531433764
1463301111067160582,negative,0.00010793764689846118
1463301111088046080,negative,0.19558011933134006
1463301111931150338,negative,6.33010690838581e-05
1463301112325419012,negative,0.0020692506600825046
1463301112715427845,negative,0.03320001197079347
1463301115575996420,negative,1.1213706294965168e-07
1463301124476260357,negative,0.001029053378529251
1463301128687435776,negative,0.02658955995418834
1463301139605037058,negative,0.00011088140560069062
1463301139718414336,negative,1.8787963512819988e-07
1463301146475388946,negative,0.02421558000055368
1463301149570867202,negative,0.02658955995418834
1463301151688835073,negative,0.013303689860724985
1463301152800493571,neutral,0.5122255099195946
1463301159192563716,positive,0.6713229117341587
1463301159553228802,negative,0.19558011933134006
1463301168818438150,negative,0.0854140889180551
1463301171230220297,negative,0.002429270686946489
1463301172056498179,positive,0.991494435628712
1463301176439492618,negative,0.0004936736684284596
1463301179463639045,negative,0.03551465779574543
1463301180130480134,negative,1.2843797463827304e-05
1463301182261272578,negative,0.02658955995418834
1463301186468130818,negative,0.02658955995418834
1463301187172814856,negative,1.6403531370708004e-09
1463301189643165700,negative,0.02658955995418834
1463301195553034250,positive,0.8378179104569605
1463301198308691969,negative,0.0003186236162594717
1463301198438621185,negative,0.02658955995418834
1463301203194961924,negative,0.037074019542784865
1463301203211833346,negative,6.932556832574221e-05
1463301204725927940,negative,0.02658955995418834
1463301206021865473,negative,0.012843014691117857
1463301208647553025,negative,0.1853706629475626
1463301208739921922,negative,0.20081843170922334
1463301210421739520,negative,4.496272862582777e-05
1463301210526699521,negative,0.007432417665061783
1463301216079908867,negative,0.02658955995418834
1463301220068728839,negative,2.3380580021690006e-07
1463301222681751552,negative,0.14015658417418364
1463301225131225092,negative,2.49683278616983e-06
1463301227433787392,negative,0.0023216668387654764
1463301229753344001,negative,0.026664785802815158
1463301230114091008,positive,0.8819040037478941
1463301230432641029,neutral,0.5279240731369774
1463301230613209089,negative,0.000622167555607077
1463301233930911745,negative,0.19558011933134006
1463301251852955649,negative,0.06448816453390485
1463301255116300293,neutral,0.4144721264893641
1463301255326015488,negative,0.0020692506600825046
1463301260657016836,negative,0.037502854367503446
1463301263257448452,negative,0.1722067844664217
1463301264171835398,negative,0.00954063548237589
1463301264276697091,negative,0.03517184554527963
1463301267527278593,negative,0.16093083870412897
1463301273164259328,negative,4.698609297030232e-06
1463301273399160832,negative,0.00013770608098590123
1463301277023191048,negative,0.2913863640634792
1463301279808163850,negative,0.026664785802815158
1463301286401564677,negative,0.009701418611438806
1463301287395663882,negative,0.27328663683441096
1463301290411405321,negative,0.02658955995418834
1463301300586786816,negative,0.002676797355417112
1463301303434625024,negative,1.1213706294965168e-07
1463301308346101762,negative,0.00013770608098590123
1463301308891475985,neutral,0.430933091246722
1463301313224192003,negative,0.02658955995418834
1463301314692136963,neutral,0.5308758744911551
1463301314696392705,negative,0.32195147969670806
1463301319343677442,negative,0.00014873339443070992
1463301324980862979,neutral,0.3392276390915596
1463301326415097859,negative,0.002429270686946489
1463301329623957505,negative,1.1213706294965168e-07
1463301332572454912,negative,0.2621061704691275
1463301333725888512,negative,4.095837966839392e-09
1463301336582213641,negative,0.008707219096752332
1463301336938815489,neutral,0.33226841056482337
1463301336946995208,negative,0.029743102508380585
1463301337001574400,negative,0.09524595703113245
1463301337047728128,neutral,0.47549054088721415
1463301337077194756,negative,0.029743102508380585
1463301337152638979,negative,0.0005045112790287377
1463301337152724997,negative,0.01752524347509469
1463301337295249410,negative,0.030636084627135633
1463301340839432200,negative,0.019099772211076997
1463301341003014154,negative,2.699753754702791e-06
1463301346057195526,negative,0.09766135022433545
1463301347927900163,negative,0.0005518012485687466
1463301348515004420,negative,0.027385932891949946
1463301349282615297,negative,0.02658955995418834
1463301351073587203,negative,0.07594647552978565
1463301355196456978,negative,4.8904925789804e-10
1463301362230480900,negative,0.031832610036971846
1463301363404791811,negative,3.467075824864476e-11
1463301366630297601,negative,0.012888459660774114
1463301377715748866,negative,0.20875982241717492
1463301379120893953,negative,0.24971629562492847
1463301382790778882,negative,0.20771934817642312
1463301383315238916,negative,0.09521058549091373
1463301386691657739,negative,5.73877310783975e-13
1463301393968676871,negative,0.031832610036971846
1463301394853683208,negative,0.08067569031565464
1463301397575872519,negative,9.88108609711891e-10
1463301400360857602,negative,3.539589453789239e-11
1463301404265746440,negative,3.781312558802687e-05
1463301407709216779,negative,5.010617616990348e-07
1463301411786170371,negative,0.08540854791374912
1463301415082905605,negative,0.02658955995418834
1463301421730701312,positive,0.9847083571300569
1463301424889180160,positive,0.8819040037478941
1463301428362031110,negative,5.2594959007628326e-05
1463301431306375169,negative,4.399794683741098e-05
1463301431855824897,negative,0.007932825645984552
1463301432011071489,negative,0.02658955995418834
1463301432845606913,negative,0.002607478252675215
1463301435072946177,negative,0.005502719785049532
1463301439556669453,negative,0.001272201183043456
1463301442182303758,negative,0.002420441635698889
1463301443394359304,negative,0.1151970915600929
1463301447014129664,negative,0.29137236103680736
1463301449081708547,negative,4.064309089513225e-08
1463301453527883779,negative,0.0020692506600825046
1463301465003499525,negative,0.08312743898584807
1463301471525609480,negative,0.0011175852055364751
1463301475468259333,negative,0.0006926964492268005
1463301477531856896,negative,0.002279070760209887
1463301478286716931,negative,0.007363034437326738
1463301481403138058,negative,7.676331780121748e-05
1463301490408185859,negative,4.63644167890411e-06
1463301491771551747,negative,0.17776748991511712
1463301497115095041,negative,2.8833993279134003e-08
1463301497375100930,negative,0.0002315588551859826
1463301505444761600,negative,1.1213706294965168e-07
1463301506887831553,negative,0.006495168962654844
1463301512327831553,negative,0.0005045112790287377
1463301513703534595,negative,0.011256913434418776
1463301515909681158,negative,0.29137236103680736
1463301517398654979,negative,0.001029053378529251
1463301524600209408,negative,0.28526634701085296
1463301525237899270,negative,0.001344486659354852
1463301530166177792,negative,0.04226785215322061
1463301531722211338,neutral,0.543948763735985
1463301532494045186,negative,0.004706042672470695
1463301534234685443,negative,4.9538037280194555e-05
1463301535908179972,negative,0.1976005312327418
1463301539213234185,negative,0.13910410090442915
1463301539402031111,negative,0.006592077758138903
1463301540966326278,neutral,0.4362144465390862
1463301545404116999,negative,0.08082632282032505
1463301548830773253,negative,0.19558011933134006
1463301552756690949,negative,0.0241355147607242
1463301553746554882,negative,0.027385932891949946
1463301555898224647,negative,0.018754842970359464
1463301556363665413,negative,0.002420441635698889
1463301556569264136,negative,2.3216568633665776e-07
1463301558205136901,negative,0.24995389810902635
1463301559098486789,negative,0.01138890847112446
1463301562873298945,negative,0.007432417665061783
1463301566618902528,negative,3.3404634733404e-05
1463301566857891845,negative,0.08082632282032505
1463301572352520195,negative,0.016161043653741346
1463301573497565184,negative,0.014129889759952602
1463301576324493319,negative,5.314557565184308e-06
1463301576777478145,negative,0.19558011933134006
1463301576995577861,negative,0.00013770608098590123
1463301577968599042,negative,3.88553353793842e-05
1463301578677538818,negative,0.0034698584146202888
1463301580799815685,negative,0.13916642716808403
1463301583631011845,negative,1.0179073662640333e-08
1463301586608865281,neutral,0.49789225920557484
1463301586629890051,negative,0.07067251019463448
1463301588106182656,negative,0.002420441635698889
1463301594334773255,negative,0.02658955995418834
1463301595261636610,negative,0.29137236103680736
1463301597316984837,negative,5.3572131706520054e-05
1463301597392510978,negative,0.06386948716937092
1463301599649058817,negative,0.289426854984873
1463301600475328519,negative,8.06195027719318e-06
1463301606192123905,negative,0.00013770608098590123
1463301606707974150,negative,0.00739263754392471
1463301613464993797,positive,0.7040056307654701
1463301616325603336,negative,0.28716521919231036
1463301616703086596,negative,0.15168334727904192
1463301626131881992,negative,1.5852876242825948e-06
1463301629155975171,negative,0.002279070760209887
1463301632716947456,negative,0.02658955995418834
1463301633278947329,negative,0.02658955995418834
1463301633832632324,negative,0.009575322146527935
1463301641155715072,negative,0.00903522621353697
1463301642959392771,negative,0.1747688042709796
1463301645064880129,neutral,0.3823393888416118
1463301651201241099,negative,0.02658955995418834
1463301651671011336,neutral,0.39177525621744014
1463301659682091013,negative,0.02658955995418834
1463301667147894785,negative,0.04137432448858546
1463301668318191619,negative,0.0022774988007637923
1463301669261918212,negative,0.02658955995418834
1463301669463146498,neutral,0.45044353445647284
1463301678468251653,negative,0.030397400552516697
1463301680041181184,negative,1.5189394795285886e-08
1463301680200441858,neutral,0.4368347878126289
1463301682960420869,negative,0.19558011933134006
1463301686127124486,negative,6.560211294352927e-06
1463301688278716418,neutral,0.3370817298414093
1463301690782896128,negative,0.00012142995152326068
1463301690908725250,negative,0.02658955995418834
1463301694935252999,negative,0.014112776512592797
1463301696432574468,negative,0.004155061797291804
1463301696940134407,neutral,0.42763653545659
1463301699486068737,negative,0.32195147969670806
1463301701646049280,negative,0.017793004432746947
1463301706343714816,negative,0.0005572041840280953
1463301709216817152,negative,0.011854536417668598
1463301711028760579,negative,5.2594959007628326e-05
1463301714006659077,negative,0.10170735211578846
1463301722021974016,negative,0.04601305303704684
1463301722894483457,negative,1.1213706294965168e-07
1463301727822692352,negative,0.02658955995418834
1463301731383713799,negative,0.04601305303704684
1463301735674482696,negative,0.0028060155499377367
1463301743828029441,negative,4.399794683741098e-05
1463301745942183937,negative,0.010995562603728581
1463301746139275268,negative,0.02658955995418834
1463301747078803463,negative,6.37515079972709e-05
1463301748378976256,negative,0.00024276452111755218
1463301749951840258,negative,0.05247214415980341
1463301753856827396,negative,0.00022100988471441028
1463301758323773440,negative,0.0005045112790287377
1463301760978767873,neutral,0.3664392385408706
1463301764938096645,negative,0.00048333970845949024
1463301764950765580,negative,2.3216568633665776e-07
1463301765818953732,negative,0.0021914140135638766
1463301776627707908,negative,0.09397730512884245
1463301780452876293,negative,0.018844963494515508
1463301788581441545,negative,0.02658955995418834
1463301793568505858,negative,1.640227946983302e-08
1463301793933410306,negative,0.07458367775372127
1463301796869427203,negative,0.0011705350659215602
1463301798668689411,negative,1.3219669750476847e-09
1463301805681438724,negative,0.0005051847866799147
1463301807073943552,negative,0.00903522621353697
1463301807409704964,negative,0.0013151734968199714
1463301808751796224,negative,0.002065172054778316
1463301813365620739,negative,0.23559452850870796
1463301821066366987,neutral,0.4368347878126289
1463301823402426371,negative,0.1923714479487794
1463301823557685250,negative,0.001029053378529251
1463301824367235078,negative,0.09201054106441277
1463301829102559239,negative,0.001379217051552565
1463301829136199692,negative,1.2421822117273945e-05
1463301830369284104,negative,0.02658955995418834
1463301832370016266,negative,0.3111074585211768
1463301833171124229,negative,0.010952101677786732
1463301835456847875,negative,0.012843014691117857
1463301838715990020,negative,0.026664785802815158
1463301838740938756,negative,0.0016689659804713668
1463301841677164545,negative,0.026664785802815158
1463301842054619138,positive,0.9532837958856898
1463301844546039815,negative,0.00628065776699041
1463301849642119168,negative,0.046496849197982186
1463301855656787976,negative,1.0456796444276331e-06
1463301860392058889,negative,0.04536613374375163
1463301865651814400,negative,0.06155058885563235
1463301870965903371,negative,0.0001720892736722544
1463301879543304196,neutral,0.4088323515587269
1463301879732051969,negative,0.007991561626499794
1463301883179589635,negative,1.8563225816411802e-07
1463301884249358338,negative,0.00024276452111755218
1463301891337637889,negative,0.29137236103680736
1463301897578860547,negative,0.02658955995418834
1463301903446691843,negative,5.812637120338036e-05
1463301905032093697,negative,1.5175041572988386e-16
1463301905082466309,negative,0.002676797355417112
1463301908018307072,negative,0.045582857922802665
1463301909100519428,negative,1.2229344216966074e-08
1463301914561589248,negative,0.053577855593704364
1463301916042084353,negative,0.002955628423544928
1463301918218936327,negative,0.026664785802815158
1463301918894301184,positive,0.9773986341944002
1463301926469218306,positive,0.6958838001056531
1463301933901430789,negative,0.025854534850527446
1463301939765121024,negative,0.06795789335000746
1463301945083547650,negative,0.19558011933134006
1463301948308873227,negative,0.039798373978423514
1463301949353304069,negative,0.11909233728069761
1463301951341297664,positive,0.8243690248047424
1463301955460243457,negative,0.02658955995418834
1463301956198359044,negative,0.005502719785049532
1463301958765326348,negative,0.08308888532171467
1463301959029604353,negative,0.02658955995418834
1463301965857710086,negative,0.017793004432746947
1463301969062338566,negative,0.2429937718899652
1463301969154654209,negative,0.02658955995418834
1463301975097888771,negative,1.1290403770243393e-05
1463301975118860295,neutral,0.41985905365109655
1463301978990292993,negative,0.0008042428618196086
1463301980592521216,negative,0.02658955995418834
1463301980944846852,negative,0.00024201832015489499
1463301991598284800,negative,0.23559452850870796
1463301992009318402,negative,0.00015171473932918794
1463301993418612742,neutral,0.6233886110737626
1463302004533518339,positive,0.9958539452013001
1463302004550377478,negative,0.02658955995418834
1463302005942800386,negative,0.20875982241717492
1463302007322726402,positive,0.9460958823110828
1463302013287120904,negative,0.02658955995418834
1463302014536982539,negative,0.020478112694721426
1463302016088870914,negative,6.008647857190373e-09
1463302016285954048,negative,0.02658955995418834
1463302017565159428,negative,0.2872831426644916
1463302018701873155,negative,4.761401899768555e-10
1463302028810407936,negative,2.1019177423418757e-05
1463302032375398403,negative,0.0020692506600825046
1463302033004453892,negative,0.029508397574420055
1463302039824474114,negative,0.0005045112790287377
1463302042491883527,negative,0.00013770608098590123
1463302045281267712,negative,0.002279070760209887
1463302047760068610,neutral,0.41999175627150465
1463302047818731531,negative,0.23559452850870796
1463302050813513730,negative,0.00024201832015489499
1463302056035291140,negative,0.0475276940801607
1463302060359753738,negative,0.2662084396645075
1463302061068541953,negative,0.1555254487164955
1463302065170440194,negative,0.002429270686946489
1463302065401131008,negative,0.012843014691117857
1463302069323018244,negative,1.4964021652192677e-06
1463302075190816773,negative,0.06945252450911944
1463302076826537988,negative,1.4751538659520752e-07
1463302076985921538,negative,1.1739197518031921e-05
1463302080937005061,negative,0.11690761078511089
1463302082623156231,negative,0.13030764337396875
1463302083520733191,negative,0.08540854791374912
1463302090990698508,neutral,0.5956214609013355
1463302092462899201,negative,0.04491488642406931
1463302096619548675,negative,0.04574557697461145
1463302100973076484,negative,6.195783944865932e-12
1463302103665889280,negative,5.364907136860594e-07
1463302110628487179,negative,0.17887516916701357
1463302112125718531,positive,0.9532837958856898
1463302116542451715,negative,2.7404782936497645e-07
1463302116898840576,negative,0.035325790298645666
1463302126545690624,negative,0.16211611342930204
1463302128861130752,negative,0.04601305303704684
1463302129016266752,negative,0.02658955995418834
1463302131935371270,negative,0.05012763998031981
1463302142157115393,negative,0.02658955995418834
1463302144040128514,negative,0.016695364809665103
1463302144707149833,negative,2.2226189966018976e-05
1463302145130868744,negative,0.09756251249638187
1463302147936825344,negative,8.87693436185782e-05
1463302150222721027,negative,0.005502719785049532
1463302152122769408,negative,0.02658955995418834
1463302159253053444,negative,0.1103557228684957
1463302161450909703,negative,0.19558011933134006
1463302161568313349,negative,0.02658955995418834
1463302171831721993,negative,1.1213706294965168e-07
1463302175472431104,negative,0.08663246403919907
1463302176277733378,negative,0.1399829326686015
1463302185308114950,positive,0.9999989749789218
1463302190034993152,neutral,0.36168889964665113
1463302190219644931,negative,0.001029053378529251
1463302195777056769,negative,8.090562644897277e-07
1463302196800503812,negative,0.012006687054373109
1463302201632305152,negative,0.02658955995418834
1463302201686773767,neutral,0.4219895234376248
1463302209593085955,negative,0.0005045112790287377
1463302213888094213,negative,0.002065172054778316
1463302215918141445,negative,0.2913863640634792
1463302224755531779,negative,0.019099772211076997
1463302224860303361,negative,0.07584229803212553
1463302231692914688,positive,0.820723044870663
1463302233576153094,negative,0.1151970915600929
1463302236256157698,negative,0.004701197553366562
1463302237589958657,negative,0.02516886751962668
1463302238097584129,negative,1.293292070668467e-09
1463302240605650946,negative,1.5303918640830642e-09
1463302243835383810,negative,0.035990118082530546
1463302247287296008,negative,0.00015983535301201948
1463302252987305990,negative,0.0020692506600825046
1463302254082023426,negative,1.1213706294965168e-07
1463302258788118530,negative,0.02658955995418834
1463302259677306882,negative,0.10391650645631698
1463302264483893259,negative,0.0006436292230068289
1463302268715950082,negative,0.00038604512588880996
1463302269487751173,negative,0.00013770608098590123
1463302273073922049,negative,0.12204383985844898
1463302277985443840,negative,0.31703737102451773
1463302278211899401,negative,4.37631087420433e-05
1463302278874636288,negative,0.001029053378529251
1463302280149716994,negative,4.981393659510914e-09
1463302282007744515,negative,0.05465747730689505
1463302288471113734,negative,0.05012763998031981
1463302293995114497,negative,9.75490938335469e-13
1463302296129970186,negative,0.10242002404183433
1463302304656883717,negative,1.9315935648418493e-09
1463302304686297088,negative,6.586885971231671e-08
1463302309522415619,positive,0.991494435628712
1463302312592617474,negative,0.07081865456686814
1463302315742572546,negative,3.331371319279629e-10
1463302316178636803,negative,0.05451268920168887
1463302317151772675,negative,0.009809372201059213
1463302319047593988,negative,0.04601305303704684
1463302320255549442,neutral,0.46127768308170247
1463302322096852993,negative,0.022237539005147338
1463302328946204674,negative,0.12942662253213594
1463302335237701636,positive,0.6713229117341587
1463302335590014979,negative,0.04099863623708018
1463302336508575749,negative,0.007764778966008573
1463302339587186690,negative,0.00903522621353697
1463302346079825920,negative,0.02658955995418834
1463302348730773505,negative,0.026664785802815158
1463302351410843648,neutral,0.4246323546422541
1463302351457079302,negative,0.058138691361493106
1463302358482436101,negative,0.16093083870412897
1463302360122511361,neutral,0.41999175627150465
1463302368200691716,neutral,0.3372080449500914
1463302368808902658,negative,0.20875982241717492
1463302372684349444,negative,0.04060396233101734
1463302372797657091,negative,8.06195027719318e-06
1463302373644722177,negative,0.3117292366321383
1463302374714494976,negative,0.0002767521151351584
1463302374886367241,negative,0.06031173566632119
1463302376241180673,negative,0.02658955995418834
1463302377763708935,negative,0.008504653747008062
1463302377994440710,negative,0.02658955995418834
1463302382113148933,negative,0.0018121461720554716
1463302385309302791,negative,0.036308874719446015
1463302386659860483,negative,5.219678114717947e-06
1463302387427426305,neutral,0.5758147850589279
1463302388769452038,negative,0.2629689528214761
1463302389331488770,negative,0.031832610036971846
1463302393693708288,negative,0.00024276452111755218
1463302395014918144,negative,0.026664785802815158
1463302397565022216,negative,0.197364915378927
1463302398705815553,negative,0.02339093727866527
1463302399192358926,negative,0.1151970915600929
1463302399666401285,negative,0.07517342210911847
1463302399804817419,negative,0.3111074585211768
1463302399842340869,neutral,0.3426638101355001
1463302401100857345,negative,0.011026019301664212
1463302402111643653,negative,1.5253345683179199e-05
1463302402988204033,negative,0.031832610036971846
1463302407379685383,negative,0.0070485775463156805
1463302412253515782,negative,5.724006096778465e-10
1463302414375665664,negative,0.0016689659804713668
1463302418775646210,negative,0.0005518012485687466
1463302422948978693,negative,0.20875982241717492
1463302423263514625,negative,0.15511550179861494
1463302427969527815,negative,0.026664785802815158
1463302428141535235,negative,0.1921057466473415
1463302433375928321,negative,0.02658955995418834
1463304702083407872,negative,0.02658955995418834
1463304702754533380,negative,0.0029635012969353807
1463304705237475331,negative,0.010995562603728581
1463304705753370628,negative,0.19558011933134006
1463304707884072962,negative,0.02658955995418834
1463304708869738500,negative,0.057647216551845314
1463304715190640649,negative,5.695167671871084e-07
1463304719049314308,negative,0.0029635012969353807
1463304720156545029,negative,0.04471351883832254
1463304728880857092,negative,7.244653445537029e-08
1463304729849651202,neutral,0.4154165067014596
1463304733905416197,negative,0.07584229803212553
1463304741111410696,neutral,0.41901263796461236
1463304744680652802,negative,0.0475276940801607
1463304746706649093,negative,0.056258028177092446
1463304752020787204,negative,4.773193175087686e-10
1463304756063977473,negative,2.0428473846076056e-06
1463304756076625931,negative,0.00011088140560069062
1463304759696400386,negative,0.02258033719214777
1463304763194417156,negative,0.0011164501876246638
1463304764842819587,negative,0.01825937068658017
1463304767938174978,negative,0.2669543448015903
1463304771863990273,neutral,0.6468873264652989
1463304773986357253,negative,0.00013770608098590123
1463304777924812803,negative,1.2601200095767443e-10
1463304778109366272,negative,0.02658955995418834
1463304779929694216,neutral,0.3936541410069854
1463304783851409417,negative,0.0748323988699214
1463304784199360517,neutral,0.44417467700894747
1463304784551690243,negative,0.00903522621353697
1463304801299492867,negative,0.0003517701796375265
1463304801484259331,neutral,0.4894886660404289
1463304809214320641,negative,5.2594959007628326e-05
1463304810233540611,negative,0.057647216551845314
1463304818877992961,negative,0.0021957377408122524
1463304820115361794,neutral,0.5255869865713363
1463304820597702661,negative,0.002429270686946489
1463304822480949256,negative,0.012006687054373109
1463304829518946310,negative,0.19558011933134006
1463304830185730051,neutral,0.5462307384111108
1463304832790548482,negative,0.020478112694721426
1463304836129120256,negative,1.3213191114315007e-05
1463304836317958144,neutral,0.5136446707795853
1463304836682813448,positive,0.8441244566299733
1463304836837875713,negative,0.12211197158655593
1463304838381330435,negative,0.00013770608098590123
1463304847747387392,neutral,0.38522068917997826
1463304848724606976,negative,0.05887697907624026
1463304853401309188,negative,1.1944736344259825e-08
1463304855460716546,negative,0.057647216551845314
1463304857570267136,negative,0.06031173566632119
1463304860334497798,negative,0.0054043666970393965
1463304860393115652,negative,0.029743102508380585
1463304862746173441,negative,0.00024276452111755218
1463304868756697089,negative,0.0025220579061143037
1463304871231332355,negative,0.0011705350659215602
1463304879129174017,negative,0.09195847087407463
1463304882174107652,negative,4.810607023130245e-07
1463304887194816516,negative,1.6830131317722512e-11
1463304887840694274,negative,0.1921057466473415
1463304890801745927,negative,0.002287024482886074
1463304893670866946,negative,1.4267992236195272e-10
1463304895046553604,negative,0.004917616006803458
1463304896619421706,negative,0.002279070760209887
1463304899555471361,negative,0.17158851991689467
1463304901946183686,negative,0.053659125383051016
1463304902025822209,negative,0.02658955995418834
1463304902478860299,negative,0.02842694616567399
1463304903082848264,neutral,0.4147342023902695
1463304904085233669,negative,0.00017051429419930573
1463304907654455301,neutral,0.3492268688187688
1463304912763248641,negative,0.002279070760209887
1463304914029924356,negative,0.0005518012485687466
1463304915330154498,negative,0.03517396230611034
1463304915644727300,negative,0.0003792353789461434
1463304918824103936,negative,0.0004149123853668308
1463304924943503369,negative,0.005502719785049532
1463304927351123970,negative,0.005502719785049532
1463304930815578114,negative,0.0005518012485687466
1463304931989929986,neutral,0.569544618108728
1463304941678825474,negative,0.057647216551845314
1463304944522604548,negative,0.0014810474787382668
1463304950512037888,negative,0.05468946377016529
1463304957340356612,negative,0.0015876789335764916
1463304960217522176,negative,0.00011088140560069062
1463304962700713986,negative,0.061467048221851846
1463304973781975042,negative,0.00011938239064314769
1463304976906833924,negative,0.002020794685049469
1463304980308414468,negative,0.007996695850062609
1463304983512764416,positive,0.8975149679301947
1463304987149283332,negative,7.081245370742897e-05
1463304992539004929,negative,0.06013232194377761
1463304993046360066,negative,0.10242002404183433
1463304996649410560,negative,0.00011937762780082785
1463305000193515520,negative,0.057647216551845314
1463305014923784195,negative,0.015730947513016777
1463305017658691592,negative,0.000992030419365995
1463305017843236864,negative,0.0005518012485687466
1463305020108165120,neutral,0.47753934624859895
1463305021559386117,negative,0.003209592441293899
1463305023862059008,negative,0.004748313240955623
1463305034364555270,negative,0.005013110601729073
1463305034989404169,negative,0.00013770608098590123
1463305038114263044,negative,0.08082632282032505
1463305038336389126,positive,0.8243690248047424
1463305039133523973,negative,0.0016689659804713668
1463305040714625024,negative,0.014811043769349542
1463305041574600704,positive,0.820723044870663
1463305045617913865,negative,0.027385932891949946
1463305046326661123,negative,0.0011164501876246638
1463305047610175491,negative,2.2226189966018976e-05
1463305049765912579,negative,5.6309073419529e-09
1463305052257464321,negative,5.2594959007628326e-05
1463305054555881477,negative,0.007363034437326738
1463305056233611273,negative,0.18509236577765614
1463305056472731648,negative,0.025557723869875378
1463305062738923520,neutral,0.38522068917997826
1463305068824776705,negative,0.0008305737802205629
1463305073690357760,negative,9.788180143924106e-07
1463305075661623296,negative,0.057647216551845314
1463305080367722503,negative,0.19558011933134006
1463305080938156040,negative,0.0017018715572223125
1463305085115633665,negative,2.0265021506471662e-07
1463305095718838275,negative,0.06942564205367549
1463305095748202499,negative,0.026664785802815158
1463305096096321537,positive,0.9102195823247055
1463305099325980678,negative,0.0032273036188326704
1463305101863444483,negative,0.00013770608098590123
1463305101939023873,positive,0.8037149008329174
1463305102412980225,negative,6.83557285065706e-05
1463305103067209730,negative,0.026664785802815158
1463305109446836227,negative,0.02658955995418834
1463305109979422723,negative,0.2429937718899652
1463305110386360322,negative,0.002602387665597444
1463305111443316737,negative,0.00028165778439252407
1463305111933833222,negative,0.003559377736995992
1463305114563846145,negative,0.02658955995418834
1463305115511701505,negative,0.06175927167902575
1463305116942012418,negative,0.00013770608098590123
1463305118913372160,negative,0.005916301148584093
1463305118967865351,negative,0.13781674395562127
1463305120721084424,negative,0.0010163392546291936
1463305121316679683,negative,0.06448816453390485
1463305121551597575,neutral,0.3499654012243548
1463305125313888257,negative,0.0011164501876246638
1463305127687774211,negative,4.125660507455918e-06
1463305139222048768,negative,0.0011164501876246638
1463305145253466117,negative,0.056094838341412115
1463305146524483605,neutral,0.4896047113316778
1463305146696409088,negative,0.03990213993301685
1463305153956790274,negative,0.002676797355417112
1463305156284538884,negative,0.02675864965885133
1463305157488300032,negative,0.08960991730968573
1463305166573158404,negative,0.0028495745286880505
1463305172168368137,negative,0.010640197542686568
1463305172327747586,positive,0.6623138026434744
1463305172520742915,negative,0.016695364809665103
1463305173934166053,negative,2.3881458969545387e-05
1463305174827474948,negative,0.03260674269620495
1463305178883502082,neutral,0.41274933845383965
1463305181152559106,negative,0.08215461160160455
1463305182821769220,negative,0.00024276452111755218
1463305188580765699,negative,0.005502719785049532
1463305192343023616,neutral,0.33507969496608614
1463305196180631554,negative,0.0015218494826930514
1463305196797263876,negative,0.2959439228510285
1463305196801597444,negative,0.057647216551845314
1463305205701922823,negative,0.29137236103680736
1463305205739663361,negative,8.071433177408685e-06
1463305208625201161,neutral,0.5013050737322353
1463305208730112004,negative,0.001029053378529251
1463305210357497857,negative,0.07854354605092159
1463305214715473927,negative,0.19558011933134006
1463305217886195713,negative,5.996076124469379e-06
1463305219882819584,positive,0.9803168028353423
1463305225939341315,negative,0.05247214415980341
1463305229387116557,negative,0.11154443292387338
1463305236286738433,negative,0.016211241598804486
1463305241550635010,negative,0.07677722154217662
1463305243689558022,negative,0.025813619580176195
1463305245317083151,negative,0.05535675357306251
1463305245661007873,negative,0.02658955995418834
1463305247854673928,negative,0.29137236103680736
1463305247971954692,negative,0.0002502318002437038
1463305252887744516,negative,0.02658955995418834
1463305263507771396,negative,0.19814673853256212
1463305268654133257,negative,0.11779810094803063
1463305272970162179,negative,0.000658039801715974
1463305273758695430,negative,0.15980623683619893
1463305278879940609,negative,0.012843014691117857
1463305281341853696,negative,0.0001786345650584854
1463305281472016390,negative,8.06195027719318e-06
1463305284571607040,negative,0.02658955995418834
1463305290628145152,neutral,0.4896047113316778
1463305296395358213,negative,1.2381902471899717e-14
1463305303894728707,positive,0.9829578990908331
1463305304997867526,negative,0.10030890730360321
1463305305874386949,negative,0.02913213547008365
1463305312119705610,negative,3.9359629927623534e-07
1463305314766409733,negative,0.18073724749410372
1463305318230855684,negative,0.057647216551845314
1463305319484899329,negative,0.06448816453390485
1463305323469586435,negative,0.04567701779860111
1463305326778851335,negative,0.0025486539922031483
1463305333183594496,negative,0.02245825766885529
1463305337373663233,negative,0.0002805641102085449
1463305341425397769,negative,0.02658955995418834
1463305342855651332,negative,0.04005599349046402
1463305342876626947,negative,0.11037793814550152
1463305343807729668,negative,1.0179073662640333e-08
1463305346546638849,negative,0.0016351530034362024
1463305346642890756,negative,0.0005518012485687466
1463305347247005697,negative,0.02658955995418834
1463305354465484803,negative,0.022584527019504117
1463305356612935683,negative,4.37631087420433e-05
1463305361629364226,negative,0.06386948716937092
1463305361977491459,negative,0.1151970915600929
1463305368872890371,negative,0.052918268395211465
1463305373524262915,negative,0.00013770608098590123
1463305375541698561,negative,1.2170078286404023e-12
1463305376015826946,negative,0.00024276452111755218
1463305376712073220,negative,1.1213706294965168e-07
1463305379052494849,neutral,0.430933091246722
1463305386195312643,negative,0.002065172054778316
1463305387977936896,negative,0.02658955995418834
1463305393485107202,negative,0.001029053378529251
1463305394575622150,negative,0.23559452850870796
1463305394730721280,neutral,0.5702691514753383
1463305398010658817,negative,4.399794683741098e-05
1463305398975356930,negative,1.4085122954393492e-07
1463305400883765249,negative,1.4916724598557085e-05
1463305402926444548,neutral,0.46127768308170247
1463305407028506631,negative,0.034712172052112286
1463305407032545285,neutral,0.47697210391394973
1463305408085299202,negative,0.06143743664089567
1463305411382153216,negative,0.06386948716937092
1463305412778856451,negative,0.13496266936977716
1463305412887953416,negative,0.00024201832015489499
1463305414792163331,negative,0.01981511089765166
1463305416503443458,negative,0.000999976386387846
1463305418759753729,positive,0.9515502162519834
1463305421704372225,negative,2.5762634446886454e-05
1463305426779336706,negative,0.002607478252675215
1463305428729667587,negative,1.0220959014587341e-05
1463305431275687943,negative,0.0012577457151971136
1463305431506432004,negative,0.012006687054373109
1463305436241842180,negative,0.0013925738769406087
1463305438234087424,negative,0.08308888532171467
1463305439467094020,negative,0.0018787054427247697
1463305445397962756,negative,0.289426854984873
1463305459964649478,negative,0.03454408447477141
1463305461474762752,negative,0.025998333130724756
1463305462690902019,negative,0.03260674269620495
1463305463257346048,negative,0.013002057571099243
1463305465031442435,neutral,0.4434191688350768
1463305470744084481,negative,0.02658955995418834
1463305474514718722,negative,0.06155058885563235
1463305476356157440,negative,0.0070485775463156805
1463305478356803589,negative,0.0035559704981342885
1463305481133469698,negative,0.011478169685970449
1463305481343180810,negative,0.06645258466190532
1463305481993261057,negative,0.19558011933134006
1463305488553107466,negative,0.19558011933134006
1463305489689817094,negative,4.37631087420433e-05
1463305490016972805,negative,0.002417559947463137
1463305494983020553,negative,0.0002805641102085449
1463305501094019073,negative,0.17310689999750373
1463305501987389442,negative,0.049341221702375856
1463305505540132865,negative,0.0008414930630390123
1463305513429520391,negative,0.00010586693755795021
1463305516109598727,negative,1.1213706294965168e-07
1463305516394815492,negative,2.0744780069457645e-08
1463305518936698886,negative,0.0016689659804713668
1463305523412054030,negative,0.02658955995418834
1463305524317929474,neutral,0.5475761946938527
1463305529321828355,negative,0.02023720151491221
1463305535319642115,negative,0.02658955995418834
1463305537316024320,positive,0.8819040037478941
1463305539698540553,negative,0.016695364809665103
1463305539878674435,negative,0.020478112694721426
1463305542374502401,negative,0.022584527019504117
1463305542399676417,negative,0.016211241598804486
1463305543330635780,negative,0.31056604688830275
1463305545121730564,neutral,0.4950071809148271
1463305549236289540,negative,2.382988685722433e-05
1463305555896897542,negative,0.02658955995418834
1463305557675282442,negative,0.11154443292387338
1463305559969615878,negative,0.0595301897556372
1463305574699970560,negative,0.2329931182580849
1463305575069016069,neutral,0.48305279832018444
1463305576042143748,negative,0.0028454326927294976
1463305578952933380,negative,0.11823543829343171
1463305579980484611,negative,0.08540854791374912
1463305588935475201,negative,0.057647216551845314
1463305589166067714,neutral,0.49789225920557484
1463305597567262720,negative,0.013882787481566067
1463305599047798787,negative,1.1019322673401359e-06
1463305603011563520,negative,0.0006472125472383308
1463305606052392964,negative,0.02658955995418834
1463305609688883200,negative,0.02658955995418834
1463305611853115397,negative,4.0615285165069766e-10
1463305613182599171,negative,0.04495804240401065
1463305614898180097,negative,0.0040827960084996295
1463305615875391493,negative,0.19558011933134006
1463305616794005504,negative,7.816803376342469e-06
1463305619696492551,negative,0.00013770608098590123
1463305629624414213,negative,0.009648979495653269
1463305632925327360,negative,0.02658955995418834
1463305635412553735,negative,0.00689903503320655
1463305640097501187,negative,1.0397581936965022e-05
1463305641724891145,negative,7.913274881936436e-08
1463305644191195141,negative,0.18028126258769972
1463305646711918594,negative,0.008504653747008062
1463305649933078532,negative,1.1674965214279756e-05
1463305650063253504,negative,0.00011789037530055178
1463305650172317708,neutral,0.46127768308170247
1463305650935631872,negative,0.043866543965271294
1463305653099941900,negative,0.007501440757069811
1463305653343203330,negative,0.0014810474787382668
1463305653687103492,positive,0.820723044870663
1463305655503228928,negative,0.017793004432746947
1463305655763320833,negative,0.15168334727904192
1463305657763962882,positive,0.8819040037478941
1463305664013516804,negative,2.6738985903575816e-07
1463305666395791361,negative,0.08368977433779108
1463305667016548363,negative,2.0152832109746865e-09
1463305668572729344,negative,4.147811194192982e-06
1463305668807565326,neutral,0.40779168924779574
1463305672049704970,neutral,0.46127768308170247
1463305672057966596,negative,0.12211197158655593
1463305675031916545,negative,5.535276624022298e-06
1463305683504443397,negative,0.00022007974646748996
1463305694204108804,negative,0.020478112694721426
1463305698444460032,negative,0.31941198875779137
1463305698754846720,negative,0.04567701779860111
1463305699794980864,negative,0.028564982935884612
1463305703045672965,negative,0.08312743898584807
1463305706652811266,negative,0.11497064546237039
1463305710167638024,negative,0.057647216551845314
1463305711245475843,negative,0.00010029515897358846
1463305714655535105,negative,0.0595301897556372
1463305717646041089,negative,0.05247214415980341
1463305719969636356,negative,0.01400691253186729
1463305721689391110,negative,0.12868765047234798
1463305724461662217,negative,0.06798357735551787
1463305724499570694,neutral,0.4362144465390862
1463305725808156676,negative,0.12096028620346574
1463305729230528517,negative,0.00010995983305623571
1463305732074262529,negative,6.0474471047543965e-05
1463305738097471489,negative,1.319152611757541e-07
1463305742983876616,negative,0.03076831560158583
1463305745315680257,negative,0.049627806924746325
1463305752806887427,negative,0.012888459660774114
1463305753914130437,negative,6.411588610949209e-07
1463305759052206084,negative,0.29137236103680736
1463305764706029571,negative,0.0033337072900924583
1463305768938082310,positive,0.9460958823110828
1463305777800691715,negative,0.005146860607373255
1463305777863700486,neutral,0.3510705225806928
1463305778786455554,negative,0.00013770608098590123
1463305780103372804,negative,0.04450382636096494
1463305781470711811,negative,0.08128621646678531
1463305783974711296,negative,0.00011142833021569964
1463305786076155907,negative,0.06386948716937092
1463305794326183941,neutral,0.3462685368095394
1463305795785875457,negative,2.2467160939656218e-11
1463305796024946696,negative,0.02658955995418834
1463305799594348545,negative,8.522185850402351e-06
1463305800185749507,negative,4.37631087420433e-05
1463305802605899776,negative,0.0005846036672862464
1463305803088154628,negative,1.1739197518031921e-05
1463305803901784067,negative,6.008647857190373e-09
1463305808029097987,positive,0.8819040037478941
1463305811585810437,negative,0.001344486659354852
1463305813804658688,negative,0.061549450508384874
1463305818724573185,negative,6.332772708682659e-05
1463305818988859399,negative,0.03343684370834535
1463305820830056448,negative,0.0595301897556372
1463305821668974592,negative,0.013882787481566067
1463305824328196100,negative,0.0022774988007637923
1463305827851255810,negative,0.29137236103680736
1463305829646577665,negative,0.0011164501876246638
1463305829780705280,negative,0.2215974874319697
1463305833383702535,negative,0.05481696621975529
1463305836906774530,negative,0.022237539005147338
1463305837422596098,negative,0.17680077643520634
1463305838651715590,negative,0.02427140536488057
1463305841260601348,negative,0.026664785802815158
1463305841281576972,neutral,0.49789225920557484
1463305847572992003,negative,0.0031748011055014605
1463305848638382080,neutral,0.35923779446587617
1463305851725361155,negative,0.025557723869875378
1463305853000372228,negative,0.001344486659354852
1463305857115070465,negative,0.0028060155499377367
1463305858100695045,negative,0.057647216551845314
1463305858377560067,negative,2.188179553004806e-06
1463305867206569984,negative,0.0012577457151971136
1463305872466079745,negative,0.00010995983305623571
1463305873435111424,negative,0.02658955995418834
1463305877046407171,negative,0.1745295557422383
1463305879676018692,negative,0.15980623683619893
1463305881127370755,negative,0.057647216551845314
1463305881542709257,positive,0.8975149679301947
1463305883644051457,negative,0.002417559947463137
1463305885296513027,negative,0.013002057571099243
1463305885632110595,negative,0.13030764337396875
1463305896528957442,negative,0.005502719785049532
1463305901654355973,negative,0.00010793764689846118
1463305903705309195,negative,0.002279070760209887
1463305904196042759,negative,0.00013770608098590123
1463305906112892928,negative,0.00013770608098590123
1463305910378508292,positive,0.993817666890999
1463305913079681025,negative,0.012006687054373109
1463305913750757381,negative,0.002955628423544928
1463305914409230336,negative,0.23749943227943135
1463305918741979139,negative,0.0008414930630390123
1463305918871912453,negative,0.0005518012485687466
1463305924131622925,positive,0.820723044870663
1463305925872214016,negative,0.0002298052496243261
1463305928812367878,negative,0.017793004432746947
1463305930918047750,neutral,0.3430649280282616
1463305938157268996,negative,0.009010316651468474
1463305943786135559,neutral,0.3492268688187688
1463305950807351297,negative,0.02658955995418834
1463305954544570369,neutral,0.3492268688187688
1463305955446300676,negative,0.13532426328929736
1463305955853148164,negative,0.00021421832506673694
1463305961230114818,negative,0.06942564205367549
1463305962698289164,negative,0.18509236577765614
1463305966426992645,negative,0.20875982241717492
1463305975742578693,negative,0.004917616006803458
1463305979215417353,negative,0.09201054106441277
1463305979844603904,negative,0.002607478252675215
1463305980494684165,negative,5.984833450786041e-11
1463305981572624390,negative,0.057647216551845314
1463305981853683715,negative,0.0005661934567240923
1463305984730746881,negative,0.0006681480017526814
1463305984793886725,negative,0.04804838679422739
1463305989403279364,negative,0.005502719785049532
1463305996449853445,negative,0.289426854984873
1463305999444594690,positive,0.8819040037478941
1463305999960399879,negative,0.0026887723051061047
1463306000551739392,negative,0.00903522621353697
1463306000774139905,negative,1.0179073662640333e-08
1463306000878997504,neutral,0.6233886110737626
1463306005933080580,negative,0.11682160872386131
1463306014711709696,negative,0.2932355958954435
1463306015517073411,negative,0.02658955995418834
1463306015710064649,negative,0.2429937718899652
1463306016435572737,negative,2.173152837163772e-14
1463306018885095430,positive,0.9829578990908331
1463306020831170564,negative,0.05576169978993459
1463306021196255236,negative,0.04137432448858546
1463306023276527621,negative,0.00903522621353697
1463306023704350729,negative,6.041895232690727e-05
1463306024744542209,positive,0.8975149679301947
1463306031291895811,negative,0.19558011933134006
1463306033011560448,neutral,0.3690739244670184
1463306033351340032,negative,8.26678756227891e-12
1463306040657813506,negative,0.020478112694721426
1463306043165851652,positive,0.7659933988891732
1463306044533313542,negative,0.0005572041840280953
1463306046949269510,negative,9.49659451388056e-10
1463306049763434498,negative,0.007432417665061783
1463306060383469570,negative,0.014175459536009327
1463306060949643270,negative,0.2107714561801149
1463306064640757762,negative,0.289426854984873
1463306064875634690,neutral,0.33081119157129957
1463306065785737222,negative,0.00013770608098590123
1463306068923240457,negative,0.2967626145566536
1463306069061550081,negative,0.3226077192689602
1463306071821504516,negative,0.02658955995418834
1463306072995807241,positive,0.9880480662438722
1463306078469472256,negative,0.01674650047248865
1463306080805605380,negative,1.1213706294965168e-07
1463306081807986690,negative,0.13879856303037963
1463306087860482051,negative,0.02658955995418834
1463306091186606082,negative,0.011865260698855861
1463306091777994752,negative,0.02658955995418834
1463306103844794369,negative,0.013002057571099243
1463306104079896577,negative,0.022213826976516738
1463306107980369922,negative,0.017793004432746947
1463306108894793732,negative,0.0002466861553051849
1463306110006403073,negative,6.560211294352927e-06
1463306113227628551,negative,2.7531736552779755e-06
1463306113881763845,negative,4.761401899768555e-10
1463306122140467209,negative,0.02658955995418834
1463306126662017025,negative,0.12932083403380162
1463306127085559813,negative,0.00403601556686145
1463306127484108802,negative,0.19558011933134006
1463306132181508104,negative,0.008535847267054029
1463306133842522112,negative,6.489050110888945e-05
1463306136828874756,negative,1.979592684216798e-05
1463306137256796172,negative,6.9703318465109876e-06
1463306137915301894,negative,0.004912803030529698
1463306139026788359,negative,0.0028454326927294976
1463306140448694274,negative,2.3216568633665776e-07
1463306142336040961,negative,0.3278367293737401
1463306145293029382,negative,0.016695364809665103
1463306146769358848,negative,0.06175927167902575
1463306149785223168,negative,0.007034780962359654
1463306150217195520,negative,0.03406018323014447
1463306151420911621,negative,0.0010227012355306234
1463306151756541955,positive,0.8009158272758502
1463306151957827587,negative,0.057647216551845314
1463306154197635078,neutral,0.40779168924779574
1463306156017950730,negative,0.09201054106441277
1463306156399480833,negative,0.008477394341030967
1463306157246844928,negative,2.2977697254722326e-10
1463306164825849859,negative,0.0008414930630390123
1463306167589949442,negative,0.09678829831214049
1463306167736692736,negative,0.00013770608098590123
1463306169787633666,neutral,0.42555220229225454
1463306174745485312,neutral,0.47753934624859895
1463306175705927691,negative,0.04259612142187252
1463306178033823745,negative,2.382988685722433e-05
1463306178923008003,negative,0.06662580252650052
1463306180177141767,negative,0.03260674269620495
1463306182261628928,negative,0.062403371835180944
1463306188100194304,negative,0.0005846036672862464
1463306192642531332,positive,0.9079456490464604
1463306202939629574,negative,0.2021112890894942
1463306203992399875,negative,0.11154443292387338
1463306206106193922,neutral,0.4896047113316778
1463306211579895813,negative,0.00019990037461648552
1463306212703752193,negative,0.06013232194377761
1463306218253037573,negative,0.0038186615258698083
1463308634465742866,negative,0.00014369063591314566
1463308637053591554,negative,0.027385932891949946
1463308640975208448,negative,0.0018117410724442019
1463308642040655872,neutral,0.3996580091506196
1463308648004960258,negative,2.3216568633665776e-07
1463308650496282628,negative,0.027385932891949946
1463308656271929357,negative,0.19558011933134006
1463308663138009092,negative,1.0456796444276331e-06
1463308667764232192,negative,0.0012946777802407018
1463308678392692737,negative,0.06578333652938091
1463308678820515844,negative,0.19696759184390883
1463308679592255490,negative,0.024946310592283673
1463308684151435267,negative,0.02658955995418834
1463308685694939138,negative,0.026664785802815158
1463308688895131656,negative,0.026664785802815158
1463308690707124226,negative,0.02658955995418834
1463308693504552960,negative,0.0011760074605957824
1463308696587489283,negative,1.1469411762025094e-07
1463308704112066561,negative,0.0006926964492268005
1463308707924779013,negative,0.0546196710423758
1463308710902652937,negative,0.29137236103680736
1463308711481458692,negative,0.08885501237204967
1463308713519816705,negative,1.3024566030064258e-06
1463308714161717251,negative,0.07458367775372127
1463308717202550789,negative,0.02023720151491221
1463308725448445957,negative,0.002221547418403091
1463308725775654913,negative,1.0456796444276331e-06
1463308728258674692,negative,0.004549999218079163
1463308728523014149,negative,0.14682206740746265
1463308733031854083,negative,0.19558011933134006
1463308737901469699,negative,0.01397729237674533
1463308739910553600,negative,6.207364759522095e-10
1463308741391138820,positive,0.8819040037478941
1463308742217265161,negative,0.00030836149531615327
1463308745266638851,negative,8.090562644897277e-07
1463308745866452992,negative,0.02658955995418834
1463308747573497867,negative,0.005514345737131841
1463308758277316608,negative,0.00022736860466977514
1463308760034775040,negative,0.02658955995418834
1463308762048049155,negative,1.979592684216798e-05
1463308766208827392,negative,0.02006919054625282
1463308767542579202,negative,0.02658955995418834
1463308773481660423,neutral,0.641611748733659
1463308781614505994,negative,0.026664785802815158
1463308788379828226,negative,0.007432417665061783
1463308791974354945,negative,1.056239478192548e-06
1463308793153048584,negative,0.11189237113171442
1463308799079505927,negative,0.2136532030082868
1463308807241670656,negative,1.638036703928393e-08
1463308816557260803,negative,0.026664785802815158
1463308820168560640,negative,0.07067251019463448
1463308820759945217,negative,0.00903522621353697
1463308823146475523,positive,0.8828633608403118
1463308826980102145,negative,0.04567701779860111
1463308827965771779,negative,0.019014744449705172
1463308833820975106,negative,0.002417559947463137
1463308838430408704,negative,0.26841002388714313
1463308843262234628,negative,0.08132642712120977
1463308845153927174,negative,6.230754847239516e-05
1463308845866967044,negative,0.0010391121108643245
1463308845959233546,negative,5.2594959007628326e-05
1463308848681431045,negative,0.3111074585211768
1463308858193965058,negative,0.0011164501876246638
1463308859582337028,negative,0.06448816453390485
1463308860521914368,negative,0.02680371523772926
1463308866905681921,negative,0.3111343947106555
1463308878561660931,negative,0.002676797355417112
1463308880478359555,negative,0.020564719518388643
1463308881766006784,neutral,0.4147342023902695
1463308883577950209,negative,0.001029053378529251
1463308884400119825,negative,0.008290374706877521
1463308886765711371,neutral,0.3996846199389991
1463308889638805507,negative,0.007432417665061783
1463308892025196544,neutral,0.46127768308170247
1463308893031968774,negative,0.0005518012485687466
1463308897104629760,neutral,0.46127768308170247
1463308898325118978,negative,0.14324899506289007
1463308899742728192,neutral,0.5758147850589279
1463308901412065280,negative,0.00062195955205932
1463308903219875850,negative,0.1417953151817323
1463308916171935746,negative,3.03535081198805e-05
1463308923474173956,negative,0.006217631837800782
1463308925034450946,negative,0.27616795412543266
1463308928054403077,negative,0.003800155306809174
1463308936791027717,negative,0.00624789416089412
1463308947243380740,negative,0.003800155306809174
1463308959251632130,negative,0.0006436292230068289
1463308960694480899,negative,0.0008042428618196086
1463308966293872646,positive,0.6740517604764276
1463308967984218115,negative,0.0003155582491347765
1463308968290304001,neutral,0.3498100102164933
1463308970035068930,negative,0.08132642712120977
1463308971700375556,negative,0.12000757110704278
1463308972111265796,negative,8.853681350444803e-07
1463308972316897286,negative,5.118615535926849e-05
1463308976729243655,negative,0.001135576429859942
1463308979740852232,negative,0.00022421632776575677
1463308980185440257,negative,0.05012763998031981
1463308982706216964,negative,0.06386948716937092
1463308985055035392,negative,0.08082632282032505
1463308986523041800,negative,1.1972932354710004e-06
1463308987294642177,negative,0.029616360590106798
1463308994131472387,negative,2.3216568633665776e-07
1463308997226811399,positive,0.7264073633687435
1463308998384312321,negative,0.17310689999750373
1463309003610595333,positive,0.8959735523353933
1463309004394962949,negative,0.0025615863583100364
1463309005430800387,negative,0.033902528553586206
1463309007721046021,negative,0.002429270686946489
1463309008278896645,positive,0.7264073633687435
1463309011013488641,negative,5.3865976911905666e-05
1463309011093278722,negative,0.016161043653741346
1463309012968083460,negative,0.08358477247463203
1463309015031730178,negative,0.20875982241717492
1463309017502023682,negative,0.028721434621731
1463309019712479239,negative,0.06969527096612994
1463309020119318531,negative,0.002676797355417112
1463309021767684097,negative,2.0810827308205603e-06
1463309023789432835,negative,0.0006109388176457063
1463309024817029123,negative,0.0013242461368610983
1463309026427551744,negative,0.07076864220733249
1463309031200763908,negative,0.08358477247463203
1463309040499376129,negative,0.31056604688830275
1463309046325334020,negative,0.000516460766337381
1463309046509977603,negative,6.21308220289931e-08
1463309050058199040,negative,0.002420441635698889
1463309050502795267,negative,1.9951230462907616e-06
1463309064981647367,negative,0.29137236103680736
1463309065392738307,negative,1.3755531881070342e-05
1463309067867365376,negative,1.937749376348781e-10
1463309067942862857,negative,0.001029053378529251
1463309070388060160,negative,1.1213706294965168e-07
1463309071096897538,negative,5.2594959007628326e-05
1463309071784849409,negative,0.2093793924069941
1463309071893864454,negative,0.04358566726041565
1463309075568078848,positive,0.836051570987226
1463309075903660034,positive,0.8959735523353933
1463309088767549442,negative,2.0607570134432088e-06
1463309089002381312,negative,0.0007575433167335235
1463309095113572357,negative,4.064479540179142e-09
1463309097953116161,negative,0.024872414327721148
1463309104584314887,negative,0.2737019802014783
1463309108329734147,negative,0.0003427735524360093
1463309119000035329,negative,0.0008908525045979666
1463309121478959108,negative,0.0009822043740544937
1463309121533497347,negative,0.2364231490785788
1463309121592115205,negative,0.002279070760209887
1463309123114598403,negative,2.1349710328681766e-07
1463309124813430788,negative,0.29137236103680736
1463309127875280897,negative,0.06155058885563235
1463309134179315727,negative,0.008522387132958406
1463309137543114756,negative,0.013303689860724985
1463309143117381637,negative,0.04567701779860111
1463309143599628289,negative,0.08358477247463203
1463309144627232774,negative,0.016695364809665103
1463309148565741568,negative,0.12097798297753191
1463309153846317062,negative,1.8525855179579178e-06
1463309155188498440,negative,0.02342847298967934
1463309157256290309,negative,0.06969527096612994
1463309166106263553,negative,0.04471351883832254
1463309167331094528,negative,0.2621359948357879
1463309168731901964,negative,0.03260674269620495
1463309169029746699,negative,2.648700084380255e-06
1463309170032226310,positive,0.97635632389547
1463309175874899972,negative,0.0030169210452656854
1463309179511263239,negative,0.006260408036401292
1463309179939000321,negative,0.001445180330967895
1463309186658353153,negative,0.06969527096612994
1463309186696196097,neutral,0.430933091246722
1463309187526574083,negative,0.02658955995418834
1463309189296631811,neutral,0.5984858953513469
1463309197009985543,neutral,0.3551595670477042
1463309202101788685,negative,0.02658955995418834
1463309215582228480,negative,0.0010899372434782523
1463309216303697929,negative,0.02658955995418834
1463309223371194371,negative,0.04567701779860111
1463309225904549897,negative,0.03845420625829846
1463309231990398980,negative,0.002417559947463137
1463309239657672710,negative,0.030355876434370363
1463309241490591748,negative,0.008504653747008062
1463309246653685765,positive,0.9716913191096859
1463309252567650304,negative,0.16176363966730578
1463309257034514434,negative,0.0011164501876246638
1463309258917883914,negative,0.0008057356381445223
1463309260549500929,negative,0.06969527096612994
1463309261736452096,negative,5.2594959007628326e-05
1463309265368760325,negative,1.415169643849926e-06
1463309265825787909,negative,0.10506857664736055
1463309266396356609,negative,0.030355876434370363
1463309268262735875,negative,0.001272201183043456
1463309270955532291,negative,0.04567701779860111
1463309273203621893,negative,0.014860787711764181
1463309274701090819,negative,0.06969527096612994
1463309277863493636,negative,0.0011164501876246638
1463309283144220673,negative,0.23613486574487424
1463309283991379968,negative,0.00013770608098590123
1463309285648216071,negative,0.02658955995418834
1463309286277361666,negative,0.021873324917408333
1463309287065858048,negative,0.19558011933134006
1463309288789712898,negative,8.124042444163605e-05
1463309290630955012,negative,0.1151970915600929
1463309291541209090,negative,0.1151970915600929
1463309291587350529,negative,0.2429937718899652
1463309296402317315,negative,0.003270914004503001
1463309296620371972,negative,0.00903522621353697
1463309303352287242,negative,0.04633368272337195
1463309306649059329,negative,0.028387754637568395
1463309307735277569,negative,0.0008042428618196086
1463309308460994562,negative,0.06658903351453138
1463309309438222341,negative,0.0037777875213845214
1463309342527139845,positive,0.7294905961148986
1463309343856726026,negative,1.9000197407051281e-07
1463309343944847365,negative,0.016695364809665103
1463309344968224776,negative,0.03189964768843357
1463309354065608704,negative,1.0734763406253804e-06
1463309355961491459,negative,0.001135576429859942
1463309356628385792,negative,0.0070154832349006435
1463309362127151108,neutral,0.6576084831328521
1463309362936623105,negative,0.08082632282032505
1463309364530405376,negative,0.019014744449705172
1463309365037916162,positive,0.9599457513582116
1463309366094753797,negative,0.19558011933134006
1463309366388482049,negative,0.06969527096612994
1463309370515763201,negative,0.00013770608098590123
1463309374949052422,negative,0.02658955995418834
1463309378308694016,negative,0.002279070760209887
1463309378598150152,neutral,0.6167975371124405
1463309387104092164,negative,1.0456796444276331e-06
1463309388626726916,negative,0.007690573759017463
1463309391449534468,negative,5.475909181502501e-15
1463309394280693761,negative,0.12097798297753191
1463309394582642689,negative,0.11511596006644809
1463309396121989126,negative,0.04792976918190444
1463309397300502530,negative,0.02261241833237217
1463309405617754117,neutral,0.34642799541063496
1463309411397648392,negative,0.13030764337396875
1463309411741364227,neutral,0.6431573437637147
1463309412081283075,negative,7.45063634904378e-07
1463309412349710341,negative,0.02658955995418834
1463309413175812103,negative,7.134218917354217e-05
1463309420834836489,positive,0.8243690248047424
1463309423779225606,negative,0.0008042428618196086
1463309427981828104,negative,0.20875982241717492
1463309430582398978,negative,0.23519511367946905
1463309437062500358,negative,0.16005914981534522
1463309441869262851,negative,0.06969527096612994
1463309442150240263,negative,0.23613486574487424
1463309444633141249,negative,5.7856314288970645e-05
1463309447015587841,negative,0.0015261646320070387
1463309447493832706,negative,0.017372596193543085
1463309450165440514,neutral,0.46406472148666944
1463309453743300611,negative,0.00024276452111755218
1463309454213058560,negative,0.06969527096612994
1463309461238468613,negative,0.00013770608098590123
1463309463729942531,negative,8.956069649328171e-05
1463309464908574728,positive,0.8741327956915507
1463309471141277706,negative,0.01865079332649687
1463309476270944256,negative,0.02658955995418834
1463309478103851012,negative,0.02658955995418834
1463309479513137152,negative,1.1046088137344388e-05
1463309481341767685,negative,0.0001158836752549354
1463309486374883328,negative,3.570611448882592e-07
1463309490166677505,negative,0.020432738569477155
1463309493115174914,negative,0.09195847087407463
1463309500744495110,negative,0.008551793449915763
1463309503177310216,negative,0.06448816453390485
1463309506499133442,negative,0.2639136331416124
1463309506549534720,negative,0.11189237113171442
1463309507136794628,negative,0.06969527096612994
1463309510647373829,negative,0.0011164501876246638
1463309515105972227,negative,1.9402282189131152e-15
1463309519254028294,negative,0.00011789037530055178
1463309522446000134,negative,0.1606578017461136
1463309537553879042,negative,0.064406968058882
1463309541198778370,negative,0.0022774988007637923
1463309545137074178,negative,0.051455353198707934
1463309545237843973,negative,0.17234327269445374
1463309547167109121,negative,0.013882787481566067
1463309555476144131,negative,0.20875982241717492
1463309556315049984,negative,0.0016692318354784921
1463309556763738112,negative,0.04567701779860111
1463309556763738117,negative,1.1213706294965168e-07
1463309557346840577,negative,1.1213706294965168e-07
1463309560001835008,negative,0.02658955995418834
1463309563743150084,negative,0.29137236103680736
1463309563957059585,negative,0.00013770608098590123
1463309563982073858,negative,6.615860978118139e-05
1463309565223649283,negative,0.017381692706191363
1463309578745958406,negative,1.6588566151340878e-11
1463309582353113090,negative,0.002120676144999244
1463309585431863300,negative,0.1897875784418836
1463309588044918785,negative,0.19558011933134006
1463309588632121347,negative,8.93328532730328e-08
1463309591723364359,negative,0.002417559947463137
1463309595913433094,positive,0.786284898718232
1463309598610317317,negative,0.06969527096612994
1463309603039502339,negative,0.02658955995418834
1463309606499803141,negative,7.084022863861383e-08
1463309607934349315,negative,0.008090746487963764
1463309608127275010,negative,2.3814564594832188e-08
1463309608143962117,negative,6.33010690838581e-05
1463309611386261505,negative,0.001029053378529251
1463309614590709763,negative,0.19558011933134006
1463309618080272390,negative,0.025853800520544062
1463309622513700865,negative,0.062403371835180944
1463309623096594432,negative,0.003209592441293899
1463309628318666754,negative,7.306013064656358e-07
1463309642679914505,negative,2.270210494915231e-06
1463309644097536000,negative,0.0020855874071391226
1463309644542222342,negative,0.039571347998365994
1463309647314669569,negative,0.0006926964492268005
1463309649193709576,negative,0.06969527096612994
1463309655116029956,negative,1.1213706294965168e-07
1463309657909379081,negative,0.0006436292230068289
1463309660451131395,neutral,0.4857112966787985
1463309661013225478,neutral,0.4507454498615163
1463309661340422145,negative,0.02658955995418834
1463309661617152000,negative,0.0012581070114437401
1463309662065860609,neutral,0.430933091246722
1463309663139774474,negative,8.090562644897277e-07
1463309667149430787,negative,0.1921057466473415
1463309667841589254,negative,0.00903522621353697
1463309669066289153,positive,0.8741327956915507
1463309669238288390,negative,4.609568316398201e-05
1463309672711086085,negative,0.1772019334917428
1463309674359500805,negative,1.8120774768997131e-06
1463309675487764480,negative,8.090562644897277e-07
1463309681322041347,negative,0.00628065776699041
1463309683343699973,negative,0.006575154995425748
1463309696291508227,positive,0.9938091492066018
1463309696627052547,negative,0.01444374892214114
1463309700045447171,negative,1.0761826232558193e-05
1463309704088723464,negative,0.007034780962359654
1463309706328424457,negative,0.0014810474787382668
1463309708626911233,negative,0.14006731960655694
1463309717879541761,negative,0.057647216551845314
1463309723994923013,negative,0.2946064310999814
1463309731691253761,negative,0.00013770608098590123
1463309732458999809,negative,0.00015396855485378907
1463309742936371209,negative,0.14006731960655694
1463309746526691329,negative,0.06969527096612994
1463309752562298884,negative,0.020432738569477155
1463309753606709253,negative,3.886015903072272e-11
1463309754860773377,negative,0.00903522621353697
1463309758023278593,negative,0.00013770608098590123
1463309758409023488,negative,0.28908995263126014
1463309760321802244,negative,9.781854078291136e-05
1463309766583885824,negative,0.20875982241717492
1463309768169168896,negative,0.0024038712998981633
1463309771877015560,negative,0.007241382228400119
1463309772577509382,neutral,0.40779168924779574
1463309774628524046,negative,1.8256442617397144e-07
1463309777136758790,negative,1.1160134869996056e-05
1463309779359748097,negative,0.04567701779860111
1463309779619700742,negative,0.04509512475081381
1463309785831514124,negative,0.0012183933023892013
1463309792030728195,positive,0.8959735523353933
1463309792253026304,negative,0.06969527096612994
1463309798993121284,negative,0.0015994300627169122
1463309802898137095,neutral,0.41345065232642747
1463309804903055361,negative,0.002429270686946489
1463309808946266116,negative,0.00024276452111755218
1463309809164242954,negative,0.0011164501876246638
1463309809244151809,negative,0.06969527096612994
1463309810821128197,negative,5.2594959007628326e-05
1463309811202859008,negative,1.6408652556923677e-07
1463309813136474117,negative,0.07458367775372127
1463309813656530955,negative,0.03551465779574543
1463309815229341699,negative,0.002429270686946489
1463309819385896961,negative,0.026664785802815158
1463309819671158792,negative,0.00903522621353697
1463309840961261577,negative,0.0014918893058960163
1463309845780701188,negative,1.0761826232558193e-05
1463309859768737794,negative,0.11154443292387338
1463309860460716040,negative,0.0011164501876246638
1463309861849120768,negative,0.16681606079631706
1463309863384190976,negative,0.08457433941799054
1463309864977924096,negative,0.03646648816492429
1463309865556795393,negative,0.25305706303899383
1463309872066449410,negative,0.026664785802815158
1463309873551220743,negative,0.00016638521662987386
1463309874574491652,negative,0.0032273036188326704
1463309879184027649,negative,0.15880219120625658
1463309887862198278,negative,0.02658955995418834
1463309888180953094,negative,0.009967205679072864
1463309888361275393,negative,0.02658955995418834
1463309893285339142,negative,0.006188151060513591
1463309894682091523,negative,0.0070154832349006435
1463309897039286275,negative,0.15547497400497937
1463309897232228358,negative,0.02658955995418834
1463309897907515394,negative,0.02658955995418834
1463309908099706880,negative,2.3216568633665776e-07
1463309912906293248,negative,0.16768110840438075
1463309914256855040,negative,0.01400691253186729
1463309916467310595,negative,0.19558011933134006
1463309917108932612,negative,0.0002667622703982236
1463309920330149891,negative,0.12211197158655593
1463309923056603138,negative,0.030355876434370363
1463309923316641794,negative,0.002429270686946489
1463309928026849282,negative,0.061549450508384874
1463309928148439050,negative,3.5203039646780326e-08
1463309928588849153,negative,0.02658955995418834
1463309930849615876,negative,0.00011121608492557836
1463309932644773889,negative,0.001528081710751994
1463309933886201858,negative,0.16768110840438075
1463309936197357572,negative,0.0011164501876246638
1463309937858072580,negative,0.00903522621353697
1463309939435134978,negative,0.00013770608098590123
1463309940009934850,negative,1.0245074567553828e-14
1463309940102152199,negative,0.006592077758138903
1463309940618055683,negative,0.0008042428618196086
1463309944044896264,negative,0.05085192100474956
1463309945630343174,negative,0.021744776314143004
1463309946297090050,negative,5.175177265637711e-09
1463309947681357829,negative,0.02658955995418834
1463309950294237188,negative,0.007331786198429288
1463309950587969536,negative,0.04207572050488657
1463309951913320449,negative,0.003209592441293899
1463309953268170761,negative,0.1151970915600929
1463309967482568706,negative,0.002417559947463137
1463309970313822216,negative,3.1378469815680113e-06
1463309971622408193,negative,6.206334366513708e-11
1463309974189137920,negative,0.06261840675764001
1463309974239686657,negative,5.2594959007628326e-05
1463309978052165634,negative,0.00013770608098590123
1463296306114347009,negative,0.0499113058806713
1463296309977255939,negative,0.0499113058806713
1463296583706030084,neutral,0.3752460771312181
1463296600986562561,negative,0.0887316919309426
1463296604522397697,negative,0.06332887702512288
1463296627163205633,positive,0.8891511393202751
1463296743588577282,negative,0.11196979350138847
1463296768632709125,negative,1.3271372160068452e-06
1463296900929572868,negative,0.23983696910241672
1463296914082996229,negative,0.11196979350138847
1463296940142174211,negative,4.131386895810818e-10
1463296949776310272,negative,0.04724412573617501
1463297000573603844,neutral,0.4737554465528978
1463297328140328962,negative,4.005866629199361e-05
1463297415763542016,neutral,0.49789225920557484
1463297669934170114,negative,0.2141073703998373
1463297822867042305,negative,0.004382003338491822
1463297860603101191,negative,0.08418898306432833
1463298053243383812,negative,0.016729448249189465
1463298066711150593,negative,0.022302412514579782
1463298083291340805,negative,0.013740591129416325
1463298092908924934,neutral,0.34588741755379915
1463298164153327619,positive,0.9754507979313641
1463298171543691267,neutral,0.37874993579954885
1463298197632266245,positive,0.9622800771232205
1463298260261552140,negative,0.033280093885533685
1463298270944505861,negative,0.19924545451767137
1463298473122488324,negative,4.874796347884502e-07
1463298484254224384,negative,7.944288511937908e-07
1463298495562067971,positive,0.951278775052823
1463298516382531591,negative,0.31820487300311295
1463298621802258432,negative,0.016729448249189465
1463298648708632579,positive,0.9520829593641528
1463298714790166528,negative,0.002189181460410103
1463298742208155649,positive,0.980564871214128
1463298779038294032,negative,0.004063152248573502
1463298794376810501,negative,0.15440802868789247
1463298813351927808,negative,2.3453453155902028e-06
1463298841273409539,neutral,0.33435716597667425
1463298861443788804,positive,0.9758575313925301
1463298870008557579,neutral,0.34292124346144387
1463298884067901440,negative,0.07416934609509818
1463298904762503175,neutral,0.47210235036901244
1463298946424524802,negative,0.006723214273726127
1463298962878869511,negative,0.004382003338491822
1463299000812122117,negative,0.08344495264389051
1463299005786558464,negative,0.2141073703998373
1463299076913520647,positive,0.7948470521000942
1463299090108846080,negative,0.009762427591094181
1463299190566629377,negative,2.5214852951465835e-05
1463299271575359489,negative,0.0027304935466272552
1463299280635060228,positive,0.9634376962013774
1463299304345513990,negative,0.11433401859263187
1463299327087063045,neutral,0.6109818180548205
1463299358028443651,negative,0.014500949552415203
1463299377469001729,negative,0.0005924913738112857
1463299411275091972,negative,0.004063152248573502
1463299522256330756,positive,0.7621949499584801
1463299538731487235,negative,0.016602569473934896
1463299576283156481,negative,0.021117612545741894
1463299581077303300,neutral,0.4235935165109778
1463299611020382210,negative,0.2141073703998373
1463299672261410817,negative,0.0005924913738112857
1463299706730303489,negative,0.023312442317254975
1463299723188703232,negative,9.20397919171361e-05
1463299786661105670,negative,0.003019217576684673
1463299805208354826,neutral,0.503085509149819
1463299838737534976,negative,0.01720818420137728
1463299864830398469,negative,0.18854004570715402
1463299911349321732,negative,0.11002623019879872
1463299912507006979,negative,0.14277009158338466
1463300007285694467,negative,0.016729448249189465
1463300310995251203,negative,0.15440802868789247
1463300328389029888,negative,0.2141073703998373
1463300338635579401,negative,0.02432946609201147
1463300477353869321,positive,0.7882185502382472
1463300558115201024,negative,0.14322138809409807
1463300887850405890,negative,6.830691657124151e-06
1463301045170417669,neutral,0.5749879746748869
1463301065655390210,negative,0.001847000304955606
1463301069317066753,negative,0.002930765258332789
1463301088845737984,neutral,0.5749879746748869
1463301123448651777,negative,0.1606874982060989
1463301131900182528,negative,0.0005924913738112857
1463301206906974213,negative,3.7408913011891917e-06
1463301279283830785,negative,0.008809777170697065
1463301343205109767,negative,0.0007815865021983069
1463301520322183169,negative,0.11196979350138847
1463301566946058241,negative,0.001404582765184744
1463301902943375365,neutral,0.5505550505941735
1463302009147346948,negative,0.1521613416138048
1463302089547915269,negative,0.15440802868789247
1463302151137026050,negative,0.0005775551621720451
1463302194560745477,negative,0.2141073703998373
1463302460328628232,negative,0.06013232194377761
1463302486664495105,negative,1.998302182849667e-15
1463302557154127873,neutral,0.4872739309077478
1463302618122493955,negative,0.0007964845426457236
1463302647935557633,negative,0.0005775551621720451
1463302672879169537,neutral,0.4872739309077478
1463302712452435968,negative,0.004063152248573502
1463302726960488449,negative,0.0014916896457563228
1463302900013223946,neutral,0.5457061651187692
1463302940035268613,negative,0.0005775551621720451
1463303061460369413,negative,0.05653743507772496
1463303080544456708,negative,0.08328663143950359
1463303109082591232,negative,0.018372878243908066
1463303140846059521,negative,0.0265635047311266
1463303278045929473,negative,0.06013232194377761
1463303286774243330,negative,3.099427908476273e-06
1463303321259843586,negative,0.025998333130724756
1463303392990838788,negative,0.016729448249189465
1463303407800930312,negative,0.06013232194377761
1463303506790653955,negative,0.002674166591885055
1463303524503015427,negative,0.00032482977792830034
1463303651066327045,negative,0.0005775551621720451
1463303667767934976,negative,0.004817819373909864
1463303781131640832,negative,0.025998333130724756
1463303786890293248,negative,0.014604041450846438
1463303857400733702,negative,0.018068235882245435
1463303858491379717,negative,0.1647830415666162
1463303888170364928,negative,0.15440802868789247
1463303915663937540,neutral,0.33145740210499897
1463303956814307332,negative,0.01613883397205727
1463304163551498240,negative,2.7016707591848412e-08
1463304220606668801,negative,0.25401421255941126
1463304314651394052,negative,0.025998333130724756
1463304344435109891,negative,0.05262341797339416
1463304347928956932,negative,8.47255233910491e-06
1463304377465073664,neutral,0.33393431269253865
1463304417050972163,negative,7.107099983171272e-07
1463304438790062086,negative,0.018372878243908066
1463304447312941063,negative,0.016729448249189465
1463304479751778308,negative,0.0005924913738112857
1463304498672242689,negative,0.0265635047311266
1463304519379525633,negative,0.15440802868789247
1463304696286924802,negative,0.0005775551621720451
1463304715333165059,negative,0.11196979350138847
1463304722194976774,negative,0.00013685362230437208
1463304747423870983,negative,0.018372878243908066
1463304784375689219,negative,0.004063152248573502
1463304799491956739,negative,0.11196979350138847
1463304887035379716,negative,0.11196979350138847
1463304951032074245,negative,0.05250292072309481
1463304958208618499,negative,0.2141073703998373
1463305085589626884,negative,0.004063152248573502
1463305172705112065,negative,2.155085260389304e-10
1463305290984660998,negative,0.004382003338491822
1463305362350743555,negative,0.08418898306432833
1463305401601036292,negative,0.004063152248573502
1463305505347149828,neutral,0.49789225920557484
1463305644308668417,negative,0.0265635047311266
1463305665737371648,negative,0.05653743507772496
1463305857219891200,negative,0.018372878243908066
1463306112883736579,negative,0.0005924913738112857
1463306317473492998,negative,2.3064760094627516e-05
1463306375820300291,negative,7.107099983171272e-07
1463306396880019460,negative,0.032459363570920836
1463306432464527363,negative,0.01053905995252388
1463306460054630403,negative,0.17722919666551473
1463306565633593353,negative,0.08418898306432833
1463306625863852033,negative,1.632637181957787e-10
1463306639944024066,negative,0.10506857664736055
1463306836560408579,neutral,0.46318326475361027
1463306841627271168,negative,0.06417593623306234
1463306852805099528,negative,0.2141073703998373
1463306861176926210,negative,0.1249326370790978
1463306889605758976,negative,7.107099983171272e-07
1463306916050968576,negative,0.15440802868789247
1463307044623200263,negative,3.0517311118269073e-06
1463307107621560323,negative,0.004063152248573502
1463307144682479620,negative,0.11196979350138847
1463307146876096512,negative,0.11196979350138847
1463307175296651271,negative,0.0005775551621720451
1463307183592861699,negative,0.14958242399396499
1463307200949112832,negative,4.437035896432141e-06
1463307286613565440,negative,2.3064760094627516e-05
1463307395245903872,negative,0.2594325806660892
1463307413071679489,negative,2.614443471434665e-07
1463307477198557191,negative,0.00226543082259609
1463307502897012742,negative,5.933882448112787e-05
1463307529585319942,negative,2.3064760094627516e-05
1463307538271776769,negative,0.016729448249189465
1463307568126828548,negative,0.025998333130724756
1463307747974340610,negative,0.29302892455935425
1463307784229953536,negative,0.0032847864235055362
1463307844871204873,negative,0.016729448249189465
1463307903775825922,negative,0.08418898306432833
1463307940606234626,neutral,0.49789225920557484
1463308109716279302,negative,0.004063152248573502
1463308125314981890,neutral,0.49789225920557484
1463308238233944067,negative,0.003205458516336816
1463308319641292801,negative,0.10506857664736055
1463308482518700034,negative,0.08418898306432833
1463308534402228224,negative,0.0001987151538241528
1463308560704708614,negative,0.11196979350138847
1463308638391570432,negative,0.0265635047311266
1463308829333012482,negative,0.012048547151690434
1463308972195262471,negative,2.3064760094627516e-05
1463309034333872132,negative,0.018372878243908066
1463309073823277061,neutral,0.5030974057802441
1463309624770285569,neutral,0.37609422587007374
1463309637097295872,negative,0.11196979350138847
1463309656424693760,negative,0.2141073703998373
1463309669447909378,neutral,0.6576158293638172
1463309701702115331,negative,0.04667176270738995
1463309753036292097,negative,0.11196979350138847
1463309842525921283,negative,7.107099983171272e-07
1463309938160250887,negative,0.3119232667542945
1463310030527254528,negative,0.15718695552028136
1463310063045517315,negative,1.3271372160068452e-06
1463310112811008003,negative,0.00010964868043798394
1463310233216819201,neutral,0.4104299644153247
1463310244700852227,negative,0.05335803030877132
1463310343673827330,negative,0.0006555297279304756
1463310362057613315,negative,0.05229104842847238
1463310429103534082,negative,0.2141073703998373
1463310479925862405,negative,0.11196979350138847
1463310487865761794,negative,5.496045677848822e-10
1463310592081600512,neutral,0.3752460771312181
1463310615120801798,negative,1.2764837839324993e-05
1463310722201440260,negative,2.571025681186573e-08
1463310762923991040,negative,0.018372878243908066
1463311046320574471,negative,3.1153498651384403e-06
1463311090863980544,negative,0.000578783713324906
1463311103165927426,negative,0.016729448249189465
1463311132106661890,neutral,0.5323996108196034
1463311198091423749,negative,0.03551515111180864
1463311235223638019,negative,0.03775324354415894
1463311245365370885,negative,0.0973537033259008
1463311326814609410,negative,0.016729448249189465
1463311388143767555,negative,0.0002759114319662075
1463311388831531010,negative,0.11196979350138847
1463297582508171269,negative,0.3109762524083604
1463298566101733376,negative,0.21921412548362115
1463300542130757634,negative,0.178930726217682
1463301231934377987,negative,0.0034640620039808434
1463302244410052608,negative,0.1485619681317648
1463302643581964288,negative,0.0462492348793217
1463303632883892224,negative,0.004634820172685212
1463305404855767045,negative,0.013542496748174433
1463305758444040193,negative,2.5403549270671185e-12
1463308086094049281,negative,0.013542496748174433
1463309522009657350,negative,0.07326906459784638
1463310176774234115,negative,0.21921412548362115
1463311086560681985,negative,0.21921412548362115
1463296315400634369,neutral,0.48439634580644964
1463297177724325892,positive,0.6824837810859113
1463298002097946625,negative,0.005487348161600125
1463300974122987525,negative,0.0854140889180551
1463301003537747970,negative,0.20564107661477304
1463307808879759360,positive,0.6824837810859113
1463307911610855429,positive,0.6824837810859113
1463297846975868935,negative,0.31418194533521965
1463298141126602753,negative,0.03247388798637514
1463299086669385732,negative,0.002237460199202343
1463299493315502082,neutral,0.551077815994506
1463299550324604928,neutral,0.551077815994506
1463300282356482048,negative,2.0989847361435402e-07
1463303677582589953,negative,0.001691618494436496
1463304395542577152,negative,0.03133555636180444
1463305845324894210,negative,0.0021295055786448693
1463308492161249280,negative,0.26227419675945757
1463309235996004356,neutral,0.3375063883851417
1463310368168624131,negative,0.0196027548402135
1463297482629152769,neutral,0.49789225920557484
1463298085363326979,negative,8.240989997447179e-07
1463300889393913861,negative,0.20058486901292724
1463301780473798656,neutral,0.5505550505941735
1463304699646726144,neutral,0.49789225920557484
1463305877889470469,negative,0.00021994095028157176
1463308916457185288,negative,0.05142995093292252
1463296595500232709,negative,0.07807527619300147
1463297003312537602,negative,0.07807527619300147
1463299738556588035,neutral,0.49789225920557484
1463300750147211272,negative,0.0009540850604589814
1463300790718656512,negative,0.036323696974491594
1463300818032078857,negative,3.306328416904047e-10
1463304985228230666,negative,1.7572880383848409e-06
1463309446990413830,negative,0.17684294593367522
1463311051995463683,negative,2.808863612307607e-05
1463296305099386884,negative,0.12931313750888834
1463296306538029059,negative,0.00145258972367606
1463296307767001089,negative,3.5772676858129484e-08
1463296329275301890,negative,6.119595090982576e-06
1463296340012658690,negative,0.00011088140560069062
1463296354092994563,neutral,0.5316624617817726
1463296356416688128,negative,0.009065870271805315
1463296359428247553,negative,0.02859656472288158
1463296374817140741,negative,0.011569682804974512
1463296378206101506,negative,7.092984144689127e-08
1463296416520966147,negative,6.162427115624087e-05
1463296417569685507,neutral,0.5592753952749234
1463296424968347651,negative,0.0025258626676606596
1463296451761610759,negative,0.03191941526463223
1463296472712163329,negative,0.00501917297556589
1463296483525074952,negative,0.00011088140560069062
1463296485357989891,negative,0.0009186973972626638
1463296500096720898,negative,3.661514589748983e-08
1463296540617941000,negative,0.004191034834215081
1463296549832777731,negative,3.284691474925524e-05
1463296551812583425,negative,0.003957551764788199
1463296588957335558,negative,0.0005614979872712549
1463296666891653128,negative,6.956768643582724e-07
1463296670234558466,negative,0.00011088140560069062
1463296674487492611,negative,3.284691474925524e-05
1463296677977247745,negative,0.0007162139791970541
1463296695723245574,negative,0.0009186973972626638
1463296739138580487,negative,0.0004461288179189979
1463296792229986308,negative,1.513480252611632e-06
1463296792867528706,negative,0.0008345736743051804
1463296805739929608,negative,0.0606057093512302
1463296868264390658,negative,0.016987400928306993
1463296888413691904,neutral,0.48397189142107183
1463296932248530948,negative,0.0005614979872712549
1463296934853054470,negative,0.00011088140560069062
1463296936459612161,negative,0.00043633511886213616
1463296938523209728,negative,5.994801212620369e-06
1463296976733097986,negative,0.009856992554949852
1463296984509517835,negative,2.5925899449052893e-05
1463297049001185295,negative,0.00014164088714162026
1463297165640486912,negative,4.554559113381018e-07
1463297196154052619,negative,0.13938191010009254
1463297318346801154,negative,2.597360546622694e-10
1463297322906001419,negative,0.006784652338335762
1463297328798969861,negative,0.01608674898929548
1463297336512237572,negative,1.9934885297604546e-06
1463297400467075077,negative,0.0006770714715432479
1463297407236464644,negative,1.037298552992292e-07
1463297456171622400,negative,1.789233807640407e-14
1463297456305803266,negative,0.00011402750583504542
1463297473380818949,negative,3.4006895469205716e-05
1463297571473047554,negative,0.02030118507334233
1463297609494315012,negative,0.003707453005555166
1463297638154055685,negative,0.0006059864024080625
1463297690402533376,negative,4.780638957166209e-05
1463297742030131209,negative,3.5653841639144526e-05
1463297878517026826,negative,2.0797099961258005e-06
1463297898213519367,negative,0.09213902397279189
1463297906535018500,negative,1.9426338925126705e-06
1463297915833618433,negative,0.0007160943554092305
1463297924545363974,negative,0.00043633511886213616
1463297964194021376,negative,0.08757793370510439
1463297994770587650,negative,5.225468170723671e-06
1463298036373852161,negative,0.0003730977152831041
1463298047098638338,negative,0.0008345736743051804
1463298054052794376,positive,0.8637743633188023
1463298054640091140,negative,0.0001600377795011913
1463298075145998345,negative,0.00013369780539998111
1463298109434327043,negative,0.013965441938010636
1463298126522077186,negative,7.78773376140824e-06
1463298179525496833,negative,3.8753411768419765e-08
1463298201751019520,negative,5.2171055552358283e-08
1463298212563988488,negative,8.425044629891165e-05
1463298234642841606,negative,0.003885700547057424
1463298270780919814,negative,0.003707453005555166
1463298327735418881,negative,0.07524293250896798
1463298343069704195,negative,4.06881463569313e-11
1463298365777657867,negative,0.0008345736743051804
1463298382550679555,negative,0.003885700547057424
1463298400191975428,negative,3.284691474925524e-05
1463298410329657346,negative,0.00013401039125803265
1463298437831614469,negative,0.02741875954888814
1463298443854630916,negative,4.3648067049502915e-10
1463298445343657985,negative,0.13938191010009254
1463298449693097985,negative,0.15312541182856973
1463298482568146944,negative,5.308930959523372e-10
1463298548078759938,negative,9.967481595269878e-06
1463298560405954560,negative,0.0010111911820752375
1463298624755060736,negative,0.003707453005555166
1463298626999013378,negative,0.0003730977152831041
1463299464626675714,negative,0.013543846098307897
1463299477368881157,negative,8.425044629891165e-05
1463299493676425223,negative,0.004419255853649244
1463299511447699460,negative,0.013305564534944317
1463299529600647169,negative,7.784884094816808e-05
1463299532293382147,negative,0.02859656472288158
1463299599058321415,negative,9.713939885106512e-05
1463299651721908225,negative,4.469322045876626e-07
1463299710823931910,negative,0.02859656472288158
1463299711213862914,negative,0.02859656472288158
1463299716511195137,negative,1.4463593864226262e-05
1463299747880472579,negative,0.007213096921209297
1463299755757428736,neutral,0.4379973088652993
1463299767988011012,negative,4.6463119094469264e-05
1463299801680809985,neutral,0.4513605618894927
1463299803190812675,negative,0.013305564534944317
1463299852075421696,negative,0.30620494215561467
1463299862510845952,negative,1.407117534695688e-12
1463299893234212873,positive,0.8060989972549356
1463299922673995777,negative,1.0181077842128799e-08
1463299923777142789,negative,0.0001600377795011913
1463299929024208896,negative,2.4482464743535255e-05
1463299929934344195,negative,2.277792664250326e-05
1463299935860838406,negative,7.413512530726585e-07
1463299946719985664,negative,0.0017507760225551044
1463299991720669189,negative,0.2673551269456956
1463300005368840195,negative,0.02884091527568112
1463300014046945282,negative,0.0024483202262394754
1463300016764768258,negative,4.7596896327528166e-05
1463300055020949505,negative,0.11690761078511089
1463300070602854406,negative,5.135298253956099e-05
1463300074113482759,negative,0.008474825892529557
1463300082980241414,negative,0.00011875276997631398
1463300142824632325,negative,0.00011088140560069062
1463300168661581825,negative,0.0005085963440832283
1463300244158955526,negative,0.0008345736743051804
1463300258524508165,negative,0.02543328721683435
1463300280213291011,neutral,0.3909938844444388
1463300288731705346,negative,0.02319685307253061
1463300294029328384,negative,3.417421390233109e-09
1463300367299579910,negative,0.024692662361618278
1463300381061136388,negative,0.020082779471179375
1463300412694581253,negative,0.00011088140560069062
1463300417501212677,negative,0.006672678400804583
1463300436488822787,negative,0.00011088140560069062
1463300446865477632,negative,0.26579035508285676
1463300458341089282,negative,7.784884094816808e-05
1463300461193273349,negative,0.00011875276997631398
1463300498887483397,negative,4.1009796343282395e-06
1463300549277888520,negative,5.103820429297697e-07
1463300556479516680,negative,0.009865776881796002
1463300569171255299,negative,0.32831361012601357
1463300576343740427,negative,0.003707453005555166
1463300594270191616,positive,0.8432905016786735
1463300600381288452,negative,0.003707453005555166
1463300626033655808,negative,0.1084649844022317
1463300627954606088,negative,0.0003117177181191196
1463300633973473282,negative,0.008474825892529557
1463300636850720771,negative,5.135298253956099e-05
1463300655003717634,negative,0.13781674395562127
1463300698083409924,negative,0.02859656472288158
1463300704928419844,negative,0.0008876750173705179
1463300708388810756,negative,0.02859656472288158
1463300729234460677,negative,0.008474825892529557
1463300745479036934,negative,0.26579035508285676
1463300764193865731,negative,0.020082779471179375
1463300771030704129,negative,0.02171167966829817
1463300774465781761,negative,5.225468170723671e-06
1463300819697160194,negative,3.419943692909199e-05
1463300830556213249,negative,0.022919948053184817
1463300831147659266,negative,0.00017083278759943152
1463300853247397891,negative,0.00011088140560069062
1463300859270467591,negative,0.02859656472288158
1463300910415638531,negative,0.0006119748436550375
1463300911011274759,negative,0.3103167803726005
1463300911971721218,negative,0.09176383384958914
1463300916585680897,negative,0.09176383384958914
1463300927717363712,negative,0.00011088140560069062
1463300934231113731,negative,3.676845225839276e-07
1463300938987356168,negative,2.4619982818805e-06
1463300948277792777,negative,0.00043633511886213616
1463300982650060800,negative,1.183508759929531e-06
1463300987922391044,negative,3.419943692909199e-05
1463301010810564609,negative,1.513480252611632e-06
1463301030133829633,negative,0.00011088140560069062
1463301055765262342,negative,0.00501917297556589
1463301133024305153,negative,0.008164411318111154
1463301141886902278,negative,5.135298253956099e-05
1463301179891273729,negative,0.013965441938010636
1463301191505489925,negative,0.12759736802450855
1463301219544350726,negative,5.225468170723671e-06
1463301241442910212,negative,0.00043633511886213616
1463301251840446467,negative,0.0008345736743051804
1463301262988951555,negative,0.008926635163111754
1463301272967294976,negative,0.02859656472288158
1463301281506902021,negative,7.089069163864453e-11
1463301291719942146,negative,1.5522415647770948e-07
1463301327031832579,negative,0.00011875276997631398
1463301335500169220,negative,7.360158367255066e-05
1463301335915405313,negative,0.22370339080958837
1463301345742622725,negative,0.0035267021139449607
1463301371617234956,negative,7.187960444791725e-05
1463301376742723591,negative,0.012584128864519567
1463301394174296066,negative,0.0003484716712568723
1463301399677227008,negative,0.0008345736743051804
1463301406954246151,negative,0.0008345736743051804
1463301425207861254,negative,0.0005614979872712549
1463301428617777155,negative,0.0061750098453379285
1463301438910738439,negative,0.009865776881796002
1463301451686367235,negative,0.0061750098453379285
1463301457319505920,negative,0.02859656472288158
1463301483210973191,neutral,0.5316624617817726
1463301484058230785,negative,0.008474825892529557
1463301496217518088,neutral,0.49789225920557484
1463301507953037315,negative,5.135298253956099e-05
1463301511774097422,negative,0.015872258914007783
1463301531390951427,negative,0.0014490448023934998
1463301538185687040,negative,0.26579035508285676
1463301542510047238,negative,0.22412617130374915
1463301629722210306,negative,0.020082779471179375
1463301632901398537,negative,0.0006473438815483828
1463301661946957830,negative,3.1237349109976835e-07
1463301664325185537,negative,0.0008345736743051804
1463301701071347713,negative,0.05291007726379589
1463301707912392706,negative,3.177118281314681e-08
1463301718322475009,negative,7.187960444791725e-05
1463301728783241221,negative,2.4619982818805e-06
1463301756876640265,negative,0.14298395277287423
1463301771594543116,negative,0.013965441938010636
1463301784450088964,negative,0.0010381936756333973
1463301795476873227,negative,0.0009186973972626638
1463301796416442371,negative,0.0008915142690455002
1463301859725258755,negative,0.02859656472288158
1463301928176300036,negative,3.487977101267159e-07
1463301956164849665,negative,0.0034874685362184634
1463301990910500866,negative,6.708982199932927e-05
1463302005733138435,negative,0.041054045791563715
1463302025920356356,negative,4.6463119094469264e-05
1463302067167051778,neutral,0.5967749199652275
1463302075983572992,negative,0.0008345736743051804
1463302078768590851,negative,0.00043633511886213616
1463302106069168129,negative,0.0003730977152831041
1463302106593566723,negative,0.0038415226434503256
1463302122968170499,negative,7.187960444791725e-05
1463302140487684100,neutral,0.46894429398480064
1463302146611458048,negative,0.04846008167016832
1463302165976338433,negative,0.0001405822921895364
1463302166412771330,negative,2.6653966439744283e-05
1463302203091955714,negative,2.9301696563355605e-10
1463302205117767680,negative,0.0008915142690455002
1463302258788118529,negative,0.02859656472288158
1463302259882790913,negative,4.6463119094469264e-05
1463302281680629770,negative,0.008474825892529557
1463302285434535936,negative,0.08950083586314354
1463302312978526208,negative,0.26579035508285676
1463302315016966145,negative,5.373455434819692e-05
1463302335824859142,negative,0.0008345736743051804
1463302357127733248,negative,0.003707453005555166
1463302413369159689,negative,0.0008345736743051804
1463302413872476165,neutral,0.46894429398480064
1463302436790185987,negative,0.16974810052813316
1463302468750626819,negative,0.005728462331386154
1463302469832826880,negative,0.00017259476518016823
1463302483669929984,negative,0.02375877489944414
1463302501264879623,negative,0.005728462331386154
1463302505404719105,negative,0.0012230294009395906
1463302513403187204,negative,0.0648434776868928
1463303254973063174,negative,0.13781674395562127
1463303257611137026,negative,0.00025604185207647864
1463303260375183360,negative,7.187960444791725e-05
1463303290226155525,negative,0.011572869668378285
1463303305120165891,negative,0.11690761078511089
1463303309599649795,negative,0.02859656472288158
1463303312250449922,negative,0.02343321116641084
1463303323906314244,negative,0.003995870648210492
1463303368441479172,negative,0.020082779471179375
1463303370555502596,negative,0.0014757374550007619
1463303410502053890,negative,3.4143621899605064e-05
1463303424427143171,negative,0.022251019643525678
1463303468177833984,negative,0.00010860677629090428
1463303470044356614,negative,0.04131278814886738
1463303505805029376,negative,0.0008345736743051804
1463303506069057541,negative,0.0017507760225551044
1463303530350010373,negative,0.003707453005555166
1463303561236865029,negative,1.6811293316208506e-13
1463303571437506561,negative,0.11690761078511089
1463303572250980353,negative,7.187960444791725e-05
1463303578572017669,negative,0.02859656472288158
1463303634674978819,negative,5.225468170723671e-06
1463303638739259397,negative,0.09599743425891616
1463303640953896965,negative,0.020082779471179375
1463303691457511429,negative,5.135298253956099e-05
1463303691897913346,negative,1.998714762124313e-10
1463303706535817217,negative,0.02859656472288158
1463303750886559750,negative,1.0264465263533523e-09
1463303762680897544,negative,4.65663590196761e-09
1463303769630908416,negative,4.6463119094469264e-05
1463303794184396800,negative,0.009416494840962913
1463303819756978176,negative,7.549560205414687e-05
1463303824882511872,negative,5.2802754331351064e-08
1463303842003566594,negative,5.240310656773181e-05
1463303847984648199,negative,0.02859656472288158
1463303855274348544,negative,2.976048646904525e-05
1463303859036729363,negative,1.4874589281109622e-06
1463303862488821760,negative,8.054536964750876e-05
1463303876434534402,negative,0.02859656472288158
1463303891492081664,negative,0.0010253448285779414
1463303903060111369,negative,0.08757793370510439
1463303929522012166,negative,0.009416494840962913
1463303929668714500,negative,2.277792664250326e-05
1463303939085017102,negative,0.22412617130374915
1463304016864104450,negative,2.773037809116106e-07
1463304054734344192,negative,1.4473005332706534e-09
1463304056923987975,negative,0.22412617130374915
1463304060874985474,negative,0.02859656472288158
1463304067015397382,negative,7.360158367255066e-05
1463304086594412545,negative,2.289509705836e-05
1463304099370188801,negative,0.0008345736743051804
1463304104890015748,negative,0.003707453005555166
1463304106492055553,negative,0.03942377427121445
1463304106957811713,negative,0.0010941044631815181
1463304109537349634,negative,3.284691474925524e-05
1463304115484831750,negative,0.00010647071539771656
1463304133050605577,negative,0.0003730977152831041
1463304144220045318,negative,0.041054045791563715
1463304144349970433,negative,0.003707453005555166
1463304161429233669,negative,0.0024908748758457806
1463304170430242822,negative,0.041054045791563715
1463304176105107458,negative,0.0069261746538969065
1463304178491658241,negative,0.041054045791563715
1463304178525159432,negative,7.360158367255066e-05
1463304187186491397,negative,0.008104172530658316
1463304188235063306,negative,0.041054045791563715
1463304205716889607,negative,0.0005497355918046671
1463304210171236358,negative,0.003234678112014265
1463304230794514433,negative,0.005440559864789273
1463304249048248320,negative,0.00013004415736412328
1463304293872717824,negative,0.00863963637058168
1463304295110131715,negative,0.0038415226434503256
1463304311195111425,positive,0.7841542103925412
1463304341952073741,negative,0.002082868124903828
1463304350978224129,negative,0.00019562670896633387
1463304360700559361,negative,2.9966960715769306e-07
1463304367604477960,negative,0.008474825892529557
1463304378434179075,negative,3.4143621899605064e-05
1463304385413496834,negative,0.26579035508285676
1463304385950322692,negative,0.008474825892529557
1463304389913886723,negative,0.0008345736743051804
1463304391960584197,neutral,0.4674645231497346
1463304394309615622,negative,0.08530949871131888
1463304432565768194,negative,0.0009186973972626638
1463304460898209799,negative,5.135298253956099e-05
1463304483354652679,negative,5.225468170723671e-06
1463304487737741321,negative,0.02859656472288158
1463304492951166978,negative,0.02859656472288158
1463304535724765187,negative,0.008474825892529557
1463304563457462279,negative,0.26579035508285676
1463304586786222082,negative,0.288037987375295
1463304594935586821,negative,0.316469533656467
1463304603286609924,negative,0.0008290123259366475
1463304612061003776,negative,0.009416494840962913
1463304617786228738,negative,3.177118281314681e-08
1463304687650701312,negative,0.02859656472288158
1463304693489283078,negative,4.6463119094469264e-05
1463304714188169216,negative,5.135298253956099e-05
1463304734006251522,negative,0.020082779471179375
1463304783935070215,positive,0.997820926699349
1463304794081304577,neutral,0.5967749199652275
1463304847126671363,negative,2.667982452192628e-10
1463304862217687049,negative,3.389640841603651e-05
1463304866122518536,negative,0.00046773164573107385
1463304878579765255,negative,0.002082868124903828
1463304886318215169,neutral,0.49789225920557484
1463304899010211849,negative,0.0008345736743051804
1463304903460372481,negative,0.006672678400804583
1463304936561725450,negative,0.0008345736743051804
1463304955746557953,negative,2.7181844823718903e-09
1463304961656250369,negative,0.041054045791563715
1463304974855663616,negative,0.020082779471179375
1463305001506426887,negative,0.10177932756714984
1463305053276721152,negative,0.00013214883069579837
1463305063166881793,neutral,0.4971510673583124
1463305092354883585,neutral,0.5755436691302463
1463305098839445504,negative,0.020082779471179375
1463305100047396867,negative,0.00501917297556589
1463305112021987332,negative,0.005143390427978704
1463305123749404673,negative,0.0008915142690455002
1463305135149432835,negative,0.002082868124903828
1463305144003612676,negative,1.3166611612535697e-08
1463305164475957249,negative,7.514380660485269e-06
1463305174680850440,negative,0.02859656472288158
1463305179760058375,negative,0.020082779471179375
1463305200995905543,negative,0.004410064518420056
1463305306881077256,negative,0.02859656472288158
1463305307417759745,negative,0.023645125513868437
1463305326338445313,negative,0.008474825892529557
1463305344206180352,negative,0.26579035508285676
1463305378561679360,negative,0.024219574420348975
1463305382919655429,negative,1.359701420728498e-12
1463305385054556167,negative,7.316898225288358e-06
1463305449734909955,negative,7.187960444791725e-05
1463305533755113475,negative,7.187960444791725e-05
1463305595713462278,negative,0.001736489266344794
1463305607130361857,negative,0.02859656472288158
1463305635160801291,negative,7.082825061090314e-09
1463305637530636291,negative,1.1011546879065104e-05
1463305662025191425,negative,4.6255626037287836e-05
1463305746192478212,negative,0.02305984685856003
1463305750361481219,negative,1.9141737311609773e-07
1463305758628532226,negative,0.000289961090266707
1463305766077673474,negative,0.00038080534538106767
1463305780879409153,negative,0.02859656472288158
1463305784025128964,negative,0.02859656472288158
1463305815868194818,negative,7.784884094816808e-05
1463305834704912389,negative,0.02859656472288158
1463305858155167751,negative,0.0008345736743051804
1463305861863030785,negative,0.008474825892529557
1463305877121871875,negative,0.02859656472288158
1463305890644299777,negative,0.0008345736743051804
1463305936781594624,negative,0.003707453005555166
1463305961318359041,negative,0.00043633511886213616
1463305975071481856,negative,0.02375877489944414
1463305985376849922,negative,0.001736489266344794
1463306006772039690,negative,0.02859656472288158
1463306037449007108,negative,0.018608158094249885
1463306059548921859,negative,0.26098553333554775
1463306070848327682,negative,0.020082779471179375
1463306095108104194,negative,4.8144503560534544e-05
1463306113726697475,negative,5.369522990979676e-07
1463306115941289988,negative,0.02859656472288158
1463306170454749185,negative,0.0003805715781786739
1463306180269252610,negative,0.0008345736743051804
1463306192256655362,negative,0.009416494840962913
1463306881078857729,neutral,0.5124537370815992
1463306882068664326,negative,0.0009186973972626638
1463306925156806659,negative,1.3240614859882347e-05
1463306925446156294,negative,0.04012931671230667
1463306931880222721,negative,0.22170547752730843
1463306936594616320,negative,0.00011088140560069062
1463306962393698307,negative,0.0005968508962437986
1463306979867123713,negative,0.03441813927090081
1463307010238263297,negative,5.135298253956099e-05
1463307020925288448,negative,0.04281204703044969
1463307028273582082,negative,0.02859656472288158
1463307032728064006,negative,4.492270115191204e-05
1463307067062640640,negative,0.05291007726379589
1463307080824238081,negative,0.00011088140560069062
1463307095806251008,negative,0.0057737271817027876
1463307174789193729,negative,0.3140694748078964
1463307195806896130,negative,0.02859656472288158
1463307199938129921,negative,0.10356689365704166
1463307200382877701,negative,4.3244792971294534e-08
1463307220989394944,negative,9.496645791366345e-07
1463307247451357185,negative,5.022963011705712e-09
1463307261783203842,negative,1.0392816401783231e-07
1463307262706032642,negative,0.009416494840962913
1463307275918102531,negative,0.009865776881796002
1463307276245155842,negative,0.0005614979872712549
1463307300874207235,negative,0.0008345736743051804
1463307335858896897,negative,0.13938191010009254
1463307338845233160,negative,8.905435147749901e-10
1463307351646253066,negative,1.8743460339130888e-08
1463307360202539008,negative,0.0182023054642897
1463307382205911041,negative,0.0057737271817027876
1463307384311455749,negative,0.025217828457073765
1463307427806425094,negative,0.0008345736743051804
1463307451864858629,negative,1.8126075853280913e-13
1463307461692047360,negative,0.02859656472288158
1463307472656023553,negative,5.4971318170099e-06
1463307477227741188,negative,0.00011088140560069062
1463307504792834052,negative,7.273711042900405e-11
1463307505107443718,negative,0.0005968508962437986
1463307513533808646,negative,0.003124180857897072
1463307519183495168,negative,0.003707453005555166
1463307552989589509,negative,0.009416494840962913
1463307597877067777,negative,7.870939065646354e-08
1463307657385709570,negative,0.020082779471179375
1463307658438582272,negative,1.1305382579237209e-05
1463307673257005056,negative,0.0008345736743051804
1463307673676492800,negative,3.9316424075352833e-10
1463307702751354880,negative,0.0008345736743051804
1463307714902347784,negative,0.0013942360519308501
1463307726302425091,negative,1.6212628204779652e-05
1463307726956683264,negative,7.176990567866683e-05
1463307743306125315,negative,0.11690761078511089
1463307751153717253,negative,0.0003805715781786739
1463307787077926918,negative,0.00501917297556589
1463307814324125697,negative,0.00038080534538106767
1463307817251704835,negative,0.002082868124903828
1463307830308573195,negative,1.1846360417345413e-11
1463307832221216771,negative,0.00212825507966383
1463307851624034305,neutral,0.43120141303052384
1463307853616275460,negative,2.9966960715769306e-07
1463307868921372674,negative,4.741284751927554e-05
1463307869936406532,negative,3.4143621899605064e-05
1463307877515411460,negative,0.0008345736743051804
1463307886835249152,negative,1.9137107964491467e-09
1463307894800138241,negative,0.0008345736743051804
1463307902714789892,negative,0.0011420696878107384
1463307913259208707,negative,0.0003730977152831041
1463307958436065285,negative,0.0018427840219019686
1463307967017725956,negative,1.0300307425654171e-08
1463307967193878529,negative,0.0008345736743051804
1463307982930857993,negative,6.4815290747970105e-06
1463307986403840003,negative,5.447339619247856e-09
1463307987712233473,negative,0.11690761078511089
1463307991088783360,negative,0.0008345736743051804
1463307998948990982,negative,0.00011088140560069062
1463308027789025284,negative,4.854649629021096e-07
1463308044834648067,negative,0.02006919054625282
1463308051918700545,negative,7.294021262506949e-08
1463308062614245381,positive,0.9864033996953062
1463308131572797446,negative,0.02859656472288158
1463308160882536448,negative,5.978462204081994e-07
1463308183296872448,negative,0.0008345736743051804
1463308198304264195,negative,0.0019868195967869956
1463308210153140231,negative,0.00043633511886213616
1463308263462735872,negative,0.13507144179331465
1463308285201768448,negative,6.4815290747970105e-06
1463308316751372291,negative,0.13781674395562127
1463308317112127491,negative,0.029136673669928607
1463308334103158785,neutral,0.49909726867105997
1463308371423944704,negative,0.02859656472288158
1463308407792885763,negative,0.14682206740746265
1463308410682679298,negative,0.013072371402657833
1463308419671248899,negative,2.8595313586605202e-11
1463308432795062275,negative,0.26579035508285676
1463308448830038018,negative,0.0003154362076560837
1463308451006844928,negative,0.0006909531169641504
1463308455037575168,negative,0.028305776691341034
1463308455473782787,negative,5.225468170723671e-06
1463308468882972677,negative,0.003254320278664338
1463308471147900928,negative,0.0014344520346286891
1463308479578390537,negative,3.504408312247168e-09
1463308490286505984,negative,0.00501917297556589
1463308492517826563,negative,0.012447699918696403
1463308528899301378,negative,0.0015499992406792507
1463308540572053508,negative,0.04136812198651955
1463308635422044169,negative,6.434733645464122e-07
1463308650873716737,negative,0.0006008737186696386
1463308658280996872,negative,0.0009186973972626638
1463308719630995457,negative,0.005297993862449911
1463308724785852422,negative,6.176558560145727e-11
1463308741231710215,negative,1.1561285070393366e-06
1463308749947510789,negative,0.13733994490090898
1463308770008834052,negative,0.06249661774078299
1463308771300720650,negative,0.014317780799547817
1463308854750371841,negative,6.245540687713922e-05
1463308878360236034,negative,0.020082779471179375
1463308894424473604,negative,0.23787032227044053
1463308903039471619,negative,4.6255626037287836e-05
1463308907716227075,negative,2.232497056380257e-10
1463308909284896770,negative,1.4115191787886675e-08
1463308920492077058,negative,0.003707453005555166
1463308938926080003,negative,0.0017249575954612808
1463308959721213953,negative,0.0008345736743051804
1463308969649348609,negative,0.0015499992406792507
1463308975206637569,negative,3.4143621899605064e-05
1463308976636895234,negative,0.020082779471179375
1463308988959772674,negative,2.9966960715769306e-07
1463309011097317381,negative,0.002082868124903828
1463309016050933761,negative,0.07323329046722439
1463309023575519236,negative,0.020782759070953734
1463309058077822982,negative,0.020082779471179375
1463309069582696448,negative,0.013965441938010636
1463309072577425411,negative,0.020082779471179375
1463309097017741315,negative,0.020082779471179375
1463309147416547333,negative,0.0001187022704439595
1463309150335688705,negative,6.124640182499661e-06
1463309204488437765,negative,0.02859656472288158
1463309218413301767,negative,9.388198750868575e-05
1463309236134461440,negative,0.00012658283407907293
1463309307420762115,negative,3.284691474925524e-05
1463309312357384194,negative,5.088083280668309e-05
1463309401771548674,negative,0.0005968508962437986
1463309428401319940,negative,0.0008345736743051804
1463309437435736064,negative,9.21786065962937e-07
1463309524048269313,negative,5.2615024947494866e-05
1463309528716525577,neutral,0.3591729652208732
1463309576300867588,negative,0.0008345736743051804
1463309653668999172,negative,0.02859656472288158
1463309694248828932,negative,0.02859656472288158
1463309697772052482,negative,0.026589048356163297
1463309723336388610,negative,0.19266179259187044
1463309725601251330,negative,0.008474825892529557
1463309727484551168,negative,8.725033002302702e-06
1463309757931040773,negative,0.0008345736743051804
1463309829691351040,negative,7.230935614965507e-07
1463309916765138945,negative,0.00501917297556589
1463309952009871370,negative,0.11864001456509736
1463309959639273477,negative,0.003885700547057424
1463309962831138817,negative,4.759061044803041e-09
1463309965230288896,negative,3.284691474925524e-05
1463309967818170372,negative,0.009865776881796002
1463309970083037195,negative,0.00043633511886213616
1463310025032675329,negative,0.009969752688098327
1463310073212641280,negative,0.009416494840962913
1463310078660935681,negative,0.0014652898158036783
1463310084658847745,negative,3.4006895469205716e-05
1463310101129805824,negative,0.006009637155560064
1463310108012670978,negative,0.11690761078511089
1463310113406693384,negative,0.11070388611505232
1463310117772869638,negative,0.0008345736743051804
1463310654065020930,negative,0.23787032227044053
1463310660654321666,negative,0.00039902101598381095
1463310664022192132,negative,7.453507413661806e-06
1463310684201050113,negative,0.23787032227044053
1463310707315724289,negative,2.1005851888283565e-09
1463310737951150083,negative,0.0010410819373784992
1463310745462923268,negative,0.3091746358061611
1463310757161013249,neutral,0.44166751040505536
1463310780422672388,negative,0.000618982395704018
1463310780603019266,negative,0.2002295284446591
1463310783467728897,negative,1.0008016224188524e-09
1463310784755384327,negative,0.005728462331386154
1463310792443547650,negative,2.8595313586605202e-11
1463310813834489856,negative,0.004191034834215081
1463310847938375686,negative,0.09441465724748044
1463310853554511874,negative,0.0004782023461981973
1463310893589188611,negative,0.13705565474087555
1463310917190311940,negative,9.811774453720676e-06
1463310920260546564,negative,0.005728462331386154
1463310957225168896,negative,0.006672678400804583
1463310999474290692,negative,0.000783349932702409
1463311004956340231,positive,0.9864033996953062
1463311018868703234,negative,1.3689042891674635e-07
1463311065098473472,negative,0.012447699918696403
1463311088817094657,negative,1.2243260622859947e-07
1463311096551464961,negative,0.0006307951050246745
1463311115790733321,negative,0.00020413492088889893
1463311164771872773,negative,0.32414771010112764
1463311182404665348,negative,0.005722096178039104
1463311203925643264,negative,8.01563993592328e-06
1463311211659993091,negative,4.6463119094469264e-05
1463311225157210114,negative,0.0037713524381851934
1463311227942277120,negative,0.009416494840962913
1463311278282194944,positive,0.6824837810859113
1463311312566374404,negative,1.4627036841133676e-08
1463311325283631106,negative,0.0036900212535148653
1463311328936931331,neutral,0.5734576952979002
1463311331080159234,negative,0.003707453005555166
1463311353096155142,negative,0.0004782023461981973
1463311364039053315,negative,0.24490252709612087
