Tweet_ID,Sentiment_Label,Probability_pos
1440329972409720856,negative,0.0065465728417252594
1440329973076832256,negative,0.011887956254572665
1440329973097660424,negative,0.0018696147048103593
1440329973332471817,negative,3.7478378631499995e-06
1440329973491920903,negative,9.932462959928834e-06
1440329973710172160,negative,0.0017683460042856097
1440329973789646857,neutral,0.4386995981028878
1440329974943084558,negative,0.07544863112096639
1440329975253643265,negative,0.004575705033527588
1440329975316377612,negative,0.09933284771367386
1440329975329132544,negative,0.30563699999278454
1440329975337418753,negative,0.15738070335696105
1440329975379292166,negative,0.055715396283070956
1440329976025427968,negative,0.022403437056699664
1440329976239300608,negative,0.11260319477537513
1440329976604209152,negative,0.00035772928242504244
1440329976646144001,negative,0.14117051642539397
1440329976784424969,negative,0.003089108576693614
1440329976817983495,negative,0.009888001223791508
1440329979368181760,negative,0.11257142607098902
1440329979817086976,negative,0.01510866180696714
1440329980999786496,negative,0.0010081229360883173
1440329981364617216,negative,0.0008568250919350564
1440329981385592843,negative,6.7598617391936085e-06
1440329981389848576,positive,0.9699715780986184
1440329981469474816,negative,1.408582139192873e-06
1440329982107000841,positive,0.961862057211614
1440329983046656000,negative,4.31389993106244e-07
1440329983302508544,negative,9.513760822008036e-07
1440329983457562652,negative,0.03988506276027822
1440329983554035717,negative,0.004219926999501748
1440329983805714439,negative,0.012226229265998624
1440329984111898634,negative,0.07746472407813226
1440329984401285134,negative,0.1446041164482266
1440329984573259799,negative,0.2726115553711414
1440329984644722688,negative,0.014171970973657468
1440329984694898699,negative,1.8224649539390624e-05
1440329987324723221,negative,0.1446041164482266
1440329987442229248,negative,1.4437090821865068e-05
1440329987484098563,negative,0.000871376721220385
1440329987500871689,negative,0.004294943028941619
1440329987538620418,neutral,0.36715506240115947
1440329987698036747,neutral,0.587004163678613
1440329987752542218,negative,0.016165217991587894
1440329987828056076,negative,0.0377818299023107
1440329988834693123,negative,0.05041518006330087
1440329993163210769,negative,0.04167810552363461
1440329993293238272,negative,0.2678360150345698
1440329993460936713,negative,4.333784067585838e-05
1440329996304715788,negative,0.0002298396277033423
1440329996552130563,negative,0.19351706926576842
1440329997898579974,neutral,0.3858055013970125
1440329998590615565,neutral,0.534402020243347
1440329999991533568,negative,1.2391954971963798e-05
1440330001010737165,neutral,0.4361361137313923
1440330001816031254,negative,0.00027744696443727704
1440330004445859847,neutral,0.5363186889559317
1440330005410582536,negative,0.016502347389555274
1440330005519613967,negative,0.00403074815185399
1440330005616070660,neutral,0.5136446707795853
1440330005666414607,negative,0.06043217299602261
1440330006614331395,negative,0.24938200873265073
1440330009202233345,negative,0.04133013822462378
1440330009273503754,negative,2.3738397238270267e-06
1440330011404226568,positive,0.8366855574905548
1440330011521675264,negative,0.0017014298086217704
1440330013740392474,negative,0.0023235974743574107
1440330015430746114,neutral,0.46127768308170247
1440330019096580097,negative,0.21147949390422002
1440330020061257734,negative,0.009401128254440219
1440330020593934346,negative,4.740995929593744e-05
1440330021260836867,negative,5.4333316044589555e-09
1440330022523265025,negative,0.015502280977292993
1440330022946967570,negative,0.0002691904699273252
1440330023018254344,neutral,0.4361361137313923
1440330024284950530,neutral,0.49789225920557484
1440330024469467136,negative,0.03599081360013579
1440330026226831374,positive,0.9844453983430719
1440330026235273234,negative,0.011887956254572665
1440330026294013960,negative,0.1738345848700204
1440330026424029191,neutral,0.36501253251203736
1440330027762024453,negative,0.012044787170883565
1440330029397729287,negative,0.004255150637911148
1440330030211502081,negative,0.00938850751889868
1440330030337298444,negative,0.00938850751889868
1440330030677037065,negative,1.0829114364460925e-09
1440330030706421760,negative,0.265490943696957
1440330032266702848,negative,0.020994130682686313
1440330034321887243,negative,0.00998255288477829
1440330034565107712,negative,0.0017317797479545144
1440330034846208007,neutral,0.5834660943765998
1440330037916360706,negative,0.006858053378220393
1440330039279505416,negative,0.0775428345529178
1440330039690596360,negative,0.024889991582082136
1440330040563015681,negative,2.4742331369340872e-11
1440330042370711563,negative,0.05798846478014331
1440330043373154307,negative,0.00023492624992443563
1440330043545120771,neutral,0.49789225920557484
1440330045671690241,negative,0.00023266436116063844
1440330052814532615,neutral,0.35609117214704833
1440330055037554692,negative,3.0228424533752668e-06
1440330055071068177,negative,0.0003853384623732257
1440330056287408142,negative,0.09357155103418427
1440330056908214273,neutral,0.49789225920557484
1440330060355936260,negative,0.015767988791122057
1440330061823963147,negative,0.017419985064233538
1440330063736569862,neutral,0.49789225920557484
1440330065401683977,negative,9.887268059469369e-06
1440330067029069833,negative,0.0004142823079306434
1440330078399852552,neutral,0.5533970533999424
1440330079716855813,negative,0.09357155103418427
1440330082971619343,neutral,0.4737554465528978
1440330085064531975,negative,0.00997255693066628
1440330094015221761,positive,0.9073405008522228
1440330094396903425,negative,0.13294076165962013
1440330099782393868,negative,0.00036166865266726306
1440330112117866511,negative,0.009401128254440219
1440330115129360388,negative,0.005006340739576056
1440330117696217099,negative,0.14763909321450158
1440330123673100294,negative,0.029715420997933034
1440330125703200783,negative,0.09357155103418427
1440330127909404676,negative,0.07835452122710741
1440330128932818951,negative,0.08900184799159831
1440330131864621062,negative,0.023202111343648118
1440330138135138314,negative,0.035509221614984765
1440330139007533058,positive,0.7056617223556574
1440330140538400783,negative,0.19081397515932483
1440330141641547779,neutral,0.49789225920557484
1440330144669782017,negative,0.0027134258053837304
1440330147303804935,negative,0.14622288293529362
1440330149384232967,negative,0.0008503726190808642
1440330149489102852,negative,0.022869970626378664
1440330150135037953,negative,0.19407731968142017
1440330151112298507,negative,0.05330180338895463
1440330151519080452,negative,0.2407355520334062
1440330153813372930,negative,0.0005446109303354231
1440330156762025996,negative,0.024889991582082136
1440330160205537281,positive,0.9399541707942013
1440330164458590211,negative,0.30167180044563585
1440330165511282706,negative,0.004773242381524679
1440330170213167111,negative,0.0002477385181932617
1440330170750042125,negative,0.0959304419510937
1440330173195296769,negative,0.008653805844234705
1440330175057580033,negative,0.07923290726464788
1440330177561563143,negative,0.05024793728428536
1440330180921204738,neutral,0.3871751462192035
1440330182481494017,negative,0.019710373346091523
1440330182879952899,negative,0.19081397515932483
1440330188726800389,negative,0.015767988791122057
1440330190039572494,negative,0.0023684118854228903
1440330192962998275,negative,0.00031691975064423035
1440330193114001423,negative,5.660758321020163e-07
1440330193273454598,neutral,0.5496678701602578
1440330193436954639,negative,0.0024189312971615424
1440330193764159491,negative,0.01250068335545965
1440330193978097664,positive,0.7533277649077247
1440330195387367425,negative,0.07782844904844433
1440330196092030984,negative,1.2226945438313969e-08
1440330196360466432,negative,0.1541126257678266
1440330200110141456,negative,0.31088210341413597
1440330202454769677,negative,0.00045645086769902543
1440330205936058370,negative,0.15960559452264758
1440330206154137608,negative,2.640884628903695e-07
1440330206481240078,negative,0.07429522210644815
1440330207248859145,negative,0.004043602615977682
1440330209715130391,neutral,0.49789225920557484
1440330210071642119,negative,0.11959497458322602
1440330210532986887,negative,0.18017032072352263
1440330210851782660,negative,0.1625474198447548
1440330211329904644,negative,0.2186366811851303
1440330211665399822,negative,0.0005446109303354231
1440330212340736012,positive,0.9920423254518062
1440330212919570437,negative,0.016599854618023515
1440330215415173132,negative,5.319020836156583e-08
1440330216560152582,negative,5.2223165034155743e-08
1440330217763917829,negative,0.0003702698154064985
1440330218120441859,negative,3.466616493769792e-05
1440330219261366280,negative,0.010808214898938961
1440330221299781637,negative,0.010808214898938961
1440330221555568655,negative,0.012462458561433671
1440330221849219086,negative,0.002904677491586589
1440330223229145100,negative,0.021537606197104712
1440330225556996099,negative,0.05222108988511268
1440330225598885898,negative,2.7871402292245958e-05
1440330225678630913,negative,0.11453830026427611
1440330226458710018,negative,0.001002677907577934
1440330227515682822,neutral,0.39227868571475116
1440330228782428170,negative,0.008506615550032116
1440330231089299463,negative,0.004349630238279774
1440330231764557827,negative,0.0006024855557010004
1440330232674742273,negative,0.02545445313493427
1440330236210520067,negative,0.0011693388440527062
1440330237921792001,negative,0.005025691535231157
1440330240786501643,negative,1.2391954971963798e-05
1440330242661359625,negative,1.81794761605363e-08
1440330243319861264,negative,0.0003778741165159913
1440330243512811532,negative,0.05410804381064217
1440330245769289732,neutral,0.5136446707795853
1440330247115718669,negative,0.05658974879198183
1440330248613023745,negative,0.2186366811851303
1440330248969621507,negative,0.00015977768018046054
1440330249758146570,negative,0.06154436117493987
1440330249854619659,negative,5.5947827681157446e-08
1440330251175817224,negative,0.00020229791026431368
1440330251184132110,negative,0.06617619399968155
1440330252710858773,negative,0.011656676255094521
1440330257257562112,negative,0.004969337546763913
1440330257962135561,negative,0.12174002580296592
1440330259103055881,negative,0.08192015480634723
1440330259660894216,negative,0.08441948816693348
1440330260755537935,negative,7.955165538483989e-10
1440330262181679104,negative,0.0036772707646987937
1440330262496243724,negative,3.3030250725159742e-06
1440330262668189701,negative,0.06595789823423918
1440330263272177669,negative,0.05856298951889591
1440330263800602635,negative,0.1147992971908194
1440330266354991105,neutral,0.6408727464476993
1440330268057866244,negative,0.15960559452264758
1440330268460535820,negative,0.21192963163523793
1440330271098761219,neutral,0.451439346188083
1440330271316873228,negative,2.08952921591279e-05
1440330272092741643,negative,0.0033667228234610636
1440330274089308182,negative,1.7804591821071575e-05
1440330274227638287,neutral,0.4130490519465761
1440330275041415182,negative,0.0640457162451719
1440330275121025028,negative,0.0008166105610210597
1440330275586646022,negative,0.06525781025480551
1440330275737587727,negative,0.2801874214191204
1440330276131934214,negative,8.01302515759414e-05
1440330276702330882,positive,0.9161244451393431
1440330278312890385,negative,0.07429522210644815
1440330279864848387,negative,0.252688647894693
1440330280061919244,negative,0.016627411545235532
1440330281420935168,negative,2.9980437369157493e-07
1440330281517400069,negative,1.4788619440243018e-06
1440330281987166212,negative,7.287789346889548e-07
1440330282809257986,neutral,0.42507619662732005
1440330283002175496,negative,0.09357155103418427
1440330284713480193,negative,0.00010260926926032539
1440330285468426246,negative,6.338307274471302e-05
1440330286277873665,negative,0.0377818299023107
1440330287464939525,negative,0.009612110112577434
1440330287817236481,neutral,0.49789225920557484
1440330287913656332,negative,4.838534830691098e-05
1440330288089894918,negative,0.14622288293529362
1440330288190525452,neutral,0.49789225920557484
1440330288773488649,negative,0.10751178938752774
1440330293617979405,negative,0.0002298396277033423
1440330294519754778,negative,0.030401341141276596
1440330294620344331,negative,6.5009812951777995e-06
1440330295438233601,negative,0.03267864591307312
1440330299926200321,negative,0.023420501585157176
1440330301809381393,negative,0.0010272306823098669
1440330301872361472,negative,0.3029968537174699
1440330303436849153,negative,0.001663834706513871
1440330304346988554,negative,0.0017317797479545144
1440330304397316116,neutral,0.49789225920557484
1440330304963571719,negative,4.419534376290726e-06
1440330306544832519,negative,0.001949545414846824
1440330307245264909,negative,0.08879956541753184
1440330307517890568,negative,0.024287040210719153
1440330309753454601,negative,7.545718200606466e-05
1440330313406681091,neutral,0.49789225920557484
1440330313888985101,negative,1.1947058761364682e-05
1440330315763884035,neutral,0.5899283840125032
1440330315780657155,negative,0.0025858840169539344
1440330316296511489,negative,0.0013500731923088163
1440330317886197762,negative,0.0001103053122976599
1440330318330744839,negative,5.042394112863841e-06
1440330324068634631,neutral,0.5674748988285784
1440330327172337686,negative,0.00048171491770858426
1440330327537319955,positive,0.7715170301790862
1440330328887873540,negative,4.343641189483881e-06
1440330331328946190,negative,0.2186366811851303
1440330332188790784,neutral,0.6421651029380593
1440330337536544781,negative,0.0009850579907096488
1440330341747617807,negative,0.15497280958444046
1440330341852401675,negative,0.03645302879622591
1440330344947802116,negative,0.2186366811851303
1440330346357145602,negative,0.25405393032277
1440330346583584782,negative,0.01655022480749108
1440330346935898114,negative,0.03675147273930481
1440330347166650372,neutral,0.49789225920557484
1440330354892570624,negative,0.006744417116069987
1440330361251061765,negative,0.00010260926926032539
1440330362459025419,negative,5.629448955600806e-09
1440330363159547928,negative,7.317170837524921e-05
1440330365441167367,negative,7.229807949205049e-07
1440330366028443655,negative,0.11804965753960495
1440330368746332165,negative,0.011688734121826293
1440330371036418052,negative,0.0005276829338505487
1440330372567363584,negative,0.011688734121826293
1440330375146868740,negative,0.0005276829338505487
1440330378670055439,negative,9.432361094211128e-05
1440330381719339021,neutral,0.3610503843367836
1440330392620306445,neutral,0.5978908668795972
1440330396554514443,negative,0.013508130560360085
1440330399373164548,negative,0.3029968537174699
1440330399939383307,negative,0.023420501585157176
1440330400354607119,negative,0.031148998097706646
1440330401155719180,negative,0.0010911740059141469
1440330404217581589,positive,0.9375490261959399
1440330406360797198,negative,0.012888024859656946
1440330418692100100,negative,1.13617504853083e-06
1440330422601191431,negative,0.03359447198634628
1440330423607840780,negative,0.13753013832928757
1440330423834320900,negative,9.158833813301543e-07
1440330425788874760,neutral,0.3377521052821681
1440330432394842116,negative,0.0007419035626497064
1440330434072612881,positive,0.975204034984536
1440330437058961416,negative,0.0019224578958642786
1440330437633609736,negative,0.0005140508822575727
1440330442415087628,negative,0.2186366811851303
1440330443207766025,negative,0.04951655112586806
1440330452192034826,negative,0.0058467058935475335
1440330452200353794,negative,0.0008727960657917153
1440330454150701079,negative,5.4333316044589555e-09
1440330456667332612,neutral,0.35629046916267293
1440330458227634180,positive,0.9796825922187127
1440330459439718408,negative,4.598768080480126e-06
1440330463525048324,negative,0.3226148650151335
1440330474098806789,negative,0.0010564342110594926
1440330474748997634,negative,0.00022809697519557802
1440330477244588038,negative,2.925309080725051e-07
1440330482277765130,positive,0.6824837810859113
1440330482378424329,neutral,0.49789225920557484
1440330486052651016,negative,0.2441795324535492
1440330486056828930,negative,1.4210928980257892e-05
1440330496072765445,negative,0.03750512774756221
1440330497410756618,negative,0.00010260926926032539
1440330497553428480,negative,0.0003426746168236153
1440330499784728579,negative,0.027719630483713828
1440330504427892752,neutral,0.5225880467672802
1440330505228939267,negative,0.00043627644897610915
1440330506772488195,neutral,0.5539228875894817
1440330506776629264,negative,0.0002975789521050374
1440330507691053067,negative,0.0005446109303354231
1440330509737861122,negative,0.07487424752189933
1440330510547374083,negative,3.056052389748964e-06
1440330510916460560,negative,0.0011300349081420228
1440330512883544066,negative,0.30536230446828894
1440330513525329925,neutral,0.49789225920557484
1440330514229972992,negative,0.1316023557771571
1440330516096421894,negative,0.2726115553711414
1440330516771659785,negative,0.06043217299602261
1440330519065944070,negative,0.13924083246349173
1440330519137304590,negative,1.2342137917444602e-05
1440330519640633345,negative,0.019785026631691793
1440330521855160322,negative,0.11938948185791713
1440330522249420802,negative,0.06043217299602261
1440330522815696905,negative,0.20726457627073236
1440330524195655687,negative,5.401227040875807e-07
1440330525080625155,negative,0.00197155659962986
1440330525361664003,negative,0.0011828668920168108
1440330525399420932,negative,0.13924083246349173
1440330528117248005,negative,0.0003606350132072441
1440330528645738509,negative,4.245552701573104e-09
1440330530172522503,negative,0.05600175126290978
1440330530881359885,negative,0.011045367756717479
1440330531191726083,negative,1.4788619440243018e-06
1440330532374519814,negative,6.041813072095749e-06
1440330534500982796,negative,0.14861379442183
1440330534891048961,positive,0.6601138455026292
1440330536078118912,negative,0.01905981652535767
1440330538959601670,negative,7.109613993257346e-08
1440330543464206345,negative,0.0010564342110594926
1440330543632052238,neutral,0.534402020243347
1440330544726769666,neutral,0.5065882832330041
1440330545808887810,negative,0.06595789823423918
1440330545951432723,negative,0.0009164006531407146
1440330547306254342,negative,3.2231303230572464e-06
1440330548673593356,negative,0.01021993612939351
1440330548879060995,negative,0.0099628291947913
1440330550586212354,negative,0.0041834400410221935
1440330551345303571,negative,3.838290498945046e-05
1440330553014697989,negative,0.03742619785901979
1440330553094328322,neutral,0.49789225920557484
1440330554700812288,negative,0.0007564141309567956
1440330555707457552,negative,0.003006311090235785
1440330555820634125,negative,0.3029968537174699
1440330559956213760,negative,0.0020979375101240214
1440330560589598729,negative,0.001949545414846824
1440330561042534408,negative,3.3030250725159742e-06
1440330564247035922,positive,0.8869474622334889
1440330567556370438,negative,0.000549724248548609
1440330569540194305,negative,0.03406460191058649
1440330570605608964,negative,0.0005140508822575727
1440330574065926159,neutral,0.4742964610631184
1440330574107795466,negative,0.2681725465258167
1440330576989331463,negative,0.0018451594887767988
1440330577249390594,negative,0.003706392283974267
1440330578407006230,negative,0.019614644311769673
1440330581565345803,neutral,0.5614152023143125
1440330581972189188,negative,0.0027134258053837304
1440330584358731789,negative,0.14622288293529362
1440330586292305930,negative,9.680540370335306e-06
1440330588989263874,positive,0.6673876215951715
1440330589127671813,negative,0.0008880291493254832
1440330589714878478,negative,0.2697135437669298
1440330594869649419,negative,0.00010260926926032539
1440330599697289222,negative,0.0012214217825824605
1440330604487196681,negative,0.09760298622649946
1440330609595879432,negative,0.014142122115848707
1440330609990115335,negative,0.015230671847015695
1440330614008279051,negative,0.007125464755239763
1440330614176030721,negative,0.0050117376430983815
1440330614800977924,negative,1.8198110556054774e-10
1440330617321758726,positive,0.8293198584856798
1440330617556635661,negative,0.0008727960657917153
1440330619100155905,neutral,0.49789225920557484
1440330619574128652,negative,0.014446178267786379
1440330620303929355,negative,0.014947893326467421
1440330631653724170,negative,0.00529041940279077
1440330632534450182,positive,0.9216206473618657
1440330634392596495,negative,0.005533978383194169
1440330636275826694,negative,0.31088210341413597
1440330642873454598,negative,0.06298563244829895
1440330647541731328,negative,0.2543585223283334
1440330660590227464,neutral,0.49789225920557484
1440330660879601678,neutral,0.433424474496241
1440330665027719179,negative,0.00020887895374678694
1440330665975693326,negative,0.126140384252204
1440330669901578256,negative,0.03742619785901979
1440330674125164552,negative,0.008009957837269635
1440330676151066634,negative,0.03465268749195298
1440330677010898951,negative,0.005025691535231157
1440330678332112896,negative,0.03483224784938205
1440330680160776210,negative,0.023111157397885284
1440330680202764302,negative,0.036763927263729734
1440330683163889675,negative,7.656529429311605e-06
1440330683302367234,negative,1.0611261885968031e-08
1440330685537927176,negative,0.0005328976721290528
1440330686255095828,negative,0.2839522713884327
1440330686259347456,positive,0.939503580058176
1440330686473248778,neutral,0.49789225920557484
1440330688272629761,negative,0.19081397515932483
1440330690696933381,negative,0.16176363966730578
1440330691028283393,negative,0.07618855153113747
1440330692353613825,negative,0.31088210341413597
1440330695130292228,positive,0.7146631926473498
1440330695734284291,negative,0.11804965753960495
1440330696145334275,negative,0.1591260980934251
1440330697151942657,negative,2.9550054482772555e-05
1440330698108198925,negative,0.0020538393320301746
1440330698187968512,positive,0.7929209493961984
1440330699857301508,negative,5.042394112863841e-06
1440330702378057737,negative,5.042394112863841e-06
1440330703338565635,negative,0.04035873131350595
1440330705100148751,negative,0.014393142000891588
1440330705557327876,negative,6.1148833470499465e-06
1440330708141043715,negative,0.2726115553711414
1440330710590521353,negative,0.06692082588542778
1440330710691180558,negative,0.10305679978169115
1440330712108830738,negative,0.08555655360771175
1440330712339550226,negative,0.015991301404153196
1440330713165750280,negative,0.00921732587382851
1440330713316741122,negative,0.029278614294302285
1440330713585242112,negative,8.779972314132166e-06
1440330716529659924,negative,0.10305679978169115
1440330717649534992,negative,0.0035445659464689206
1440330718102446090,negative,2.640884628903695e-07
1440330719503392775,negative,0.00035343659327447566
1440330719968960515,negative,0.03421548422988772
1440330721319477260,negative,0.005025691535231157
1440330722623905804,negative,0.013508130560360085
1440330723739648020,neutral,0.41760660904893704
1440330726382002187,negative,0.2186366811851303
1440330728525422592,negative,0.015028586037933556
1440330728676282376,negative,0.00039337568647440505
1440330729540362240,negative,0.09930951791399312
1440330729804599297,negative,0.12596271308671148
1440330730115002368,negative,0.0007106656603805604
1440330730261729292,negative,0.2186366811851303
1440330731251646466,negative,0.006744417116069987
1440330732019146762,positive,0.994905784865598
1440330733554311172,negative,0.0004451702874403758
1440330733751472133,negative,0.02731550772729688
1440330735261417476,neutral,0.49789225920557484
1440330736175751173,negative,0.000794276734526463
1440330736892932097,neutral,0.49789225920557484
1440330740890177536,negative,0.11383391981447068
1440330741687091204,negative,0.0489354612413
1440330743176056834,negative,0.005821383561745432
1440330744597934082,negative,1.4797053694569796e-05
1440330745721937928,negative,7.86278537571274e-06
1440330746913120261,negative,0.0001342108408080371
1440330747361910792,negative,1.4225538715019842e-07
1440330748557287435,negative,1.7034604561739717e-08
1440330749169717250,negative,2.570721126036062e-05
1440330749668777993,negative,0.008273200060897575
1440330751560470537,negative,0.00047398995354752725
1440330751711461380,positive,0.7342680362777907
1440330751950557188,negative,0.03435632868092083
1440330756526469129,negative,0.0020495826038098163
1440330757675753484,negative,0.015767988791122057
1440330758648852498,negative,7.502105897940949e-05
1440330762234974213,negative,0.06370142448727825
1440330762369126403,negative,0.2715220889220143
1440330762838949892,positive,0.7336285762278932
1440330763711311881,negative,0.03674978357643355
1440330764181127178,negative,0.28377101068008276
1440330764202041346,negative,0.14861379442183
1440330765112266753,negative,0.00013286795997040194
1440330766626353168,negative,0.008266394618792269
1440330767456821260,negative,0.20547179712270142
1440330767943421956,negative,0.14622288293529362
1440330768333508609,neutral,0.46127768308170247
1440330769969278982,negative,0.014142122115848707
1440330771210792970,negative,0.03145378823088764
1440330771609255939,neutral,0.40488887302055965
1440330771718295560,negative,2.640884628903695e-07
1440330772355817473,negative,0.07626830921819505
1440330773735698437,neutral,0.49789225920557484
1440330774058713099,negative,0.2592332720412186
1440330776327852042,negative,0.19014992005452266
1440330776571101187,negative,0.011195282812385432
1440330776696934415,negative,0.11592780363855204
1440330777716158474,negative,2.846465789174323e-05
1440330778353668107,negative,0.009310025341341694
1440330782074048522,negative,0.008901514151860503
1440330782527029259,negative,0.07429522210644815
1440330782883467273,negative,0.008761003008833654
1440330783084843023,positive,0.8450654063618946
1440330786167668739,negative,0.07842435912867445
1440330786188640259,negative,0.1388165480771174
1440330786599669767,negative,0.0368276826589921
1440330786851328000,negative,0.07839569446439199
1440330787061059589,negative,1.5035498509581107e-07
1440330788365504512,negative,0.06043217299602261
1440330789380452359,positive,0.6763517683108127
1440330789837701127,negative,0.010808214898938961
1440330793436397581,positive,0.7089469105345406
1440330794984112136,negative,0.13924083246349173
1440330796892520449,negative,0.00036166865266726306
1440330799077679112,negative,0.06525781025480551
1440330801283887126,negative,0.013508130560360085
1440330801585946633,negative,0.3141240385448961
1440330801879552005,negative,0.1978008074015028
1440330804521963522,negative,0.0003846307611151455
1440330806090612739,neutral,0.3921392596637016
1440330806803660803,neutral,0.49789225920557484
1440330815250911238,negative,5.5947827681157446e-08
1440330819638214656,positive,0.7335115690134949
1440330820707753989,negative,7.144569953834066e-05
1440330834024689674,negative,0.01060267929360909
1440330834762817541,negative,0.0489354612413
1440330834788044821,negative,0.32828155536255615
1440330840160944139,negative,0.10305679978169115
1440330841582817295,negative,0.0022996822433477785
1440330847408721930,negative,0.00028776873786627853
1440330848859942917,neutral,0.39227868571475116
1440330851661725699,negative,0.015230671847015695
1440330852978675720,negative,0.2491501874354565
1440330865645481984,neutral,0.5854759697699242
1440330869894356999,negative,0.0023235974743574107
1440330874373828621,negative,0.00010260926926032539
1440330876131315714,negative,0.22493346794813412
1440330879969021957,negative,4.599774323158915e-07
1440330880245927947,negative,0.2186366811851303
1440330882200473617,negative,0.27119077171426986
1440330883978780675,neutral,0.38515719541977617
1440330884654120965,negative,0.0040069841903250525
1440330886226997252,negative,0.01290406060618418
1440330886667333639,negative,0.007867791523442328
1440330889607593992,negative,0.0004142823079306434
1440330892979752965,negative,0.0037034652857794396
1440330893982273542,negative,0.005910418039004733
1440330894074474503,negative,5.4333316044589555e-09
1440330895613841421,negative,0.31088210341413597
1440330899535532040,negative,0.2186366811851303
1440330901716492300,negative,0.03798773334753465
1440330901884260365,negative,6.347134237697954e-05
1440330902471462923,neutral,0.49789225920557484
1440330902597353474,neutral,0.39148555583824224
1440330903595618308,negative,0.06583168534811078
1440330905340428295,negative,0.0003853384623732257
1440330906472878094,negative,6.310127349356951e-05
1440330907651477504,negative,0.004562463865221741
1440330911254417415,negative,2.5963835564475344e-06
1440330912080691213,negative,0.004168301894038116
1440330918325993475,negative,0.026636158064472545
1440330918539923481,negative,0.19081397515932483
1440330918699290632,negative,0.0008340072264406387
1440330919009669129,negative,2.1098988860391248e-06
1440330921509462037,negative,0.017038647511323193
1440330922964910090,negative,0.00020887895374678694
1440330923258515470,neutral,0.6408727464476993
1440330924210548746,negative,0.0025858840169539344
1440330927905722371,negative,0.005055049155889731
1440330928442646536,negative,1.162654665667815e-10
1440330933777825803,negative,0.11154443292387338
1440330934713077771,negative,0.0009470651287720265
1440330934859886594,positive,0.7715170301790862
1440330935874949127,negative,0.024495810770253996
1440330937200365578,negative,0.1999566314647593
1440330939020693516,negative,1.9782625999503626e-06
1440330939955957779,negative,0.00014279459377994155
1440330940589346825,negative,0.005055049155889731
1440330941369516032,negative,0.02031869525464252
1440330942145458179,negative,1.0250667303921123e-05
1440330942250291203,negative,0.11154443292387338
1440330942636199942,neutral,0.49789225920557484
1440330943147876358,negative,0.00020887895374678694
1440330944401997829,positive,0.8869474622334889
1440330944456527877,negative,0.31088210341413597
1440330945626705931,negative,0.0018856271937212805
1440330945656016897,negative,0.03465268749195298
1440330945836449798,negative,0.248213403875751
1440330947262496779,negative,2.6510116624316502e-05
1440330947518296067,negative,0.12596271308671148
1440330951486152712,neutral,0.39927645848443155
1440330952404652043,negative,0.0008547745180754275
1440330952589201413,neutral,0.49789225920557484
1440330952983470087,negative,0.024495810770253996
1440330953826594832,negative,2.011927530674161e-10
1440330954761916424,negative,0.026670354277404516
1440330955512684547,negative,0.005025691535231157
1440330956502552587,negative,0.04930711982809878
1440330956930367493,neutral,0.49789225920557484
1440330957005864962,neutral,0.5136446707795853
1440330958041870336,neutral,0.49789225920557484
1440330958666756108,negative,0.0006415844295634797
1440330959237222413,negative,0.010068303666806179
1440330959618936844,negative,3.554136550046769e-09
1440330960629690368,negative,2.5663888834255076e-05
1440330962491957260,negative,0.0002298396277033423
1440330964333330438,neutral,0.49789225920557484
1440330964643692545,negative,0.07393886478111271
1440330965180510218,negative,0.171024955493968
1440330966061305859,negative,0.024495810770253996
1440330966791188487,negative,0.04197198344110675
1440330968913510408,negative,0.010831286540932576
1440330968917700620,negative,0.0024789538972038692
1440330971295805443,negative,0.14763909321450158
1440330971732082696,negative,5.5947827681157446e-08
1440330976471642119,negative,0.026143193351998707
1440330980133380096,negative,0.06715661711389949
1440330980321988612,positive,0.7146631926473498
1440330980917592065,negative,0.025000379253520114
1440330980972109836,negative,1.628172231363997e-05
1440330981500588039,neutral,0.5452454461571378
1440330982519762961,negative,0.0013989389964645877
1440330983236980738,negative,0.005910418039004733
1440330986189844481,negative,0.0027134258053837304
1440330986240163852,negative,0.07618855153113747
1440330987351670793,positive,0.9844453983430719
1440330988316332032,negative,0.003828680956351291
1440330989893402630,negative,5.4549391668039095e-05
1440330990858039304,negative,0.050355284407404645
1440330992791613446,positive,0.9987957738375299
1440330993752162306,negative,0.03465268749195298
1440330993798242318,negative,0.31732489718339985
1440330995316654081,negative,0.0676658563837466
1440330995446673417,neutral,0.4336244217887254
1440330995673141252,negative,0.11033803891736205
1440330995912241163,negative,0.11328161278534599
1440330997657063431,negative,2.6275802221551955e-12
1440330997682241546,negative,0.0020310427387164654
1440330998059655168,positive,0.9980434717201058
1440330999439638533,negative,0.012387578986805986
1440330999536128009,negative,0.06595789823423918
1440331000643416078,negative,0.013898328926435596
1440331000882483206,negative,0.02341289469049616
1440331001629011971,negative,0.007867791523442328
1440331002392449031,negative,0.023063041499408504
1440331002606354435,negative,0.001949545414846824
1440331002610552846,negative,0.11398411885671679
1440331002665058304,negative,1.4006913374890294e-05
1440331003097092100,negative,5.609381583623836e-07
1440331003407437839,negative,0.021403612031169236
1440331005181628421,negative,0.03742619785901979
1440331006322507780,neutral,0.5921004765363146
1440331006540611586,negative,3.184706628271713e-06
1440331007387836416,negative,0.025000379253520114
1440331007463346182,negative,0.0035007050732706094
1440331007580725258,negative,0.07387732721957979
1440331008302215180,negative,0.007867791523442328
1440331008595816462,negative,0.021031556144022457
1440331008713232387,negative,0.007867791523442328
1440331008855851016,negative,0.007867791523442328
1440331010730647557,neutral,0.49789225920557484
1440331011640811525,negative,0.010808214898938961
1440331012395831305,negative,0.0001268276578004274
1440331013574455303,neutral,0.6187326377172717
1440331014576902160,negative,0.24641114675986334
1440331015986155522,negative,0.10712328096962105
1440331016275591170,negative,0.015230671847015695
1440331017424830478,neutral,0.6264557403009139
1440331017504509960,negative,0.19351706926576842
1440331019547123720,negative,0.1486502579456622
1440331019626840069,negative,0.0021956887896139414
1440331023481405440,negative,0.10760343285823182
1440331023892451328,negative,1.569308198416873e-05
1440331025750499342,negative,0.0005276829338505487
1440331027235307520,negative,0.19039082156106893
1440331027944120322,negative,0.017038647511323193
1440331028631941120,negative,0.04668087113850798
1440331030532034568,neutral,0.49789225920557484
1440331031702212614,negative,0.002198074297574577
1440331034243964937,neutral,0.49789225920557484
1440331035334434817,negative,0.0004142823079306434
1440331039000334336,negative,0.3234935836306768
1440331039725875209,negative,0.2839522713884327
1440331042833895438,neutral,0.49789225920557484
1440331043379187714,positive,0.6907372809600184
1440331044209586185,negative,4.470184450103064e-06
1440331045216276496,negative,0.10305679978169115
1440331047099461649,negative,0.003783033427205692
1440331047493726216,negative,0.10760343285823182
1440331048408158218,neutral,0.49789225920557484
1440331048429121542,negative,0.00022948494190496593
1440331050262020104,negative,0.010798070864671768
1440331050786308103,negative,0.3212216401234469
1440331051167928320,negative,0.2663200802713285
1440331052149444609,negative,1.3585170666392696e-09
1440331052728217604,positive,0.9977169838368762
1440331055681081346,negative,0.07429522210644815
1440331059606929416,negative,0.0022158728418111744
1440331062068932609,negative,5.042394112863841e-06
1440331063385939971,negative,0.20547179712270142
1440331063570558989,negative,1.1239921348261466e-09
1440331066674331654,negative,0.04086382280893397
1440331068670824451,negative,0.00030990646385414095
1440331069144723459,negative,0.12731730152964704
1440331071850045442,neutral,0.46127768308170247
1440331073213272065,negative,0.026961757221724576
1440331075343949836,positive,0.8293198584856798
1440331075603992595,negative,0.0002298396277033423
1440331078049230857,negative,0.029248640947299946
1440331078200217608,negative,0.0002298396277033423
1440331078485434369,negative,0.08864223244078419
1440331078988800003,negative,0.029248640947299946
1440331079592779783,negative,0.002031651676997877
1440331081694146567,negative,0.26906818431156104
1440331082256191497,negative,1.0871225513453981e-06
1440331084286234633,negative,8.831629067939257e-06
1440331084453928965,negative,0.17010680590107932
1440331089319325711,negative,0.0009225950063865294
1440331090707697691,negative,0.0014880007660704306
1440331092578365446,neutral,0.5577204826702168
1440331096042852360,negative,0.21659070216520487
1440331097317855235,negative,0.07618855153113747
1440331097410203652,negative,1.4788619440243018e-06
1440331098513297409,negative,0.04810612162202492
1440331099494752265,negative,5.674447153092333e-05
1440331100224512010,neutral,0.3403391890910929
1440331100929155082,negative,0.2186366811851303
1440331101055041540,negative,0.277421771511887
1440331106281086976,negative,0.0005460181733179658
1440331111146553346,negative,0.07839569446439199
1440331112547377152,negative,0.13077557299534168
1440331114854322179,negative,0.22493346794813412
1440331117358313477,negative,0.07746472407813226
1440331121334439936,negative,0.0023752897667640716
1440331122261389312,negative,0.003777724118291025
1440331123112873986,negative,0.0002298396277033423
1440331123142193152,negative,1.9782625999503626e-06
1440331123783921672,negative,0.23793427518356636
1440331124476035073,negative,0.00028175188045943925
1440331126375997447,negative,0.06595789823423918
1440331130645872640,negative,0.025199249276759355
1440331131350519810,negative,0.1055858467000396
1440331133380562952,negative,0.012044787170883565
1440331133611175952,negative,0.0065465728417252594
1440331134450028551,negative,0.2995295154354394
1440331134991155205,positive,0.939503580058176
1440331135372779541,negative,3.231398991333102e-05
1440331135867781130,negative,4.7650672665076615e-06
1440331136597594119,negative,0.0017317797479545144
1440331137922994184,negative,0.00487986837835881
1440331138417893385,negative,0.32285802783604334
1440331138937999360,negative,0.19081397515932483
1440331143069401089,negative,0.001378549174056599
1440331143186771980,negative,0.19351706926576842
1440331145040723970,negative,1.39471982745382e-09
1440331146588409860,negative,0.07842435912867445
1440331146902999056,negative,0.03643971445203045
1440331147267829768,negative,0.11804965753960495
1440331148027052035,negative,0.007084478251805805
1440331148580704258,negative,5.064751054972083e-05
1440331149037817857,negative,0.009461617940968966
1440331149616693260,positive,0.6947994382299444
1440331150069669888,neutral,0.49789225920557484
1440331151680290820,negative,5.826132346331136e-06
1440331153437696001,neutral,0.49789225920557484
1440331153660014592,negative,0.011393224020796873
1440331155065081861,negative,0.00012485073380793502
1440331155836792844,negative,0.03359447198634628
1440331156176597000,negative,0.15408361459279213
1440331157019586568,negative,0.19351706926576842
1440331157149601801,negative,0.1445976117710086
1440331160463167492,negative,0.0006572037551745774
1440331160974807059,negative,0.13924083246349173
1440331163118145536,neutral,0.49789225920557484
1440331163839520776,negative,0.06257493545955749
1440331165034893322,negative,0.07387732721957979
1440331166066745350,negative,0.006256479367187239
1440331167211790336,negative,0.1072853374456532
1440331167790551044,neutral,0.4938013795412572
1440331170911113223,negative,0.15175671462557233
1440331172232318979,negative,0.08555655360771175
1440331172387516419,negative,0.00020887895374678694
1440331175143231495,negative,0.30725793206365803
1440331175831097346,negative,0.09931282997845396
1440331177009631240,negative,2.8211437431258792e-05
1440331177378803723,negative,0.01822657385279849
1440331180847468550,negative,0.059005819067649
1440331181715722240,negative,0.00029854363947814065
1440331182982324230,negative,0.04066256731383832
1440331185196965895,negative,0.002338764409577755
1440331185318612996,negative,1.9782625999503626e-06
1440331185800900610,negative,0.001674913097774378
1440331185939357697,negative,0.04282505087313327
1440331186178433024,negative,6.347134237697954e-05
1440331189223518218,negative,0.00020229791026431368
1440331191215792137,negative,0.0010138547294402274
1440331192570576896,negative,0.013144929105451017
1440331193392582657,negative,0.029291820415753914
1440331194873225230,negative,0.09159838109470014
1440331195577896969,negative,0.02744715151377216
1440331197528244231,negative,0.00030990646385414095
1440331200099352599,positive,0.9999795430841565
1440331200371970054,negative,0.0036335997924700787
1440331203421216775,negative,0.060860433682704405
1440331204092252162,negative,0.037623738795002776
1440331204608225285,negative,0.0010272306823098669
1440331205543489542,neutral,0.35687064213506103
1440331205702938630,negative,9.063056025007648e-11
1440331208357933070,negative,0.19081397515932483
1440331211222650896,negative,0.07429522210644815
1440331212329926660,negative,0.024495810770253996
1440331215811137553,negative,0.00022247011991886287
1440331217665101834,negative,0.2186366811851303
1440331218482974723,negative,0.00528239231950664
1440331219447676928,negative,0.0006626913582646585
1440331219548315652,negative,0.0042540327210174225
1440331219883880456,negative,0.05600175126290978
1440331220391395331,negative,1.4711697015359386e-07
1440331220668190728,negative,0.003968876938180977
1440331221972578311,negative,0.001143209890442271
1440331223029538818,negative,0.007357578366045678
1440331223499350025,negative,0.19081397515932483
1440331224078159891,negative,0.2186366811851303
1440331224082370567,negative,0.00010260926926032539
1440331224128495625,negative,0.0009280808790999973
1440331224916971520,positive,0.9865668926393968
1440331225026101261,negative,0.019785026631691793
1440331226015883273,negative,0.0026297739769371694
1440331228989648901,negative,0.32285802783604334
1440331230252126223,negative,6.579242537569963e-05
1440331231661600768,negative,0.006154581942272466
1440331231766323204,negative,0.32126364037782507
1440331232617713673,negative,0.14040081766313595
1440331233771208710,positive,0.9990326620878083
1440331235847331850,negative,0.003222538965588384
1440331236019355661,negative,0.0010795455625612228
1440331236686266378,negative,2.7926466562349265e-07
1440331236992454663,neutral,0.34535524246971044
1440331237684486161,neutral,0.5556424010871375
1440331240175931404,negative,0.09357155103418427
1440331240486301699,neutral,0.4098182179544237
1440331240855400467,negative,6.627485750412453e-05
1440331243464237065,neutral,0.6308457976466544
1440331243560656905,negative,0.060860433682704405
1440331244038868992,negative,0.010808214898938961
1440331250976182287,negative,3.350003637004341e-06
1440331250976190464,negative,0.0368276826589921
1440331251118788619,negative,0.2660853591020496
1440331251693486081,negative,0.30725793206365803
1440331252188340234,negative,1.6507947465268403e-07
1440331253253771272,negative,0.0017014298086217704
1440331253551538176,negative,0.16305889594729991
1440331253958406150,negative,0.2592332720412186
1440331254008664069,negative,0.32513624782639977
1440331255069831168,negative,0.00030990646385414095
1440331255300509704,negative,0.013508130560360085
1440331255921266688,negative,0.2827466852333824
1440331256533643269,negative,0.1592151548911961
1440331256680488962,positive,0.9995845597596971
1440331257418633219,neutral,0.386294692292583
1440331258161033220,negative,0.00015059077340966623
1440331260543455233,negative,0.15408361459279213
1440331261713649687,negative,1.9782625999503626e-06
1440331262162440199,negative,3.765204333672509e-05
1440331262430887939,negative,0.22020695717902924
1440331264750354442,negative,0.16776549394273851
1440331265278758912,neutral,0.3641228075610855
1440331265408856078,neutral,0.3556673342434199
1440331266142789637,positive,0.9893870639291437
1440331267614990353,neutral,0.36429843500770037
1440331268936253441,negative,0.001949545414846824
1440331270257446922,negative,0.015264291213956713
1440331271746437137,negative,1.408301663409718e-06
1440331273369649160,negative,0.007357578366045678
1440331273570897921,negative,0.3189879193612644
1440331274191663104,negative,0.08441948816693348
1440331275470921741,negative,0.07393886478111271
1440331275856875521,negative,0.003455515681302347
1440331279212310529,negative,0.05759627212984628
1440331279531003907,negative,7.367462506505943e-05
1440331280185376779,negative,0.010808214898938961
1440331281175175185,neutral,0.49789225920557484
1440331283071000589,negative,0.21293258417557345
1440331285709221893,negative,0.06275609732685251
1440331286468435984,neutral,0.5017543432377519
1440331288905326601,negative,0.04518808208137589
1440331289165328390,negative,0.02190420716221645
1440331289240883200,negative,0.00012485073380793502
1440331290276888581,negative,0.2186366811851303
1440331291237310473,negative,3.0988027130872176e-13
1440331291551952899,negative,0.312185193005137
1440331292206252040,negative,0.033280093885533685
1440331293967802384,negative,0.012044787170883565
1440331294479556608,positive,0.7342680362777907
1440331295934980103,negative,0.00017631225578048582
1440331298682195976,negative,1.392947878114249e-05
1440331299445608455,negative,0.003861644889285569
1440331301605675016,negative,0.000139014564693824
1440331303140823040,negative,0.0010272306823098669
1440331303392473091,negative,0.06595789823423918
1440331303530876935,neutral,0.5136446707795853
1440331305237942284,negative,0.1977020121154246
1440331305258938375,negative,0.0065465728417252594
1440331305422446593,negative,5.403115170303243e-07
1440331305594490897,negative,0.16427597653130074
1440331306261356558,negative,0.003131475425614121
1440331306437513216,negative,2.3738397238270267e-06
1440331307045711872,positive,0.7715170301790862
1440331308693999627,negative,0.00921732587382851
1440331309453234179,positive,0.9796825922187127
1440331314389864450,negative,1.7034604561739717e-08
1440331314918395922,negative,0.008732844773577823
1440331317376258056,neutral,0.49789225920557484
1440331318349291529,positive,0.8293198584856798
1440331320224194562,negative,1.3516941607049677e-08
1440331320937254915,neutral,0.49789225920557484
1440331320991772678,negative,0.2186366811851303
1440331325576134662,negative,0.035443313486230366
1440331329942425607,negative,0.03218062368878942
1440331332807131136,negative,0.07365601872738872
1440331334862266376,negative,0.013144929105451017
1440331334929448974,negative,0.09098012729183493
1440331340839223302,negative,0.3130218244406003
1440331348250562572,negative,0.06342112256631237
1440331352763629582,neutral,0.41760660904893704
1440331357020819464,negative,1.0057790853072954e-05
1440331362448273419,positive,0.8543967088731939
1440331366076338191,negative,0.00010260926926032539
1440331367636553733,positive,0.7715170301790862
1440331368018313223,positive,0.6947994382299444
1440331370547474456,negative,0.0005109530467951897
1440331378390753287,neutral,0.38556228719218816
1440331387937058818,negative,0.2578217209492507
1440331391820959753,negative,0.016387117274484463
1440331393226080264,negative,0.016599854618023515
1440331395893657609,negative,0.016627411545235532
1440331396447289351,neutral,0.4477991060439373
1440331408686256128,neutral,0.49789225920557484
1440331412477939718,negative,0.00010260926926032539
1440331416911298570,negative,0.013508130560360085
1440331420757479429,neutral,0.46127768308170247
1440331431197118479,negative,0.057675847201580886
1440331432149196804,negative,2.7277185618549566e-05
1440331435269705738,negative,5.5947827681157446e-08
1440331437727621131,negative,0.005722386558174311
1440331437773787146,negative,0.0005096794473980008
1440331443440214028,negative,0.027642174402116755
1440331444274929674,negative,0.01805250215264778
1440331444958621700,negative,0.07387732721957979
1440331445411598341,negative,0.014947893326467421
1440331445491228679,negative,0.07387732721957979
1440331446544003078,negative,0.013144929105451017
1440331453112352771,negative,0.13924083246349173
1440331454785884163,negative,0.2186366811851303
1440331455071096832,negative,0.06525781025480551
1440331457264644097,neutral,0.5614152023143125
1440331461404495890,neutral,0.5418161638012448
1440331462700457987,negative,0.05558254903897026
1440331463463890955,negative,0.00020887895374678694
1440331465296736260,positive,0.7715170301790862
1440331465414172680,negative,2.8051872048340738e-05
1440331465980403731,neutral,0.5957399490333923
1440331467129700355,negative,0.07602854125486383
1440331467297472524,negative,0.04956026847406002
1440331467775614982,negative,0.003295093365921309
1440331467972771851,negative,1.0138552827599997e-05
1440331467993739266,negative,0.00014967946299830747
1440331469939871746,negative,3.705328253736178e-06
1440331470967488521,negative,1.5919339853625407e-05
1440331471865008129,negative,7.367462506505943e-05
1440331472330629121,negative,0.06327462728651627
1440331472678752267,negative,0.13432862561302367
1440331474071220224,negative,0.00012485073380793502
1440331474201296902,negative,0.2660853591020496
1440331474339729413,negative,0.06275609732685251
1440331474402627589,neutral,0.46127768308170247
1440331475593822210,neutral,0.45330597087403485
1440331476323635212,negative,0.00017595375530701622
1440331476457848838,positive,0.9974985086320123
1440331477854535688,neutral,0.6016984194623941
1440331477955203072,negative,0.13975426053855586
1440331478177435656,neutral,0.5057202492310543
1440331480182321159,negative,0.2186366811851303
1440331480714997767,negative,0.013141230020178685
1440331481813950468,negative,0.006744417116069987
1440331484536061958,negative,0.0016668713696106781
1440331485676933122,negative,1.2668532236709373e-05
1440331487207825421,negative,0.11958508183638265
1440331487644057601,negative,0.23614468589041973
1440331487786659850,negative,0.08915380503849749
1440331489082687491,negative,0.25712734824514477
1440331490101907464,positive,0.9796825922187127
1440331493411229700,negative,0.15960559452264758
1440331493419614225,negative,0.06475018454315239
1440331494237478927,negative,0.0238981798164125
1440331497328635907,positive,0.9980434717201058
1440331499182587917,negative,0.15483249342488573
1440331502093410306,negative,4.7105124723697185e-08
1440331502131167234,neutral,0.3759971813643522
1440331502231777282,negative,0.007357578366045678
1440331502877753351,neutral,0.6567552400637309
1440331503917944839,negative,0.22359813542255372
1440331504312217609,negative,0.014352171088362517
1440331504328986633,negative,0.30725793206365803
1440331505000071180,neutral,0.49789225920557484
1440331505805381646,negative,7.0797634371919485e-06
1440331506946170886,negative,0.007357578366045678
1440331508426760202,negative,0.0852335052538723
1440331509861216265,negative,0.1908942153374937
1440331511031492611,neutral,0.49789225920557484
1440331511140548614,neutral,0.5355409007330443
1440331512277200900,negative,0.07877970518701369
1440331512344240128,negative,0.00032834137519060445
1440331512361066509,negative,0.025895426302890188
1440331512461750276,negative,0.016599854618023515
1440331513585799176,positive,0.9553986329242625
1440331516656033795,negative,2.7926466562349265e-07
1440331518618914819,negative,0.00013544761705304152
1440331518698684423,negative,0.05266659692678419
1440331519260708869,negative,2.606974867035336e-05
1440331519545905160,negative,0.010547883832865724
1440331520078598152,negative,0.21563717704720792
1440331520875532298,negative,0.10558443190557863
1440331522666500101,negative,0.07429522210644815
1440331523501092872,negative,0.19784235105317272
1440331524243558405,negative,0.06602361837866733
1440331526093172743,negative,0.006442446861398081
1440331526634291202,positive,0.9988464164794049
1440331526768455684,negative,0.007357578366045678
1440331528244850707,negative,0.09486016062622624
1440331528454565904,negative,0.005095139236736712
1440331528706289668,negative,0.0025858840169539344
1440331528983121935,negative,0.0004052426472428107
1440331529557708800,negative,0.06482082089372841
1440331530564296706,negative,0.1765709549872744
1440331532447617029,negative,0.008390931928952138
1440331532833415176,negative,1.9782625999503626e-06
1440331533135478785,neutral,0.49789225920557484
1440331533332615178,negative,0.10305679978169115
1440331535505231872,negative,2.640884628903695e-07
1440331535769423876,neutral,0.5452454461571378
1440331536012759051,negative,0.06583168534811078
1440331536939642880,negative,0.005025691535231157
1440331538202124290,negative,0.13057063530216456
1440331539405963264,negative,0.004877540782518398
1440331539686985736,negative,0.029400370639505822
1440331539951218690,negative,0.006549613317531484
1440331540534231049,negative,0.1733198615490139
1440331540668420108,negative,0.07004240819273713
1440331542165737479,negative,0.10305679978169115
1440331543252066316,negative,0.2726115553711414
1440331543424077824,negative,0.00040501620754707643
1440331546330755081,negative,0.00020229791026431368
1440331547320541190,neutral,0.45330597087403485
1440331548306280459,negative,0.00030990646385414095
1440331548591484939,positive,0.9973394012878755
1440331551527473157,negative,0.015767988791122057
1440331551699456002,negative,0.0563339035520624
1440331551774949380,negative,0.07576358171373936
1440331555197501443,negative,0.001059509280474666
1440331557076553734,negative,0.0032425043543901906
1440331558565531649,negative,2.5273564209075073e-05
1440331560058703878,negative,0.3102329509245808
1440331562067718151,negative,0.00017595375530701622
1440331563514753041,negative,0.13985190655251653
1440331564328505344,negative,3.630473928710888e-08
1440331565410623495,negative,0.000757514653329531
1440331566207561742,neutral,0.4985928500860049
1440331567285428231,positive,0.9315311369991527
1440331568434667534,negative,0.025199249276759355
1440331569118416898,negative,0.0003271062215976482
1440331569311272973,neutral,0.39919723429629295
1440331569596563469,negative,0.0005860321746683697
1440331569932079110,negative,0.0027894295625097948
1440331571362287617,negative,0.0935882820382525
1440331571681128450,negative,0.0238981798164125
1440331573493043213,negative,0.0009505783330615453
1440331574071812105,negative,0.07839569446439199
1440331576760356867,negative,0.1055858467000396
1440331578123509764,negative,0.0038932412569813325
1440331578572300290,negative,0.01868514549425644
1440331578719174661,negative,0.06525781025480551
1440331579356680207,negative,0.005055049155889731
1440331587535589380,negative,0.028319396148800007
1440331589443932163,negative,0.08848338491495131
1440331592992317443,negative,0.10804647849269552
1440331594284224521,negative,2.037424574222317e-05
1440331594837872643,negative,0.15834906924945918
1440331596037386248,negative,0.041871633848077947
1440331596133855232,negative,0.1480676570152016
1440331597421563914,neutral,0.42507619662732005
1440331599485149184,negative,2.7213381356944455e-05
1440331600068157453,negative,0.04448942670938216
1440331600802181126,negative,0.14622288293529362
1440331601565544455,negative,2.883548908913035e-05
1440331602161115137,negative,0.00020887895374678694
1440331603570397206,negative,0.2491501874354565
1440331606254780427,negative,2.606974867035336e-05
1440331611514433548,negative,0.001765940765538394
1440331613271838733,negative,0.00820417211045377
1440331614509146115,negative,1.0057790853072954e-05
1440331616199462918,negative,0.01903938936639912
1440331630057439232,negative,0.04668087113850798
1440331636646711300,negative,2.1399293509589124e-06
1440331640958377988,negative,0.008096277896805754
1440331641155555328,neutral,0.38556228719218816
1440331643248513026,negative,0.006885561477834451
1440331649938444291,positive,0.8293198584856798
1440331650722791444,negative,0.13172979688584868
1440331655495897100,negative,0.05600175126290978
1440331668984766470,negative,0.3029968537174699
1440331669714575375,negative,0.0011938777635660102
1440331673762078727,negative,0.024889991582082136
1440331676098256907,negative,0.00010260926926032539
1440331681815089158,negative,0.31088210341413597
1440331683551604748,negative,0.0012382341548274405
1440331686739263494,negative,0.004246317233850731
1440331692640653319,negative,0.08900184799159831
1440331694469308421,neutral,0.4327158161546551
1440331696985960453,negative,0.013144929105451017
1440331701087977485,negative,0.048417045862293666
1440331701754884104,negative,0.013349093693118423
1440331706410487810,positive,0.9436671542763886
1440331714207748117,negative,0.19081397515932483
1440331714681704452,negative,0.00011155532400279822
1440331722332073998,negative,0.0010777634421885265
1440331724546723854,negative,0.0010564342110594926
1440331725805015041,negative,0.13045524297535183
1440331729462448128,negative,0.031180675699481852
1440331734097092615,negative,0.005722386558174311
1440331739193241622,negative,0.030767522683509314
1440331744394153992,negative,1.0057790853072954e-05
1440331755735552013,negative,0.03750512774756221
1440331759330029568,negative,0.04979446005001765
1440331762396057604,negative,0.005469990819767658
1440331762521935878,neutral,0.3385252644667176
1440331766942683141,negative,0.05895666546048837
1440331772261064705,negative,0.10606335772063952
1440331772743483405,negative,0.2503580983661048
1440331776954568718,positive,0.8293198584856798
1440331779890565124,negative,0.004695349024597361
1440331781522157576,negative,0.22493346794813412
1440331782746873869,negative,5.308228152886699e-07
1440331788107149322,negative,0.2186366811851303
1440331788639899649,neutral,0.35509496682161057
1440331790183374859,negative,6.1997266520261435e-06
1440331791047348227,negative,1.0942617688806135e-11
1440331791533895686,neutral,0.4737554465528978
1440331793559818248,neutral,0.4507454498615163
1440331794419650584,negative,0.00015059077340966623
1440331794440605697,negative,0.0008547745180754275
1440331795589853185,negative,0.0005753984159923951
1440331795979849729,negative,1.4797053694569796e-05
1440331797586317337,negative,0.32264179177728214
1440331799993851907,negative,0.04956026847406002
1440331801017286660,negative,0.0005140508822575727
1440331801096949788,negative,0.2660853591020496
1440331801298235406,negative,0.000244175698502764
1440331801747091469,neutral,0.39919723429629295
1440331801868656656,negative,0.0025858840169539344
1440331802489475082,negative,0.023673031983917178
1440331806360813571,negative,0.20547179712270142
1440331807740743687,negative,0.032526742132335175
1440331809099714582,negative,0.07429522210644815
1440331809384849409,negative,0.01999818722962958
1440331809519071240,negative,0.0014161131318279133
1440331810265653250,neutral,0.5943515916242168
1440331810475442189,negative,0.2186366811851303
1440331812627107844,neutral,0.49789225920557484
1440331815835738119,negative,0.010808214898938961
1440331816209043459,negative,1.701654489910811e-08
1440331816662028292,neutral,0.42235835904352426
1440331817412804612,negative,0.0238981798164125
1440331817513414658,negative,0.32401660712694225
1440331818083885068,negative,0.001949545414846824
1440331820642357258,negative,0.26443504563269404
1440331820705325061,negative,0.0004682322692617186
1440331823125467144,negative,0.11804965753960495
1440331823133835280,negative,0.056121853648158145
1440331824207515663,positive,0.9622998758894832
1440331824870215681,negative,0.15960559452264758
1440331825285459970,negative,7.367462506505943e-05
1440331826975764482,negative,0.00023613857586098443
1440331827000999949,negative,0.16305889594729991
1440331834835881994,negative,0.044473967932976186
1440331835532201987,positive,0.7715170301790862
1440331837260238857,negative,0.22848499870738168
1440331840007462924,negative,0.021896344144143303
1440331842184355851,negative,0.30603704289613937
1440331847070715910,negative,0.0027134258053837304
1440331847137783811,negative,0.025000379253520114
1440331851084693516,negative,0.0004493918342676687
1440331858504392717,negative,0.0002403805949829063
1440331863411740681,negative,4.610814098249766e-06
1440331869959057426,negative,0.00017595375530701622
1440331872584622090,negative,1.6491008222287148e-05
1440331882923630595,negative,0.06288032178833002
1440331892524417034,neutral,0.4545103056442479
1440331895674261512,negative,0.0022161416745399526
1440331898018942977,negative,0.11681498668947599
1440331906487185425,negative,0.18596010522688508
1440331907292565511,negative,0.1394631172397868
1440331908932534283,negative,0.0027134258053837304
1440331912141180935,neutral,0.5710211662525364
1440331920127107081,neutral,0.6308457976466544
1440331923499274246,neutral,0.3757967418151958
1440331924636008455,negative,0.0783814411565134
1440331930063441927,negative,0.03803655323450334
1440331934375108625,negative,0.023420501585157176
1440331936040321034,positive,0.9970703610374063
1440331939236356108,neutral,0.3620349028511916
1440331941216014339,negative,1.4788619440243018e-06
1440331941576728584,neutral,0.49789225920557484
1440331941639688195,neutral,0.4737554465528978
1440331941778104325,negative,0.1907707826183414
1440331942776344579,negative,0.0009225950063865294
1440331944953188361,positive,0.6749689461444408
1440331946681274375,negative,0.04035873131350595
1440331946979041282,negative,0.0014161131318279133
1440331949428527125,negative,0.0007049854055997746
1440331950024118273,negative,0.07429522210644815
1440331950162546696,neutral,0.49789225920557484
1440331950250618885,neutral,0.6567552400637309
1440331950317662209,negative,4.714924437323261e-08
1440331951798243328,negative,0.2660853591020496
1440331953668907011,negative,6.1148833470499465e-06
1440331954138738696,negative,0.15730411783454612
1440331954222555140,negative,0.00015059077340966623
1440331954591723531,negative,0.2173390474382286
1440331955740893201,negative,0.011851001402222896
1440331957913616385,negative,2.011927530674161e-10
1440331959146672146,negative,0.017452955946337723
1440331959528419335,negative,8.922558687792002e-13
1440331961403260928,negative,0.004731570354469104
1440331962619551752,negative,0.010808214898938961
1440331963894620173,negative,0.006442446861398081
1440331969355673606,negative,5.10070750392821e-07
1440331971113086978,negative,0.2180043522357488
1440331973134716931,negative,0.11681498668947599
1440331974569201675,negative,0.20109793513259905
1440331974736896010,negative,0.09159838109470014
1440331975701663751,negative,3.5649731507621645e-07
1440331975798132740,negative,0.000333729959841028
1440331976892846095,negative,0.0002975789521050374
1440331978306318351,negative,0.005074553731199927
1440331980139233284,negative,0.13924083246349173
1440331982701928450,negative,2.276038795674665e-07
1440331982831947777,negative,0.016872759753302907
1440331985579216898,negative,2.640884628903695e-07
1440331987563155456,negative,0.002096064331435581
1440331987839950852,negative,0.00017763936555438342
1440331989890994182,negative,0.0004810618791640719
1440331991321174017,negative,0.0023475718147745015
1440331992575270920,negative,0.09931282997845396
1440331993657458702,negative,4.3638859897788064e-05
1440331994500526083,negative,0.0795556812048802
1440331994844463118,negative,0.005025691535231157
1440331995368751104,negative,0.006442446861398081
1440331995440037901,negative,0.004961827475410116
1440331997453320206,negative,0.10305679978169115
1440331998522798094,negative,0.17010680590107932
1440331999974100992,neutral,0.5530252746867529
1440332000712265736,negative,0.0018500923733299989
1440332001018478606,negative,0.10347547341719496
1440332001320398860,negative,0.15960559452264758
1440332002314448909,positive,0.8312202079023866
1440332002683605006,negative,0.08848338491495131
1440332002834542605,negative,0.0002296143023762299
1440332003484655618,negative,0.2186366811851303
1440332003723804677,negative,0.08837852913625492
1440332003925102607,negative,6.033737093202778e-05
1440332005669892097,negative,0.013508130560360085
1440332007658037255,negative,0.0003222694297300733
1440332008769474573,negative,0.1568572101182945
1440332011420323844,neutral,0.5101226214277461
1440332012963827722,negative,9.802255609257137e-15
1440332013265842176,neutral,0.4092044494006838
1440332018655514624,negative,0.011827430714977381
1440332020299616264,negative,0.015767988791122057
1440332020786204677,negative,0.17122494418158576
1440332022396846088,negative,0.06178789245215411
1440332022925324298,negative,0.004961827475410116
1440332023948742663,negative,0.2180043522357488
1440332026180112392,negative,0.009823184335066836
1440332026826006534,negative,0.0012214217825824605
1440332030563160064,negative,0.2804258529746722
1440332031334903821,negative,0.0065465728417252594
1440332032060452869,neutral,0.39148555583824224
1440332032328945674,negative,0.06043217299602261
1440332032878338055,negative,0.06595789823423918
1440332039908052992,negative,0.04655388771884837
1440332041896169478,neutral,0.5340146868050089
1440332043330605061,negative,0.11681498668947599
1440332059231227910,negative,6.1204924170922e-05
1440332061764571139,negative,2.5963835564475344e-06
1440332071574986756,positive,0.9796825922187127
1440332082295631874,negative,0.14861379442183
1440332082757062675,negative,0.010682133414140236
1440332083306455061,negative,0.00010260926926032539
1440332088436137995,negative,0.2186366811851303
1440332090797481994,negative,1.0057790853072954e-05
1440332098582171660,negative,0.15834906924945918
1440332098934493185,negative,0.00022378974420649372
1440332101069393930,positive,0.7715170301790862
1440332108849770520,negative,0.0023235974743574107
1440332116529532939,negative,0.0012185994578118218
1440332122036731912,negative,0.00017595375530701622
1440332127002791946,negative,0.06275609732685251
1440332129078890496,negative,0.12596271308671148
1440332133164142597,negative,2.0890096987749443e-12
1440332134955192335,positive,0.7715170301790862
1440332135215165460,negative,0.04668087113850798
1440332135684972554,negative,0.17122494418158576
1440332136242769920,negative,0.0099628291947913
1440332139547881474,neutral,0.4654079310426556
1440332140562976777,neutral,0.49789225920557484
1440332143629012993,negative,0.0003920999826962531
1440332145138958348,negative,0.008869716410750812
1440332158015393802,negative,0.0007962786588509733
1440332160146104322,negative,0.012751594265909232
1440332165321879555,negative,0.007571371262059172
1440332169176498176,negative,0.0102944333869993
1440332169428160513,negative,0.13292378603408783
1440332174452924416,neutral,0.4758086244899622
1440332178634674176,negative,0.04303504673067092
1440332180874416131,negative,0.1977020121154246
1440332181293785091,negative,0.1078368349518387
1440332183244206086,negative,0.31732489718339985
1440332183504240642,negative,0.04727271409136983
1440332184200511489,neutral,0.4459709038730395
1440332185064513541,negative,0.00011391940118849652
1440332188621283329,neutral,0.33402218903110614
1440332189183344642,negative,0.2588568533413188
1440332189233598469,neutral,0.3636266312433205
1440332193880891396,negative,0.013828245149344616
1440332194795253771,positive,0.9974985086320123
1440332197609697280,neutral,0.5628630718007881
1440332199450976265,negative,0.00013264570621372712
1440332200646352912,negative,0.00030990646385414095
1440332200658882568,neutral,0.49789225920557484
1440332201246150670,negative,0.265490943696957
1440332202571550720,negative,0.00010260926926032539
1440332202869354498,negative,0.0377818299023107
1440332204152815622,negative,1.559792567576039e-08
1440332207298469900,negative,0.06504048723494178
1440332207491485705,negative,0.013211578424807077
1440332209349484554,negative,0.10021877562120833
1440332210490396672,negative,0.07429522210644815
1440332211304079366,negative,0.02680984011790773
1440332211446697989,neutral,0.49789225920557484
1440332211639644166,neutral,0.49789225920557484
1440332212377821195,negative,0.03320122057450182
1440332212507799560,negative,0.0065465728417252594
1440332213162151942,negative,0.3017114994810592
1440332215389343746,negative,0.0008805876245188289
1440332217159282701,negative,8.257862883632149e-06
1440332219441057793,negative,0.008197069865386614
1440332219470344203,neutral,0.6336016461603584
1440332220191805448,negative,0.028981793370032143
1440332220477022211,negative,0.04956026847406002
1440332224109318156,negative,0.24419596000441662
1440332224499380226,negative,0.15960559452264758
1440332225996734473,negative,0.0011256360509625074
1440332231742930948,negative,0.016599854618023515
1440332233315815425,negative,0.008506615550032116
1440332234511175693,negative,0.007357578366045678
1440332236994199552,negative,0.31732489718339985
1440332237891801096,negative,0.013811165775661537
1440332238072135684,neutral,0.4485820301748505
1440332239087099910,negative,7.198085993328562e-05
1440332244971712513,negative,0.023292305877308548
1440332245768695812,negative,0.012044787170883565
1440332246880112641,negative,8.109942577823632e-07
1440332247828090888,negative,0.001406817761166791
1440332248536940552,negative,0.00013095580999494472
1440332248675356689,neutral,0.5415651367130662
1440332249702940677,negative,0.08442114809507202
1440332249858142213,negative,0.3005861470733002
1440332250768232456,negative,1.7376216770783277e-05
1440332251892371468,negative,0.10760343285823182
1440332252664057861,negative,0.31732489718339985
1440332253670772745,negative,0.010736712340161656
1440332255172325389,positive,0.8841078371674926
1440332255197466631,negative,0.0299462422649103
1440332255876898829,negative,0.08879956541753184
1440332258288668675,negative,0.2186366811851303
1440332258561257479,negative,0.0026222609639721915
1440332259513360390,negative,0.014352171088362517
1440332260142575633,negative,0.15960559452264758
1440332261195333632,negative,3.47976295775039e-05
1440332261291819012,negative,0.00018642571524015835
1440332262596251658,negative,8.202989076016007e-06
1440332263703465987,negative,0.017038647511323193
1440332263900606473,negative,0.1713468067255223
1440332266073255949,positive,0.9844453983430719
1440332267465838593,negative,0.000854152574732756
1440332270074691586,negative,0.07085941793535155
1440332270590562304,negative,0.0016093348907505695
1440332272129888266,negative,0.000333729959841028
1440332274185084929,negative,0.00046097442554739236
1440332274365435917,negative,0.03465268749195298
1440332277368557571,positive,0.6859056466778094
1440332283131555855,positive,0.8132987636876607
1440332283454517249,negative,0.014947893326467421
1440332285727834118,negative,0.017038647511323193
1440332285899776000,negative,0.00022788156766112352
1440332287011295253,negative,0.029400370639505822
1440332292304478215,negative,6.579242537569963e-05
1440332292426067970,negative,3.5554682611721886e-05
1440332294221283330,negative,0.00011925026512750667
1440332294502305795,negative,0.07429522210644815
1440332294573551616,negative,0.13057063530216456
1440332294791729168,negative,0.09845775789279688
1440332297161510915,neutral,0.5845817927745256
1440332298646212609,negative,0.049757321546099846
1440332298965032965,negative,0.00013264570621372712
1440332300743372812,negative,0.20656041757125262
1440332301242568718,negative,0.04051223865705906
1440332303280967689,negative,0.1733198615490139
1440332303805210632,negative,0.2186366811851303
1440332307559186433,negative,5.441105536929339e-06
1440332309798871047,negative,0.13292378603408783
1440332314710474757,negative,2.037424574222317e-05
1440332319118671884,negative,0.011002923714909475
1440332324621615113,negative,0.0037955038774172634
1440332325053603841,negative,0.30949162078289394
1440332328107053061,neutral,0.41926403115173344
1440332331378622482,negative,0.015767988791122057
1440332337498103809,negative,0.016872759753302907
1440332340752904202,negative,0.10808122938818791
1440332343953166337,negative,8.942734426461455e-05
1440332359434268677,negative,0.027719630483713828
1440332364178092045,negative,2.037424574222317e-05
1440332365423800335,negative,0.019219439448120736
1440332367990689797,negative,0.3262787591410176
1440332369081167876,negative,1.4797053694569796e-05
1440332370733797388,negative,0.004183954900592168
1440332381768929283,negative,0.0008727960657917153
1440332384449163271,negative,0.0008727960657917153
1440332386542047234,negative,0.008869716410750812
1440332387288707084,negative,0.0007962786588509733
1440332391910838283,negative,0.061433039690159244
1440332394502914054,negative,0.04518834073658099
1440332395752747010,negative,0.07618855153113747
1440332400047710214,negative,0.004790585284160803
1440332403537375242,negative,0.1977020121154246
1440332406083371012,negative,0.009697566738230023
1440332406238547968,negative,0.017035717572084174
1440332410961362954,negative,0.010808214898938961
1440332413435998213,negative,0.0004609385888474606
1440332416787177480,negative,0.06275609732685251
1440332419828097035,neutral,0.49789225920557484
1440332420348211206,negative,0.030767522683509314
1440332422545960962,negative,0.001881829747546818
1440332422982225927,neutral,0.48728019602140255
1440332423447728128,negative,0.016874379496387853
1440332424223674368,positive,0.9850896016048533
1440332428459970576,negative,0.061618569961067376
1440332435636437003,negative,0.08444979187840577
1440332441940475905,neutral,0.49789225920557484
1440332449574051842,negative,5.7250102865834824e-05
1440332449930571789,negative,1.62104802730787e-06
1440332451079884817,negative,0.0027134258053837304
1440332455622316045,neutral,0.4361361137313923
1440332461032935432,negative,0.0007962786588509733
1440332462123458565,negative,0.0004609385888474606
1440332467072761868,negative,0.13924083246349173
1440332469476102145,negative,0.14036649633067771
1440332469861900289,positive,0.7561333541832047
1440332473674584070,negative,0.0004142823079306434
1440332482029580292,negative,0.15175671462557233
1440332482709049358,negative,0.09082028369108626
1440332482977566728,negative,2.7926466562349265e-07
1440332483770212354,negative,0.0009548111056399387
1440332484416204803,negative,0.1109300773147237
1440332486580457494,negative,0.0866577534875825
1440332489378127872,negative,0.07253576970335808
1440332489793306625,negative,0.030974448463161143
1440332490174972042,negative,2.9692583052471588e-05
1440332495011020803,neutral,0.3921533588098319
1440332496516751364,negative,0.027840483815734483
1440332499209490440,negative,0.029540985590475518
1440332499624738828,negative,0.04956026847406002
1440332500249632778,negative,0.012176330893708398
1440332500312543236,negative,0.0017816932625757348
1440332500509728768,negative,0.12471372352075354
1440332501260529677,negative,0.00020229791026431368
1440332502099369984,negative,1.5919339853625407e-05
1440332502388785164,neutral,0.4842332120275087
1440332503114403842,negative,0.010547883832865724
1440332504498458635,negative,0.15852886706006053
1440332505047961605,negative,0.06595789823423918
1440332505698103298,negative,1.1414101468724918e-05
1440332508692811786,negative,0.1628696784421733
1440332509397413906,negative,0.0147377394156429
1440332509728821255,negative,0.11017632086635291
1440332510303453197,negative,0.265490943696957
1440332510316023808,negative,0.0003702698154064985
1440332510370537474,negative,0.03359447198634628
1440332511364599823,negative,2.5734046381488117e-06
1440332512484474880,negative,0.05600175126290978
1440332513436602371,negative,0.008105825673042138
1440332514770362372,negative,0.033000249153183094
1440332516808806402,negative,0.0007962786588509733
1440332517656064015,negative,0.00029499070292703306
1440332520231366656,negative,0.15175671462557233
1440332520688480261,negative,0.1592151548911961
1440332521233739776,negative,0.0147377394156429
1440332522068475907,negative,0.2186366811851303
1440332525801410576,negative,2.265737041284179e-05
1440332527785283586,negative,0.06602204921786259
1440332527999205387,negative,0.001868516916904403
1440332528892608516,negative,0.060288265334080986
1440332531849588739,negative,0.016872759753302907
1440332532537462785,negative,0.2186366811851303
1440332533372108802,negative,0.03746749443196166
1440332533690814475,negative,0.31732489718339985
1440332533737029638,negative,0.02010437148973572
1440332534642970624,negative,0.05856298951889591
1440332535129522190,negative,0.013508130560360085
1440332537222467584,neutral,0.49789225920557484
1440332537625120774,negative,0.07459355961923404
1440332539978076166,negative,0.010602117625381654
1440332542087876614,negative,0.030767522683509314
1440332542314352656,negative,0.0011828668920168108
1440332542368882697,negative,0.049920872222372896
1440332543115415555,negative,0.0319882906294042
1440332547108401154,neutral,0.4842332120275087
1440332551323750411,negative,0.06109467554594059
1440332553240526852,negative,0.006744417116069987
1440332553899024386,negative,0.0009470651287720265
1440332554108747796,negative,0.0016027242603064043
1440332554897223690,negative,0.0007962786588509733
1440332555425701900,negative,0.007357578366045678
1440332557761978370,negative,1.569308198416873e-05
1440332558839922690,negative,0.06583168534811078
1440332558928019464,negative,0.03043029529167447
1440332560433700866,negative,0.00020229791026431368
1440332560484077569,negative,0.2186366811851303
1440332575977852935,negative,0.0007486638281858632
1440332576862785553,negative,0.008142813153943875
1440332577760419844,negative,0.004661748927367757
1440332578284662788,negative,0.009759627143642648
1440332582353129481,negative,0.06525781025480551
1440332583246569472,negative,0.09786956122531691
1440332583678533644,negative,0.19081397515932483
1440332588493668356,negative,0.2683997110052617
1440332588653051911,neutral,0.5627599059435487
1440332593317040139,neutral,0.5238781197433692
1440332594080456712,negative,0.14622288293529362
1440332594336309248,negative,0.19000500290468647
1440332597679169537,neutral,0.4513605618894927
1440332599625273344,neutral,0.49789225920557484
1440332601676349443,negative,0.03465268749195298
1440332603446362119,negative,2.5663888834255076e-05
1440332611746816011,negative,0.31671479645272954
1440332615395860480,positive,0.8293198584856798
1440332616234782720,negative,0.00022247011991886287
1440332617044279304,negative,0.0469368930656842
1440332626502422528,negative,0.0005216323229176036
1440332630495432705,negative,0.0527272477660861
1440332632827387912,negative,0.30949162078289394
1440332636799393799,negative,0.001339180078585311
1440332637655093250,negative,0.00949645027775897
1440332641484435464,negative,0.00949645027775897
1440332642553978883,negative,0.02190420716221645
1440332649856311299,negative,0.21192963163523793
1440332659880693761,negative,0.05909015203624318
1440332665123606528,negative,5.5947827681157446e-08
1440332668172783616,negative,0.3157914251930952
1440332671838670859,negative,0.28396141342732467
1440332673537298447,negative,1.3404578912479012e-07
1440332674556567561,neutral,0.49789225920557484
1440332674581745673,negative,0.12725185648156775
1440332676238434308,negative,0.012044787170883565
1440332676972441600,negative,0.009136362391681687
1440332677119299595,negative,0.04970591987338088
1440332677773594627,negative,0.0974214027375644
1440332678964781063,positive,0.9712288548929081
1440332679547809801,negative,0.07887511100296891
1440332679556198408,negative,0.0044376574757416945
1440332680709566465,neutral,0.5101226214277461
1440332680923533315,negative,0.0007962786588509733
1440332681963659265,negative,0.06602204921786259
1440332683247177738,negative,0.13292378603408783
1440332683792445449,negative,0.0048814597698356825
1440332684241211394,neutral,0.46127768308170247
1440332684513796104,negative,0.00036252618825222333
1440332684652208136,negative,4.690664793912159e-06
1440332685226897411,negative,0.0009225950063865294
1440332687604994049,negative,0.0014077634328559998
1440332689454743552,negative,0.20109793513259905
1440332691199565825,negative,0.025108817120503255
1440332692076187650,negative,0.004195813040454747
1440332693640646656,positive,0.6673876215951715
1440332693711908875,negative,0.2471051277119641
1440332694919913473,negative,0.11262125429503081
1440332695087632393,negative,0.030974448463161143
1440332696484335624,negative,0.01346276561118459
1440332699495849991,negative,1.4788619440243018e-06
1440332699743318023,negative,1.728014979187611e-05
1440332699957227523,negative,2.5663888834255076e-05
1440332701588811779,negative,0.0666012042708175
1440332702733848580,negative,0.13924083246349173
1440332704290009091,negative,0.0003702698154064985
1440332705187594242,negative,0.1300961537376237
1440332705376333838,negative,1.5919339853625407e-05
1440332705716051983,negative,0.012044787170883565
1440332705959317514,negative,0.000583197290516881
1440332706580099073,neutral,0.5628601963091113
1440332707712548872,negative,0.04217855019147946
1440332709398601744,negative,0.0003930538284635348
1440332711340560403,negative,0.009349204696302085
1440332711814594560,negative,0.07839569446439199
1440332712456253440,positive,0.9844453983430719
1440332713928450053,negative,0.013557873330271824
1440332714058551310,negative,0.00886663574275632
1440332714163408898,negative,0.14813842746774405
1440332714280845322,negative,0.03339126911643407
1440332715673280514,negative,0.07658245236779156
1440332715895652363,negative,0.005029500027480029
1440332716147306502,negative,0.2008607659068981
1440332720165384199,neutral,0.49789225920557484
1440332726305902601,negative,0.00015059077340966623
1440332727576715269,negative,5.341904622352266e-09
1440332728751190026,negative,0.0018309037108687636
1440332729120264192,negative,0.06043217299602261
1440332729267089408,negative,0.016574985519100298
1440332729720000527,positive,0.9572984435637251
1440332730596614147,negative,0.022044695437790435
1440332731318083593,negative,0.00023266436116063844
1440332731821424648,negative,0.005025691535231157
1440332733884948494,negative,0.05815278613236232
1440332734002466826,negative,0.00039620748565841104
1440332736766504977,negative,8.076506045933872e-05
1440332739312427018,negative,1.187268053985814e-06
1440332741145358345,negative,0.07746472407813226
1440332741883547649,negative,5.602012535591278e-06
1440332742412042250,negative,1.8313744123754343e-06
1440332742877581320,negative,0.0016656957365712337
1440332743510945801,negative,0.0001342108408080371
1440332744639201289,negative,1.7354844561130466e-05
1440332745620606979,negative,1.9782625999503626e-06
1440332745935261701,negative,0.19869193208744454
1440332750381215764,negative,0.01326496745553032
1440332751941488647,negative,0.0001310708966426915
1440332753380151317,negative,2.218644629589794e-15
1440332753753362442,positive,0.936744093797817
1440332755003326464,neutral,0.3883131239733517
1440332756542640128,neutral,0.45456771664498247
1440332757154996240,negative,0.1318114865786737
1440332762662125571,negative,0.19081397515932483
1440332763609980934,negative,0.0043765745462335985
1440332763836473354,positive,0.7715170301790862
1440332766202056720,negative,0.0005430229447234932
1440332766877339657,negative,0.029213110022488498
1440332768982929418,negative,0.061339400080547675
1440332769188466700,neutral,0.49789225920557484
1440332770182451216,negative,8.734045960530966e-06
1440332772745224193,negative,0.03756327341121642
1440332776264253451,negative,0.0527272477660861
1440332777912561668,neutral,0.33402218903110614
1440332780064239628,negative,0.016874379496387853
1440332781507145728,negative,1.8518673428106162e-07
1440332784006930439,neutral,0.3508087248886893
1440332785047068682,negative,0.3029968537174699
1440332787098132493,negative,0.003984826308413764
1440332787827965952,negative,0.0009469196872524658
1440332795184762883,negative,0.0005711971936911312
1440332800574443528,negative,0.2186366811851303
1440332801241321477,negative,3.082826836442113e-06
1440332802386325508,negative,0.06484725722291415
1440332803330084869,neutral,0.49789225920557484
1440332809785131013,negative,0.16078764784059277
1440332812813434881,neutral,0.39148555583824224
1440332813241237509,neutral,0.5163773296308667
1440332814327508993,negative,0.21074633588201144
1440332822326099976,negative,0.061618569961067376
1440332825073311751,neutral,0.3499352441185855
1440332826491060229,negative,0.15175671462557233
1440332828093288456,negative,0.00010260926926032539
1440332828206514176,neutral,0.5674748988285784
1440332836012126218,negative,0.00010260926926032539
1440332837035462656,positive,0.7338487932588135
1440332839824752655,negative,1.0057790853072954e-05
1440332840235794436,negative,0.00010260926926032539
1440332844912414723,negative,0.06525781025480551
1440332846342684677,positive,0.7715170301790862
1440332846455947264,neutral,0.6308457976466544
1440332847127023619,negative,1.6242909231426984e-06
1440332855976943635,negative,1.3370759368888946e-05
1440332857709252614,negative,0.00010260926926032539
1440332866999652378,negative,0.00035844026143457057
1440332870749331471,neutral,0.4173851625208655
1440332875958611969,neutral,0.41760660904893704
1440332877351190548,negative,0.20580580552098673
1440332884942884873,negative,3.571391597226545e-05
1440332885207109641,negative,0.023420501585157176
1440332885257453572,negative,0.0027134258053837304
1440332885530058758,negative,0.0102944333869993
1440332885722947592,negative,0.1826650518364943
1440332885819473932,negative,0.0102944333869993
1440332886700294146,negative,4.102706204307717e-05
1440332889363664901,negative,0.04074250626807319
1440332893478293513,negative,0.04074250626807319
1440332893604106248,negative,0.2186366811851303
1440332893767680011,negative,0.03535284986059824
1440332897496354833,negative,0.00022247011991886287
1440332904760971266,neutral,0.49789225920557484
1440332904974860302,negative,0.008105825673042138
1440332915158622211,negative,0.06649960921201745
1440332916496605191,negative,0.0803724481918003
1440332916765069312,negative,3.1550656966708236e-05
1440332917322895363,neutral,0.4321782972176231
1440332917448736775,negative,0.29049104527122765
1440332917561966604,negative,0.2186366811851303
1440332917704577031,neutral,0.49789225920557484
1440332918384054284,negative,0.28206120286410363
1440332922238631940,negative,0.001949545414846824
1440332922276356109,negative,0.0009209172503186595
1440332923408773141,negative,0.18920942336772928
1440332925258530830,negative,0.00603745761569772
1440332925392723986,negative,0.0007962786588509733
1440332926990704646,negative,0.005025691535231157
1440332928580403206,positive,0.9367758920082925
1440332928840462347,neutral,0.49789225920557484
1440332929566076937,negative,2.7254580928851266e-06
1440332930635554818,negative,0.004961827475410116
1440332931130556423,negative,0.07012294735449216
1440332931621273613,negative,2.3738397238270267e-06
1440332931667357701,negative,0.00027658214563092235
1440332931700957198,negative,0.2412084930396454
1440332933219315718,positive,0.6749689461444408
1440332933273829388,neutral,0.49789225920557484
1440332934385262603,negative,0.007357578366045678
1440332934465028101,negative,0.02058071316246101
1440332934498508803,negative,0.007357578366045678
1440332934813130765,negative,7.545718200606466e-05
1440332934876069898,negative,0.0007962786588509733
1440332936943865863,negative,0.03043029529167447
1440332938344734722,negative,0.00016610593425929785
1440332943189106703,neutral,0.4888911474870546
1440332945806352392,negative,0.00013264570621372712
1440332946129309697,negative,7.924183388194188e-09
1440332946137776135,negative,0.005025691535231157
1440332947047866371,negative,5.4333316044589555e-09
1440332948503367690,negative,0.0014077634328559998
1440332948759138312,negative,0.015230671847015695
1440332949824569353,negative,0.0003635399549144204
1440332950604685313,negative,1.254428204237347e-09
1440332953360289793,negative,0.015240080117386041
1440332955356831761,negative,0.0440174061583079
1440332957231685633,neutral,0.38473649132210974
1440332957244219396,neutral,0.5101226214277461
1440332957386874880,negative,0.15235102404118722
1440332958653583362,negative,0.1318114865786737
1440332960368979972,negative,0.07549863580844016
1440332969177010182,negative,0.019212802063524704
1440332969638445056,negative,3.1315935698235034e-10
1440332971764899852,negative,0.024817288801232098
1440332972683522071,neutral,0.5369865393820723
1440332972813545482,neutral,0.41760660904893704
1440332973622972423,negative,1.2404860186076378e-07
1440332974860341260,negative,5.356773659582508e-07
1440332975015546882,negative,6.249746283844014e-05
1440332977955696642,negative,0.07429522210644815
1440332977980928000,negative,1.2359537938109427e-06
1440332978668781575,negative,0.016874379496387853
1440332982074499075,negative,2.0511977999425842e-10
1440332984742072323,negative,0.007571371262059172
1440332985404846088,negative,0.13833949355996492
1440332986902216708,neutral,0.49789225920557484
1440332988936437762,negative,2.8011812192336538e-05
1440332989930434560,neutral,0.37319282394708025
1440332990513496064,negative,0.024889991582082136
1440332990907707392,neutral,0.49789225920557484
1440332992669388800,negative,0.0008362258520394336
1440332992891740160,negative,0.009508501157179683
1440332992912711680,negative,0.12093590878208049
1440332993197842445,negative,0.020495907373831793
1440332993562755080,negative,3.950348428008443e-05
1440332996112838657,negative,0.000871376721220385
1440332998553976834,negative,0.00015804593630216684
1440332999627706370,positive,0.939503580058176
1440332999761883141,negative,0.0007962786588509733
1440333000449822730,negative,0.265490943696957
1440333001250856968,negative,0.02767555270867449
1440333001439657999,negative,0.0002619486931747099
1440333002140045315,negative,0.31732489718339985
1440333002211348492,negative,0.007357578366045678
1440333003968770056,negative,0.09158844015977584
1440333004392464384,neutral,0.49789225920557484
1440333004568596494,negative,0.036763927263729734
1440333004916727808,negative,0.040576113935309646
1440333004962816010,negative,0.2788902468636368
1440333006598643717,negative,0.1912236607809998
1440333007361953796,negative,0.12471372352075354
1440333007580139522,negative,0.061618569961067376
1440333009551441928,negative,0.06649960921201745
1440333009614356484,negative,0.029248640947299946
1440333009681457164,neutral,0.5614152023143125
1440333012147658756,negative,0.002579325068453308
1440333012168708099,negative,0.2491501874354565
1440333013842153481,negative,1.3543722555379868e-05
1440333015251521541,negative,0.06282980969092354
1440333015993896971,negative,0.0440174061583079
1440333016732094474,negative,0.0008444240869828477
1440333017541611524,negative,0.009862577622352566
1440333019420639233,neutral,0.39697510199130176
1440333024105615369,negative,0.2554657178850595
1440333024558608392,negative,8.459303324140094e-07
1440333025196195846,neutral,0.49789225920557484
1440333025741398025,positive,0.7715170301790862
1440333025967935489,negative,0.061618569961067376
1440333026043432963,negative,0.0013875000728833773
1440333027268128773,negative,0.025108817120503255
1440333027318525964,neutral,0.4143856101811453
1440333027951845377,negative,0.032910849576420424
1440333028056711185,negative,0.01674695071999578
1440333028648128517,negative,0.00012485073380793502
1440333030862639108,negative,0.06958969583689328
1440333033605791744,negative,1.4843255304589373e-06
1440333034629189635,negative,2.6855555427425657e-05
1440333034851430401,negative,0.07387732721957979
1440333036038475783,negative,0.00016103060338428508
1440333036659232771,negative,0.10305679978169115
1440333037787484161,negative,0.0003930538284635348
1440333038261399565,negative,0.03171432215857463
1440333039494590465,neutral,0.41760660904893704
1440333042665418754,neutral,0.49789225920557484
1440333045047840769,negative,0.06320575662810483
1440333046427766789,neutral,0.38515719541977617
1440333046947794949,neutral,0.36429843500770037
1440333048734576641,negative,0.0014794902045808093
1440333049271500800,negative,0.07161379020180898
1440333050408177675,negative,0.11634360416878217
1440333051565801480,negative,0.0039395976756284165
1440333056036913168,neutral,0.45456771664498247
1440333057391689744,negative,0.0007962786588509733
1440333057525895170,positive,0.9863428681087759
1440333057844596751,negative,0.09439014844389373
1440333059815997446,negative,0.0036335997924700787
1440333060671635460,neutral,0.6094386356184512
1440333060977745924,negative,0.15175671462557233
1440333064022867969,negative,1.5216935085977253e-05
1440333076681216011,positive,0.9796825922187127
1440333077121683466,negative,0.00010260926926032539
1440333078581235714,negative,1.2291060798469604e-07
1440333079927611401,negative,0.13292378603408783
1440333080196096003,negative,0.12456350148172984
1440333082704318474,negative,0.00017415533286923657
1440333083505348621,negative,0.0003930538284635348
1440333084839211022,negative,0.0888158952528849
1440333086097502220,negative,0.05856298951889591
1440333086428778507,negative,0.03750512774756221
1440333088790224901,negative,0.061618569961067376
1440333090199511040,negative,0.0007962786588509733
1440333091168395266,negative,1.0784957053834363e-06
1440333094997745666,negative,0.13292378603408783
1440333104372064263,neutral,0.6308457976466544
1440333109983993861,negative,0.001429671252008992
1440333111070388234,negative,0.004315556708275251
1440333112332804102,negative,0.00017595375530701622
1440333117349195787,neutral,0.3921392596637016
1440333122302660632,negative,0.10712328096962105
1440333123607171077,negative,1.2539074448537883e-05
1440333123619737613,negative,0.00044345739596946476
1440333125846855694,negative,7.602796652877942e-08
1440333128464175114,negative,0.10058699038627197
1440333130603192329,positive,0.9944742122825354
1440333132360650757,negative,0.03956872639003358
1440333135741210640,negative,1.5654868185607633e-05
1440333139310612480,positive,0.7715170301790862
1440333152191279128,negative,0.22493346794813412
1440333153462153221,negative,0.2715220889220143
1440333155504836610,negative,0.00010260926926032539
1440333155513233420,negative,0.016874379496387853
1440333162131845124,negative,0.013508130560360085
1440333163364904969,negative,0.20493004733707917
1440333165743128578,negative,0.012573799341202532
1440333165789253643,negative,0.06525781025480551
1440333168444207105,neutral,0.4478889398505506
1440333168482000906,negative,0.11997657833744305
1440333171128635403,negative,0.0005140508822575727
1440333176237281289,positive,0.7831655847454804
1440333189482909696,negative,0.19081397515932483
1440333189902311428,negative,0.00017595375530701622
1440333193069031430,neutral,0.37874993579954885
1440333195270971394,negative,0.0001342108408080371
1440333199054278661,negative,0.0014761938108212315
1440333202506149890,negative,0.009547106705765149
1440333210190172163,neutral,0.3348814240981424
1440333214527098885,negative,0.011953860538521457
1440333216414457870,negative,0.0013257312054954188
1440333216657784842,negative,0.03818738701306872
1440333216670380032,negative,0.0014880007660704306
1440333217161121803,negative,8.11979447377654e-06
1440333219702796291,negative,0.2592332720412186
1440333220885663755,neutral,0.6567552400637309
1440333222060060675,negative,0.026143193351998707
1440333223624470542,neutral,0.6567552400637309
1440333223704215560,neutral,0.6093141533882197
1440333228187947011,neutral,0.5674748988285784
1440333228313759758,positive,0.747825448003287
1440333228766752779,negative,0.32565884406638995
1440333229823643661,negative,0.010083962806084536
1440333230733860873,negative,0.012044787170883565
1440333233258856457,negative,0.0003853384623732257
1440333234022191111,negative,0.0025811162898898015
1440333236937256965,negative,0.0008413572844601312
1440333238484946952,negative,0.10877817207856605
1440333241580355589,negative,0.00037498791419033576
1440333245250347008,negative,0.1400538671790178
1440333245468471303,negative,0.2186366811851303
1440333247452377102,negative,0.005025691535231157
1440333249125834758,negative,1.2029547256702663e-10
1440333249960501252,positive,0.939503580058176
1440333250656751622,negative,0.00026987926722954854
1440333252313567238,negative,8.930318500545768e-08
1440333255476088832,negative,0.13924083246349173
1440333256717602829,negative,0.31088210341413597
1440333258009440267,negative,0.0065465728417252594
1440333258751836167,positive,0.6858185610304982
1440333258965717002,negative,0.0003422896989745429
1440333259456405510,negative,0.025108817120503255
1440333261125787656,negative,0.011694215146115097
1440333261473923074,negative,0.09084814825730873
1440333264112160770,neutral,0.3614283263308854
1440333265529753605,negative,0.0906815033307606
1440333267056488464,negative,0.001219054972813832
1440333268469960708,negative,0.31732489718339985
1440333268574818307,negative,0.0440174061583079
1440333269422071812,negative,0.0002897913610723132
1440333273167646731,positive,0.9944742122825354
1440333273419239441,negative,0.00036054052125488205
1440333274966990857,negative,0.007364800697224858
1440333277257093123,negative,0.07735471917561695
1440333277621936130,negative,0.15443733976365007
1440333280339845123,positive,0.8293198584856798
1440333282986520595,negative,0.2471681988319883
1440333283678515201,negative,0.0440174061583079
1440333286727827461,negative,0.04597298951664632
1440333288803995661,negative,6.249746283844014e-05
1440333290104246282,negative,0.0006543406395216382
1440333290947284996,neutral,0.5415651367130662
1440333292268515344,negative,0.3029968537174699
1440333300896124931,negative,0.022826752730213624
1440333300992675843,negative,1.2626501988228787e-05
1440333301936377856,negative,2.393602451505253e-08
1440333302896812048,negative,0.0008505263266793085
1440333303202992134,negative,2.037424574222317e-05
1440333305073700864,negative,0.19230678025299114
1440333306046734344,positive,0.9970703610374063
1440333308555005954,negative,0.21192963163523793
1440333311591673866,negative,0.232029748912951
1440333313676230661,positive,0.6947994382299444
1440333317102923779,negative,0.00017595375530701622
1440333317438513158,neutral,0.49789225920557484
1440333317958635536,negative,0.13292378603408783
1440333318696759299,negative,3.8845952501487885e-05
1440333319602794501,negative,0.0047089881519812495
1440333322882732045,negative,0.005536014822233266
1440333323444756489,negative,4.237683491994617e-05
1440333323889303554,negative,7.86278537571274e-06
1440333325567021061,negative,0.08900184799159831
1440333332244406289,negative,0.02618363625069194
1440333336195436561,positive,0.9938581398050182
1440333339097927682,positive,0.8963765678070076
1440333342507896835,negative,0.024889991582082136
1440333342637887491,negative,0.0008465952702386394
1440333347205439489,negative,0.004695237100842426
1440333348740612098,negative,0.0007962786588509733
1440333352796446720,negative,0.020994130682686313
1440333353673056268,positive,0.8530957437891473
1440333354029621252,negative,0.20775304090921026
1440333354109308939,positive,0.7715170301790862
1440333359285084175,negative,0.11004530489244803
1440333360702705673,negative,0.00014962319762122704
1440333365765238787,negative,0.06043217299602261
1440333374556565513,negative,0.07535422788359233
1440333377609994242,neutral,0.5872280614744636
1440333380780888073,positive,0.6907372809600184
1440333387504308232,negative,0.00010260926926032539
1440333388582297601,negative,3.200431884845015e-09
1440333389110808585,neutral,0.49789225920557484
1440333390029352974,neutral,0.4482813438141666
1440333390515884043,negative,0.03465268749195298
1440333394127192078,neutral,0.4482813438141666
1440333400309583878,negative,0.057675847201580886
1440333402629050386,negative,0.13902212940133013
1440333403761508354,negative,0.0663223458681805
1440333404533235718,negative,0.005029500027480029
1440333405137166352,negative,0.0001584873285048229
1440333405216903171,negative,0.19081397515932483
1440333406059913221,neutral,0.5119303746493573
1440333406877798403,negative,2.5963835564475344e-06
1440333407049830412,negative,0.06504048723494178
1440333409373491201,negative,0.003107103596475738
1440333410715664396,negative,0.046509449574523645
1440333410887561227,negative,0.2186366811851303
1440333411814555666,negative,0.0007962786588509733
1440333412947005452,negative,0.011393224020796873
1440333414008188932,negative,0.015818863304765816
1440333414566010880,negative,0.002238003555191015
1440333414620483587,negative,0.0028600635395439017
1440333415245516800,negative,0.21010739843585488
1440333416956776455,negative,0.21004689065618742
1440333419699847169,negative,0.22665832700447616
1440333419905306627,negative,0.08741960577491587
1440333420920336389,negative,0.178733899497293
1440333423587979270,negative,0.13460226393083158
1440333424879833092,negative,0.15960559452264758
1440333426989490188,negative,0.06595789823423918
1440333427048210447,negative,0.10558443190557863
1440333430227570691,negative,0.13924083246349173
1440333433469734926,negative,0.00020887895374678694
1440333434920914958,negative,0.01912195133093134
1440333437034897412,positive,0.8293198584856798
1440333438444138512,negative,0.008130198823995455
1440333439190720514,negative,0.007357578366045678
1440333439618617361,negative,0.016574985519100298
1440333445054435344,negative,0.004007559795796271
1440333445847142402,negative,0.004344002523536333
1440333446715297793,negative,1.657967638902005e-09
1440333447721934858,neutral,0.5355409007330443
1440333449257107456,negative,0.004770264799079248
1440333452314767361,negative,0.0007962786588509733
1440333452524490759,negative,0.00017595375530701622
1440333453518512128,negative,0.1235702719113506
1440333453841469442,negative,0.0009268535995743573
1440333455221411845,negative,0.06043217299602261
1440333456001490950,negative,0.24667448326562913
1440333457188524043,negative,0.04810612162202492
1440333460082593798,negative,0.30725793206365803
1440333461500223492,negative,0.032910849576420424
1440333465208037379,negative,0.0044376574757416945
1440333465996595205,negative,0.0007962786588509733
1440333466902560768,negative,1.849165347149113e-05
1440333469981102080,negative,0.006744417116069987
1440333471088480265,negative,6.858683791853607e-10
1440333472896204809,negative,0.18920942336772928
1440333479288262661,negative,0.00022257976470015746
1440333479447711749,negative,6.347134237697954e-05
1440333479699386374,negative,0.0007962786588509733
1440333483797147655,negative,0.04895373550705616
1440333491112058882,negative,0.00020887895374678694
1440333491200147463,negative,0.023420501585157176
1440333493066633229,negative,0.0027134258053837304
1440333496166273024,negative,0.20435071593765658
1440333498192039937,negative,2.337245275968874e-05
1440333499513270276,positive,0.7715170301790862
1440333502457659394,neutral,0.35639457544476894
1440333505242689539,neutral,0.41760660904893704
1440333509885714445,negative,0.3252929270331241
1440333512473645064,positive,0.9506777883972952
1440333512653959169,positive,0.9915209557730572
1440333514742779915,negative,0.09357155103418427
1440333517510963200,negative,0.2715220889220143
1440333533101182994,negative,0.12986483931582823
1440333534380449794,negative,0.05830631835449196
1440333540021846025,neutral,0.48728019602140255
1440333548989259777,negative,0.0006713131963535955
1440333550620839958,neutral,0.3651233794291391
1440333558069878786,negative,4.312623049346537e-07
1440333558984298498,negative,0.032444622943489716
1440333561437978629,negative,0.000574826517649502
1440333564168441869,neutral,0.540027756969251
1440333566689222659,negative,0.00015059077340966623
1440333572301201413,negative,0.0025132684148165573
1440333573383360513,negative,0.05325271754052356
1440333582652694530,positive,0.9944742122825354
1440333584678592524,negative,0.0003947448366643832
1440333585639116809,negative,0.0007962786588509733
1440333586293428229,positive,0.8161741359416446
1440333587878797330,neutral,0.3783504830721414
1440333588638023682,neutral,0.6160370410633121
1440333591465000975,neutral,0.46127768308170247
1440333591804661760,negative,0.00010260926926032539
1440333593000112128,negative,0.11004530489244803
1440333597848735745,negative,0.013144929105451017
1440333598893096979,negative,0.0006779440588530824
1440333600012992515,negative,5.177314388438279e-10
1440333600256237574,negative,0.3257743554282372
1440333601283796998,negative,0.23276629695797113
1440333602370195471,negative,0.0036335997924700787
1440333609236267013,neutral,0.49789225920557484
1440333610419048451,negative,0.17137162429129033
1440333617964584978,negative,0.022826752730213624
1440333624696475656,negative,0.01625449047928743
1440333624750972928,negative,0.08900184799159831
1440333627351392259,negative,0.1484692067977948
1440333629754802184,neutral,0.5872280614744636
1440333631143038985,negative,0.19081397515932483
1440333632061665285,negative,0.00034965575843798785
1440333633164693517,negative,0.003173687340811231
1440333636734050307,negative,0.0007962786588509733
1440333637010944008,negative,0.027719630483713828
1440333651242205196,negative,0.015793459841648684
1440333651649073154,negative,0.10377425710335347
1440333655063236620,negative,0.11500151720811623
1440333658309595143,negative,0.07839569446439199
1440333658427052032,neutral,0.49167303829171866
1440333658766778370,negative,0.09016866033386009
1440333660335448080,negative,0.0027134258053837304
1440333665372815367,negative,0.0006168991302564991
1440333666492698624,negative,0.07828074812792875
1440333667239219206,negative,0.005095139236736712
1440333667381891087,negative,0.01914275700211012
1440333667981611009,neutral,0.3453410035325469
1440333668560498692,neutral,0.46127768308170247
1440333669005074432,negative,2.0072634156458547e-09
1440333669189648393,negative,3.514742500497078e-06
1440333669869129731,negative,3.694434687888624e-08
1440333670317842444,neutral,0.4283562965630855
1440333671106433025,negative,0.0065465728417252594
1440333672641564690,negative,0.0006344345183727673
1440333674436694030,negative,0.13924083246349173
1440333674596089866,negative,0.22526532685473644
1440333675242033154,negative,0.012044787170883565
1440333675342663683,negative,0.05830631835449196
1440333677196570633,negative,0.000192386578657764
1440333678891048976,negative,0.265490943696957
1440333680346492929,negative,4.641044222523998e-05
1440333680359010306,negative,0.0007962786588509733
1440333682070331396,negative,4.990202561598904e-07
1440333682405826576,neutral,0.5657731966028464
1440333682565279751,negative,0.020495907373831793
1440333682959544329,negative,0.0011061175269989835
1440333684314238980,positive,0.8293198584856798
1440333687967518726,negative,0.04662544596429061
1440333689779462145,negative,0.06435517470693675
1440333690106617856,negative,8.68951664271534e-15
1440333691494879238,negative,0.13732242851685117
1440333691994005513,negative,0.0010272306823098669
1440333695877926919,negative,0.32565884406638995
1440333696968499209,negative,0.11500151720811623
1440333697350180872,negative,0.0016641173038767609
1440333699539562496,negative,5.876100750868822e-06
1440333702039425025,positive,0.7503019824092818
1440333702710497284,negative,0.005449392833044809
1440333705441005576,negative,0.036763927263729734
1440333706921607168,negative,0.009189687204422871
1440333707433234440,positive,0.7399673015517196
1440333711736672268,negative,0.04128210136015999
1440333711958962190,negative,0.00921732587382851
1440333712768466949,negative,0.0020495826038098163
1440333713611517959,negative,0.0002975789521050374
1440333714999832582,negative,0.010602117625381654
1440333717336059913,negative,0.021740389780207016
1440333718472691713,positive,0.7715170301790862
1440333724743192576,negative,7.135528614905466e-05
1440333724994863109,negative,0.22526532685473644
1440333728455147526,negative,2.5663888834255076e-05
1440333729327509511,negative,0.07393886478111271
1440333730334183435,negative,0.14763909321450158
1440333730384474118,negative,0.012256823810962963
1440333732439678979,negative,0.00015059077340966623
1440333733916131336,negative,2.3605123177568286e-08
1440333734675243010,negative,0.19351706926576842
1440333735765839873,negative,0.05152787992271353
1440333737317703686,negative,5.806431515041972e-06
1440333737711996937,negative,0.20531323139900098
1440333739733630979,negative,0.03171324436859611
1440333740228505602,negative,0.042687673965334884
1440333740278837248,neutral,0.49167303829171866
1440333740564103176,negative,9.721998966838745e-06
1440333742610923537,negative,0.220555315966666
1440333743487475719,negative,0.054941810956505265
1440333743760179210,negative,0.00023266436116063844
1440333746746511374,negative,2.978968732712932e-05
1440333746922684416,negative,0.0027923669125725
1440333747367280640,negative,0.00458270838349919
1440333747698630668,negative,0.024124434774867778
1440333747736522752,neutral,0.4303231644360148
1440333747774185473,positive,0.9960207690610394
1440333747849621509,neutral,0.5442394947937498
1440333747937710090,negative,0.03237856315954586
1440333748021735424,negative,0.009885185860845615
1440333748105621504,neutral,0.3771438196919212
1440333748264865802,negative,0.2853280637036024
1440333749896372227,negative,0.0010272306823098669
1440333750848536577,negative,0.005025691535231157
1440333751947431954,neutral,0.33402218903110614
1440333754837258252,positive,0.7541611638589277
1440333756171100173,negative,0.03278387204740231
1440333756246618112,negative,2.606974867035336e-05
1440333758557687816,negative,2.011927530674161e-10
1440333758696079361,negative,0.10261253270252965
1440333759488741379,negative,0.008164404096883363
1440333759849500682,negative,0.1592151548911961
1440333760436727823,neutral,0.47351717718883735
1440333760608681997,negative,0.2660853591020496
1440333762043150347,negative,0.00021510079622994946
1440333762441605123,neutral,0.4336244217887254
1440333763121008645,negative,0.0020371763737507564
1440333764408668177,negative,0.0010272306823098669
1440333764538765312,negative,0.12431743824944966
1440333765226631184,negative,0.21153043390589366
1440333767810248706,positive,0.9796825922187127
1440333768137461760,negative,1.2708698492980948e-07
1440333769395748873,neutral,0.5101226214277461
1440333769513127938,negative,1.9782625999503626e-06
1440333771861991439,negative,0.16305889594729991
1440333773220974599,negative,0.03409014839281189
1440333773611036680,negative,0.21782822309963426
1440333775460700162,negative,0.07842435912867445
1440333776270225412,negative,0.012044787170883565
1440333777050370053,negative,0.12474746715796575
1440333778321170441,negative,0.1480676570152016
1440333778518372353,negative,0.0440174061583079
1440333782091853832,negative,0.06043217299602261
1440333782553300999,positive,0.9844453983430719
1440333782582628360,neutral,0.49789225920557484
1440333783002071052,negative,2.1036320997144174e-06
1440333785443160077,negative,2.085850504544778e-11
1440333785698996225,negative,0.11804965753960495
1440333785891962896,negative,0.1977020121154246
1440333788043644934,negative,5.7261856201022095e-05
1440333788442071048,negative,0.015240080117386041
1440333788534300675,neutral,0.49789225920557484
1440333788899278853,negative,0.00035343659327447566
1440333789557710853,negative,0.0974214027375644
1440333789834604547,negative,3.514742500497078e-06
1440333790073659395,neutral,0.5592139993815718
1440333790123999241,negative,0.2414480477982953
1440333790606331904,negative,0.32565884406638995
1440333791294197764,neutral,0.5238781197433692
1440333792430882821,negative,0.10211162244856041
1440333792820936704,negative,2.640884628903695e-07
1440333796335767554,negative,0.026143193351998707
1440333797413691404,negative,0.0026806865268151773
1440333800290979841,negative,0.10157892791227553
1440333802581020691,positive,0.9796825922187127
1440333803117973521,negative,0.21695528071350223
1440333803348656131,neutral,0.49789225920557484
1440333808557907972,negative,0.2118707952257884
1440333811011637250,negative,0.0775400326320413
1440333818028716044,negative,0.023420501585157176
1440333831169404929,negative,0.002579325068453308
1440333834805936145,negative,6.974072005145571e-06
1440333835510575111,negative,0.23276629695797113
1440333837704122382,negative,0.04668087113850798
1440333838412967937,negative,5.5947827681157446e-08
1440333847632113673,negative,1.0270682013476782e-07
1440333852963065860,negative,5.841420542588817e-09
1440333856582692868,negative,0.2132302655178547
1440333856666619912,negative,0.032869923040908085
1440333859254517765,negative,0.0007962786588509733
1440333860445704204,negative,0.08900184799159831
1440333864145014792,negative,0.0011604453893830375
1440333868213555212,negative,0.05657490887975256
1440333881949843465,neutral,0.4459709038730395
1440333888253874196,neutral,0.6094386356184512
1440333891407998985,negative,0.261327228775021
1440333893488414728,neutral,0.6206872477481462
1440333895388434438,negative,0.0004085623610288744
1440333896357318671,negative,0.024889991582082136
1440333898190254088,negative,0.06525781025480551
1440333905152733187,negative,1.2027440729807581e-14
1440333906104913930,negative,0.005534797851762196
1440333906222346252,negative,0.28047796405251385
1440333912048242693,negative,0.001674101354385436
1440333912538898435,neutral,0.47351717718883735
1440333914719932427,negative,0.0004319772503615923
1440333915500154880,negative,0.008096277896805754
1440333919421796356,negative,0.030720758489382403
1440333919568625678,negative,0.0007962786588509733
1440333921938411536,negative,0.00023314121215879438
1440333929366441988,negative,0.005910418039004733
1440333932092805125,negative,0.2801987648778934
1440333936740036613,negative,0.0025444684327420087
1440333937323044867,negative,0.03535284986059824
1440333938950475787,negative,0.014352171088362517
1440333939038588937,negative,6.579242537569963e-05
1440333940422635528,negative,0.20601345613146085
1440333940712095750,negative,0.0009242088644774058
1440333943656513548,negative,7.333331048572366e-08
1440333944545636361,negative,0.0027134258053837304
1440333945195745284,negative,0.0031713978083590284
1440333945569038337,negative,0.17635897426746827
1440333946336677900,negative,0.010808214898938961
1440333946798047244,negative,0.12504369518740155
1440333948769370119,negative,0.2411625866384691
1440333948958113793,negative,0.000138314465346852
1440333949058752531,negative,0.05215851915862217
1440333951202054148,negative,0.009196262842054876
1440333952468721669,negative,7.785947917147305e-05
1440333953647333390,negative,0.11989822291040736
1440333953789882380,positive,0.8792553869083042
1440333954893037572,negative,0.32352899092798376
1440333954968551430,negative,0.0070750831714147654
1440333955199213580,negative,0.298405127486332
1440333956121985024,negative,0.031893814371055804
1440333956679798784,negative,0.0014161131318279133
1440333957606752260,negative,0.0006348037256217248
1440333958646878215,negative,0.015127430558916272
1440333959229894672,negative,1.5919339853625407e-05
1440333960408567821,negative,1.192230725351966e-06
1440333961159348225,negative,0.0007962786588509733
1440333963571073032,negative,0.16352019608485005
1440333963826921478,negative,0.01296974982554027
1440333965261377548,negative,0.00045645086769902543
1440333966096044037,negative,0.0012998244710347598
1440333966234374148,negative,0.024930012398431057
1440333967035490308,negative,0.0006287543779531469
1440333968482582533,negative,0.016874379496387853
1440333969128497163,neutral,0.6567552400637309
1440333969526968331,negative,0.0007545396121655859
1440333971233992714,negative,0.18042532659397675
1440333974627229697,negative,8.51878450873402e-05
1440333975440920595,negative,0.19081397515932483
1440333975499653132,neutral,0.5101226214277461
1440333975667425282,neutral,0.5341813273612817
1440333976095260681,negative,0.03535284986059824
1440333979324796943,negative,0.2901462646540831
1440333979752665090,negative,0.1953985127789525
1440333979912081419,negative,4.673188802937898e-06
1440333980084015114,negative,0.31732489718339985
1440333980901904387,negative,0.0027134258053837304
1440333982470578185,negative,0.0001015525710765854
1440333983594598411,neutral,0.49789225920557484
1440333988145491975,negative,0.011635077324456266
1440333989105975298,negative,0.19081397515932483
1440333989642784771,negative,0.08108200946370968
1440333990271995915,negative,0.07429522210644815
1440333991106596867,negative,0.15960559452264758
1440333991400251394,negative,0.0026806865268151773
1440333991710642189,negative,0.036763927263729734
1440333992171950092,negative,0.0007962786588509733
1440333993325465610,negative,0.028669516580200248
1440333994847965196,neutral,0.6408727464476993
1440333998027251715,negative,0.009196262842054876
1440333999793082377,negative,0.04810612162202492
1440334001399484422,negative,0.22526532685473644
1440334001466531845,negative,0.005203868262172934
1440334001642749958,negative,0.009196262842054876
1440334002452271113,negative,4.838534830691098e-05
1440334003635056641,negative,0.0001746018768880361
1440334003731460097,negative,0.22526532685473644
1440334005493067787,negative,0.08441948816693348
1440334006470336515,negative,1.4052274050244923e-08
1440334009909723145,negative,1.9782625999503626e-06
1440334010501136396,neutral,0.36402590706816507
1440334011314806786,negative,0.0004193143613991724
1440334013059584002,negative,0.0006287543779531469
1440334014091448321,neutral,0.47351717718883735
1440334015282565124,negative,0.07429522210644815
1440334015995662348,negative,0.0011766678418415415
1440334016687706125,negative,1.0921275864121027e-06
1440334018000527362,negative,0.07839569446439199
1440334019405627393,negative,0.005410603176618034
1440334020617793542,negative,3.5276504593516085e-05
1440334020739436544,negative,0.02545445313493427
1440334020932374538,negative,0.0014161131318279133
1440334021897035782,negative,0.0016689790824232361
1440334024614957065,negative,0.00017595375530701622
1440334025214681101,negative,5.935954276993068e-06
1440334026024177664,neutral,0.45456771664498247
1440334027462889476,neutral,0.46127768308170247
1440334028603736070,negative,0.11328161278534599
1440334029539082241,neutral,0.46127768308170247
1440334029987844101,negative,0.04812540644709704
1440334030092734469,negative,0.0026806865268151773
1440334030239535127,negative,0.03171324436859611
1440334030939963406,positive,0.6794970480724569
1440334031384547340,negative,0.00013667825036650774
1440334031699152905,positive,0.7921816214814442
1440334032475099138,negative,0.1321841761685859
1440334034823831560,negative,0.005122730526467323
1440334035234918401,negative,1.3935807603860682e-07
1440334037566984205,negative,5.912137727072381e-07
1440334038879797249,negative,1.467839218725607e-09
1440334040066711554,negative,0.11451908819443093
1440334042134573058,negative,0.0001458428731196683
1440334042671443968,negative,0.13924083246349173
1440334043296321537,negative,0.006127766269544928
1440334044558856196,positive,0.8312202079023866
1440334046127480843,positive,0.7876527402617042
1440334048795058176,negative,0.00013365385693275286
1440334050737078272,negative,5.454431157330522e-10
1440334052922331150,negative,0.00043090125974966674
1440334053081681934,negative,4.7650672665076615e-06
1440334053106860038,negative,0.2363356696800841
1440334061159870467,negative,0.0013257312054954188
1440334061847801858,neutral,0.4839188425034839
1440334062791454733,negative,0.2186366811851303
1440334065299705865,negative,0.0721819303250197
1440334069351399431,negative,0.0005835802648908588
1440334069510774791,negative,0.05798846478014331
1440334074652987393,negative,0.0007479007174085785
1440334075621822467,negative,0.010083962806084536
1440334076859146251,negative,0.032869923040908085
1440334081275793420,negative,0.05744414999141772
1440334081451986946,negative,2.3221086520463707e-07
1440334081674276869,negative,0.13292378603408783
1440334086787125253,negative,0.13376654359643442
1440334090767462402,negative,2.101467168479591e-11
1440334090952052738,negative,0.2848651811526297
1440334093447667714,neutral,0.49789225920557484
1440334095100235781,negative,0.00921732587382851
1440334096857649161,neutral,0.389087497174471
1440334100502499328,negative,0.19081397515932483
1440334101500751874,negative,0.006120431072298104
1440334102289281042,neutral,0.49789225920557484
1440334103673389058,positive,0.7715170301790862
1440334103690170384,neutral,0.5674748988285784
1440334105640464384,negative,0.007244173986111765
1440334106127077378,negative,0.003492834821983666
1440334112351391744,negative,1.2196252243826426e-05
1440334118105980938,negative,0.0032888941868366027
1440334118244343824,negative,9.31715016977037e-11
1440334121004273673,negative,0.06532643486112254
1440334122648432655,negative,0.11994132186548526
1440334123457925131,negative,0.08036463911371755
1440334126423310348,negative,4.626172724184539e-09
1440334129057333260,negative,0.00017595375530701622
1440334130755952649,negative,0.04895373550705616
1440334135810138115,negative,0.0005545768798112505
1440334142764294156,negative,0.06525781025480551
1440334150586699781,negative,2.276038795674665e-07
1440334153740783620,negative,2.037424574222317e-05
1440334154382540815,negative,0.10959463138292411
1440334155670192136,negative,0.06993634721720335
1440334157658218509,negative,0.0007962786588509733
1440334159898034176,negative,0.00020229791026431368
1440334161810579467,positive,0.8450654063618946
1440334162267832320,negative,0.0017401442541468274
1440334162540437515,negative,0.09016866033386009
1440334163379322892,negative,0.0009469196872524658
1440334163756793864,negative,2.587958325297621e-05
1440334164113252362,negative,0.012044787170883565
1440334164813762567,negative,0.002238003555191015
1440334165790969867,negative,8.813517973259211e-06
1440334166097215490,negative,0.009196262842054876
1440334171251953672,negative,0.20761694273130657
1440334172506112002,positive,0.9748598621001074
1440334173080723471,negative,0.00014004645015023442
1440334173219160066,negative,0.00014181505823223563
1440334174972375040,negative,0.18853290150606827
1440334175416963072,negative,0.04301932444387587
1440334175437877253,negative,0.029540985590475518
1440334178717868036,negative,0.00016512670763874635
1440334179066023939,negative,2.248286445342799e-06
1440334179384762375,negative,0.009196262842054876
1440334180554969091,negative,0.17859555646349493
1440334181641293827,negative,0.003222538965588384
1440334182484307968,negative,0.012044787170883565
1440334189899907080,negative,5.0235390638615605e-09
1440334195964801026,negative,3.6728732657194142e-06
1440334199844589573,negative,0.006176022072668923
1440334201149001733,negative,0.00010260926926032539
1440334207188832256,negative,0.00010260926926032539
1440334207297855503,negative,0.2363356696800841
1440334215376097294,negative,0.0007962786588509733
1440334215564849154,negative,8.398530390618429e-09
1440334220140761096,positive,0.7359223320858163
1440334224234463240,negative,0.21695528071350223
1440334224695824388,negative,4.375466776110462e-05
1440334227145256969,negative,0.15696976044418112
1440334229393473549,negative,0.0743866390050878
1440334229921931264,positive,0.9521999591810753
1440334232153325569,negative,9.392684320411262e-07
1440334233843556359,neutral,0.4956047508937433
1440334237429747720,negative,0.20761694273130657
1440334244992061440,negative,0.09760298622649946
1440334245151461395,negative,0.2342770357639914
1440334250553663494,negative,0.016200741517460385
1440334258191552522,negative,0.013508130560360085
1440334259642793987,negative,0.0025858840169539344
1440334266005557258,negative,0.03201208740642049
1440334266659848192,negative,0.0007962786588509733
1440334267548987394,negative,2.5273564209075073e-05
1440334270413754369,negative,0.05503631880595557
1440334270820597761,negative,0.13924083246349173
1440334273802690567,negative,6.886276689993998e-06
1440334279074926603,negative,3.3352170675126754e-07
1440334279548882944,negative,0.0004134707621241425
1440334283239919627,neutral,0.4127289836395786
1440334287182569484,negative,3.0535933015979587e-12
1440334287778107399,positive,0.8257773977485052
1440334289929793538,negative,0.001378737814658775
1440334301384491009,positive,0.7335115690134949
1440334303099949063,negative,0.11687533922572058
1440334303263543304,negative,0.10308893441359607
1440334305171886083,neutral,0.49789225920557484
1440334305348100113,neutral,0.49789225920557484
1440334305721348105,negative,1.565333317720297e-05
1440334308539912200,negative,0.21581183306551932
1440334309198495751,neutral,0.4072871769891059
1440334312008654851,neutral,0.3620349028511916
1440334314097369091,negative,0.05759627212984628
1440334315439607820,negative,0.00033807748680654895
1440334317545160713,negative,0.10712328096962105
1440334331184959489,negative,0.006176022072668923
1440334337417777160,negative,0.0102944333869993
1440334338797703178,negative,0.005083894437367683
1440334339867242501,negative,0.002495969236231165
1440334349988098050,neutral,0.41760660904893704
1440334357059674119,negative,0.0007962786588509733
1440334360989687809,negative,0.02545445313493427
1440334363887996935,negative,0.16195245488261242
1440334368094883853,neutral,0.4654079310426556
1440334369701326853,negative,0.007636835135408233
1440334384448434182,negative,9.645094006955475e-09
1440334387183116298,neutral,0.6484621531682223
1440334392329605125,negative,0.004695237100842426
1440334395836035075,negative,0.00031503207896650155
1440334396003815429,negative,0.23276629695797113
1440334396016394248,negative,0.017419985064233538
1440334398537093128,negative,0.007427386638252691
1440334399870963723,negative,0.07804048781972601
1440334402572095490,negative,0.07429522210644815
1440334402651766786,negative,0.005701175670082701
1440334404430155794,negative,0.22526532685473644
1440334405881319428,negative,0.005025691535231157
1440334406095233032,negative,0.04726533713900508
1440334406174998542,negative,0.0033587905885521076
1440334406414049293,negative,0.0007962786588509733
1440334406749618180,positive,0.9844453983430719
1440334407622029319,negative,0.006262593927787952
1440334407722692619,negative,0.2861552634423282
1440334412407734285,negative,7.545718200606466e-05
1440334412810309647,negative,0.0043765745462335985
1440334414152536091,negative,0.003623015942720812
1440334415851245575,neutral,0.5657731966028464
1440334416325185537,negative,0.11500151720811623
1440334416685920263,negative,0.0070750831714147654
1440334418321625106,negative,0.031810623377347136
1440334418732670989,negative,0.045709647182357475
1440334418774671360,negative,0.04642849477449512
1440334419454148619,positive,0.7388512692839858
1440334420796325890,negative,0.009196262842054876
1440334421161222146,negative,0.11575855572005671
1440334422625054732,neutral,0.33402218903110614
1440334423153512469,negative,0.007357578366045678
1440334424088801290,negative,0.036763927263729734
1440334427528175619,negative,0.20761694273130657
1440334433777688578,negative,0.15523659195770864
1440334436105535496,negative,0.0070750831714147654
1440334437334487042,negative,0.005025691535231157
1440334437829414914,negative,0.0019647981833684713
1440334437946777600,negative,0.007123592806911903
1440334438135521281,negative,0.010808214898938961
1440334441193238530,negative,0.011176170622398738
1440334441327435779,negative,0.12504369518740155
1440334441763643408,neutral,0.3499352441185855
1440334441935630340,negative,0.005025691535231157
1440334442610901003,negative,4.4963848269572764e-09
1440334442661253123,negative,0.001949545414846824
1440334443374202886,neutral,0.4249466881532493
1440334444179562496,negative,0.02767555270867449
1440334448176730118,negative,0.02767555270867449
1440334449179201539,positive,0.9995845597596971
1440334450127032325,negative,7.785947917147305e-05
1440334452538834946,negative,0.007357578366045678
1440334452782092301,negative,0.016200741517460385
1440334454518530048,negative,0.30774419587640817
1440334454707220501,positive,0.9999906996060357
1440334456825389065,neutral,0.47384692295042546
1440334457844625413,negative,0.05295387328122477
1440334457945296917,negative,0.000316185799311631
1440334457987158024,negative,0.21695528071350223
1440334458926690313,negative,0.023593667902310093
1440334459069296650,negative,0.16427597653130074
1440334459987845125,negative,0.0065465728417252594
1440334460696682503,negative,0.007953679547635734
1440334464052121607,negative,0.012044787170883565
1440334464962285577,negative,0.00010260926926032539
1440334467252428812,negative,0.00217310166757958
1440334468548464645,negative,0.009196262842054876
1440334470578524161,negative,0.09236962174431355
1440334472566636550,neutral,0.3499352441185855
1440334473610944529,negative,0.011200475872795972
1440334477633351681,negative,0.019175987651573422
1440334478287589381,negative,0.032910849576420424
1440334480334483460,neutral,0.5787935659040986
1440334480498049029,negative,0.0008569405180210235
1440334481492115461,negative,9.64694788149314e-14
1440334482049884162,negative,0.30774419587640817
1440334485132754956,negative,0.11215234743192819
1440334486269427718,negative,1.2934260845433316e-08
1440334489352171528,negative,0.04956026847406002
1440334493219393554,negative,0.22526532685473644
1440334493445808135,negative,0.1933311826096359
1440334493647179795,neutral,0.5101226214277461
1440334495006085121,negative,2.0727110888387366e-07
1440334495459143688,negative,0.005095139236736712
1440334495601725446,negative,2.0943999187262188e-05
1440334499858968579,negative,0.00029499070292703306
1440334500181860361,positive,0.7921816214814442
1440334500630712331,negative,0.00997255693066628
1440334500915912708,negative,0.3010560532603577
1440334502094524421,negative,1.392947878114249e-05
1440334502752964619,negative,0.003968876938180977
1440334503377920008,neutral,0.49789225920557484
1440334503709331456,negative,1.595311856644358e-05
1440334505173151749,negative,0.00014120901593812186
1440334505735168016,negative,0.012086906014199128
1440334508784377868,neutral,0.5413155615985075
1440334511380697088,negative,0.06595789823423918
1440334514836815884,negative,0.0018309037108687636
1440334515130437634,negative,0.0005860321746683697
1440334515478544386,negative,0.1318114865786737
1440334516103507982,negative,0.2864145558920463
1440334516212494338,negative,0.02767555270867449
1440334516996874256,negative,0.31939806687032307
1440334518083153933,neutral,0.49789225920557484
1440334518221606914,negative,0.00025046293287350475
1440334518854971392,negative,0.001703900714408458
1440334518913617931,negative,0.11154443292387338
1440334519005966343,neutral,0.6308457976466544
1440334520645926926,negative,0.00029499070292703306
1440334522642358279,negative,0.02767555270867449
1440334523028295689,negative,9.616700659451571e-05
1440334524395655183,negative,0.23276629695797113
1440334527339982850,negative,1.873780796122661e-05
1440334530376658953,negative,0.013508130560360085
1440334531752386568,negative,0.01956695281653285
1440334532834578442,negative,2.802560380171534e-10
1440334534650707969,negative,0.017717271246326178
1440334536735268875,negative,0.00020229791026431368
1440334549175582723,negative,0.02936808955381741
1440334553533407237,negative,0.31088210341413597
1440334555492204564,negative,2.256082382475386e-06
1440334555794214926,negative,1.9360129326474792e-07
1440334557585178630,negative,0.014947893326467421
1440334558558232583,negative,0.00010260926926032539
1440334564027613192,negative,0.02395469169302506
1440334570813935616,negative,0.05685865098997153
1440334570839175182,negative,0.15447880024130234
1440334570876899329,negative,0.024889991582082136
1440334574337228805,negative,0.22665832700447616
1440334575595515904,negative,0.009321403314360363
1440334577008926733,negative,0.06525781025480551
1440334584009216003,negative,0.1445976117710086
1440334585477222420,negative,0.11111851040445388
1440334594994147329,negative,0.0002711322924665403
1440334600463532032,negative,0.0011256360509625074
1440334604552990729,negative,0.11111851040445388
1440334612308262938,negative,0.06593648362368316
1440334613574942724,neutral,0.49789225920557484
1440334615147782144,negative,0.000437233176274091
1440334619996352528,negative,0.061618569961067376
1440334621976059908,negative,0.2583396599417602
1440334622605209607,neutral,0.6408727464476993
1440334623003709449,negative,0.0016529295368394512
1440334624178114574,negative,0.0013857674786254724
1440334625121783820,neutral,0.5169027500863229
1440334625264390144,negative,0.007571371262059172
1440334626669535240,neutral,0.3377521052821681
1440334629873991683,negative,0.0007049854055997746
1440334632268959746,negative,0.1466405881915189
1440334635381051401,negative,0.05348056540971866
1440334640561098754,negative,0.0028839564577620206
1440334641479643137,negative,0.014947893326467421
1440334643601940495,neutral,0.4663917579447527
1440334644402999305,negative,0.004773242381524679
1440334649868238852,negative,9.213564776141123e-12
1440334652145758215,negative,0.0012563263434106466
1440334654351966221,negative,0.0065465728417252594
1440334655866114051,negative,0.2186366811851303
1440334656235184134,negative,0.1819209013405795
1440334656524599304,negative,0.1625474198447548
1440334660349820930,negative,1.7283073120581744e-05
1440334660920172551,negative,0.04956026847406002
1440334662107238400,negative,1.9782625999503626e-06
1440334668285374464,neutral,0.49789225920557484
1440334669581455363,negative,0.0024386984480431625
1440334670097379337,negative,0.02767555270867449
1440334670298632204,negative,0.060860433682704405
1440334671309533194,negative,0.0019404526705991854
1440334674165833731,negative,0.06617619399968155
1440334674442686476,neutral,0.49167303829171866
1440334675323408388,negative,0.0020495826038098163
1440334675570872324,negative,0.15443733976365007
1440334676380422163,negative,0.0002298396277033423
1440334678884450313,negative,3.514742500497078e-06
1440334678993428483,negative,0.036288453464441664
1440334679089897477,negative,0.02767555270867449
1440334679593209862,negative,1.569308198416873e-05
1440334679823900682,negative,0.12970351654106518
1440334680671223813,negative,3.4576092022328934e-08
1440334681845604362,negative,0.026143193351998707
1440334681916862481,negative,0.22028980502426931
1440334683175198724,negative,0.0008266321450661864
1440334683233873920,negative,0.013750919803623128
1440334683506503680,negative,1.8313744123754343e-06
1440334684903198731,negative,1.0101928220690458e-12
1440334687885357063,negative,0.13292378603408783
1440334691949637634,negative,0.004961827475410116
1440334693262528520,negative,0.1592151548911961
1440334694143250437,negative,0.06239078443273523
1440334697985282067,negative,0.013780409779351195
1440334699117776904,negative,0.0030347566056843395
1440334699805626369,negative,0.10271331696940435
1440334700237651977,negative,0.18892775795285316
1440334701755920398,negative,0.007357578366045678
1440334703546884101,negative,0.01116241900725156
1440334703693762567,negative,0.02123036163884857
1440334704184496131,negative,0.0018796484687456417
1440334704482217995,negative,1.4788619440243018e-06
1440334708328468499,negative,0.265490943696957
1440334708726919170,negative,0.17829294110865151
1440334709859385350,negative,9.894127787645425e-12
1440334710413021191,positive,0.9380998420606763
1440334711423782930,positive,0.7399673015517196
1440334712178757644,neutral,0.4938013795412572
1440334715899187214,negative,0.013508130560360085
1440334716335312897,negative,0.0017317797479545144
1440334716519866368,negative,0.08443116153614347
1440334716859600902,negative,0.11754957260682243
1440334717484552194,neutral,0.5101226214277461
1440334718449246223,negative,0.0023847670913743502
1440334720265379849,negative,1.209900098377248e-05
1440334724036136962,neutral,0.38648463292877455
1440334724090646534,negative,0.009196262842054876
1440334724468129793,negative,3.3044681291094934e-05
1440334724946300939,negative,0.00801811285446551
1440334725730627584,negative,1.7308117256256314e-12
1440334725780889603,negative,0.22401067423892604
1440334727429320721,neutral,0.41760660904893704
1440334729295794181,negative,0.009196262842054876
1440334730931544075,negative,0.012180913979108428
1440334732202438665,negative,0.12471372352075354
1440334733150285835,negative,0.0668642710847093
1440334733372641296,negative,0.02767555270867449
1440334734719025160,negative,0.21834022053540708
1440334735935356933,negative,0.005025691535231157
1440334736711307276,negative,0.0014161131318279133
1440334737025875980,negative,0.00024349234389071573
1440334739857031176,neutral,0.4938013795412572
1440334740628803596,negative,0.0004901546957249363
1440334741882826754,positive,0.9455246011744152
1440334745024352267,neutral,0.3921360467111351
1440334745179541510,negative,0.02767555270867449
1440334746500800515,negative,0.07839569446439199
1440334746597220363,negative,6.974072005145571e-06
1440334747629023245,negative,0.006885561477834451
1440334748241391624,negative,0.00023252250754622614
1440334751336853507,negative,0.009196262842054876
1440334752913891333,neutral,0.3860064438430338
1440334754348511232,negative,2.007359495834101e-06
1440334754402930688,negative,2.919666754616698e-06
1440334754541236224,negative,2.5266313505307416e-05
1440334756047056911,negative,7.109613993257346e-08
1440334756126724101,neutral,0.46127768308170247
1440334756340584456,positive,0.7715170301790862
1440334757275914244,negative,0.009196262842054876
1440334758366494722,negative,0.0035445659464689206
1440334758446190596,neutral,0.46010103845823863
1440334758941126670,neutral,0.4459709038730395
1440334760920829958,negative,0.001406817761166791
1440334761516437510,negative,0.11004530489244803
1440334761596121092,negative,0.0006937130529364055
1440334761986166788,negative,1.9782625999503626e-06
1440334765756878851,negative,0.007357578366045678
1440334766058852359,negative,0.00021510079622994946
1440334767472332809,negative,0.05583092020426849
1440334771180081156,negative,0.00647149154239245
1440334774405451779,positive,0.7715170301790862
1440334775164624908,positive,0.9955878331668779
1440334775684788224,negative,0.3117211992195706
1440334776309669892,negative,3.4971574077357725e-06
1440334777882607622,negative,3.58970140946474e-05
1440334778859868160,negative,7.005665137920864e-11
1440334781145759755,negative,1.1755150079962744e-10
1440334781456125952,negative,0.0064309464821141514
1440334782202744845,negative,0.001226484070803676
1440334783070965766,negative,0.00012485073380793502
1440334783758827526,negative,0.11500151720811623
1440334785109364744,negative,0.10218700417111146
1440334785637871624,negative,0.15960559452264758
1440334787516895241,neutral,0.38556228719218816
1440334787672084486,negative,0.0013855902480984722
1440334788171231233,negative,1.492747648409725e-06
1440334793938378753,negative,0.036763927263729734
1440334795758653442,negative,0.006744417116069987
1440334796656238605,negative,0.004695237100842426
1440334798715686913,neutral,0.46127768308170247
1440334801240662021,negative,0.32401660712694225
1440334801504911373,negative,7.367462506505943e-05
1440334801941106702,negative,0.0030749040598286974
1440334802775805952,negative,0.13924083246349173
1440334804189265929,negative,0.06617619399968155
1440334805078446085,negative,0.001949545414846824
1440334805262954499,neutral,0.3757967418151958
1440334805288161282,negative,0.14327991810689328
1440334807016218631,negative,0.1592151548911961
1440334807074889728,negative,0.016580274129454
1440334807360180225,negative,0.18639520529436565
1440334810270998541,negative,3.7621915071546116e-05
1440334810300358657,neutral,0.4767707184832826
1440334810602369025,negative,2.640884628903695e-07
1440334811567046657,negative,0.00016455666925982201
1440334812368101389,negative,8.509153011919757e-05
1440334812879855621,negative,0.2186366811851303
1440334815069290502,negative,0.025435708576205987
1440334815882924047,negative,0.022517109687853164
1440334816692428816,negative,0.013780409779351195
1440334818441502730,negative,1.492747648409725e-06
1440334818747682819,negative,0.08065328907806911
1440334819653607439,negative,0.13753013832928757
1440334820647661580,negative,0.00017595375530701622
1440334820706381833,negative,0.30725793206365803
1440334821926969358,neutral,0.5212084554669985
1440334823206178821,negative,0.001949545414846824
1440334825655652361,negative,0.10261253270252965
1440334827513806862,negative,0.0014696101392775859
1440334830370127882,negative,0.009196262842054876
1440334831762624516,negative,0.04301932444387587
1440334832349827072,neutral,0.4985928500860049
1440334833587154951,negative,0.006111591995539385
1440334834149183499,negative,0.0425358779426744
1440334834476347395,negative,0.2441795324535492
1440334834501492746,neutral,0.6408727464476993
1440334836007247878,negative,0.13292378603408783
1440334836456038408,negative,0.009196262842054876
1440334839018770433,negative,0.0013257312054954188
1440334839962476560,negative,0.07540757127744639
1440334839987589120,negative,0.3020584832848258
1440334843120742408,negative,0.021892785217840275
1440334843871596555,negative,2.076928294667466e-05
1440334844890734605,negative,0.010808214898938961
1440334845347991559,negative,0.00014881163223939
1440334847239614475,negative,0.015344257510492338
1440334847621271554,negative,0.1478477427578249
1440334850095935488,negative,0.014352171088362517
1440334850611838979,negative,0.0005140508822575727
1440334852461453324,negative,0.10182792736064882
1440334852713173006,negative,0.15960559452264758
1440334856777469959,negative,0.023593667902310093
1440334857100357639,negative,3.292290609171816e-05
1440334858685878277,negative,0.13369556083901735
1440334859025608713,negative,0.0012720465177236409
1440334859084316672,negative,0.2157135630870552
1440334860418093064,negative,0.021958552926965812
1440334861219233805,positive,0.8293198584856798
1440334861537931280,neutral,0.49789225920557484
1440334862473314306,neutral,0.37356359750014606
1440334864406831104,negative,0.006713093887921621
1440334864683651075,negative,2.9809857715107103e-10
1440334864792776713,negative,9.160337652373028e-08
1440334866684387328,negative,0.06342112256631237
1440334867003174917,negative,0.021374031207144678
1440334868072697857,neutral,0.3620349028511916
1440334868529831942,negative,0.029540985590475518
1440334869570076673,negative,0.00020887895374678694
1440334870274658312,negative,0.06595789823423918
1440334870601867272,negative,0.08851113295451758
1440334872652877824,negative,0.02445667309317563
1440334873793687568,positive,0.7619175248554806
1440334874586402823,negative,8.065971160782594e-07
1440334875270078468,negative,5.624699941294882e-05
1440334875626594306,negative,3.610083906416718e-06
1440334877522477068,negative,2.943662860394175e-08
1440334877669224448,negative,0.171024955493968
1440334877753180165,negative,0.31088210341413597
1440334878415880194,positive,0.9844453983430719
1440334878587850763,negative,0.003222538965588384
1440334880307499015,negative,6.995085255442596e-05
1440334881490280461,negative,1.920222195314415e-12
1440334882169782286,negative,0.00022809697519557802
1440334882920546304,negative,0.0025858840169539344
1440334883499360258,negative,0.013750919803623128
1440334883683921928,negative,1.2994635013619354e-09
1440334887353868290,negative,0.02767555270867449
1440334888712822795,negative,0.009196262842054876
1440334889253945357,negative,9.548372739850105e-06
1440334889329434625,negative,1.9012894762016607e-07
1440334889430044680,negative,0.02010437148973572
1440334890499674114,negative,0.07628073905581889
1440334891514687494,negative,0.02123036163884857
1440334894945619978,negative,0.06825383900988781
1440334899802562563,negative,0.00037778009846458146
1440334902533099532,positive,0.7715170301790862
1440334903179055104,negative,0.23793427518356636
1440334904118497283,negative,2.1498772583920443e-07
1440334907750813696,negative,0.0018656619504463321
1440334908153421831,negative,1.7463211365335909e-06
1440334908610596870,negative,0.06043217299602261
1440334908937805830,neutral,0.47384692295042546
1440334910506430466,negative,0.029292996080039043
1440334912670748672,negative,0.001059692195544645
1440334915489263623,neutral,0.5101226214277461
1440334916412063754,negative,0.08286827996783366
1440334919704608777,negative,0.11328161278534599
1440334920233091076,negative,0.04561478006761535
1440334920446976014,negative,1.6501569381466888e-05
1440334920455319552,negative,6.579242537569963e-05
1440334922254733313,negative,2.3469933352710632e-05
1440334924565807107,negative,0.06525781025480551
1440334924653813763,negative,6.717784562636555e-05
1440334925438152713,negative,0.0020495826038098163
1440334926046367752,neutral,0.4691298594048764
1440334926943948823,negative,0.017717271246326178
1440334927560536074,negative,0.2186366811851303
1440334929389232138,neutral,0.4478889398505506
1440334931633184778,negative,0.0006532148377532582
1440334932153298949,negative,0.04295636050546059
1440334935013748746,negative,0.049492737411486874
1440334937358405632,negative,0.012044787170883565
1440334938545426445,negative,0.007724306331098944
1440334939447119873,neutral,0.4889044353725198
1440334941057794053,positive,0.7404100941972589
1440334941305200651,negative,0.09773998993101164
1440334943205224449,negative,1.8313744123754343e-06
1440334944958517250,negative,0.13924083246349173
1440334946275454986,negative,0.2718166028693884
1440334946443227137,negative,0.08926747623534534
1440334947340881927,neutral,0.4507454498615163
1440334947630206984,neutral,0.33861374222754576
1440334947944841220,neutral,0.49789225920557484
1440334948230053895,negative,0.05856298951889591
1440334948385259527,negative,1.3970575690860362e-06
1440334948662005772,negative,1.1542933277824687e-05
1440334949211521026,negative,0.0015293006096436979
1440334951438635018,negative,0.00010059812122159411
1440334952067846157,negative,0.01679741573330175
1440334952357187588,neutral,0.39158501812539603
1440334954823442448,negative,0.00020887895374678694
1440334954894815232,negative,0.02767555270867449
1440334955045785607,negative,0.0759577529685666
1440334955469422600,negative,0.0002379760231903229
1440334956132143108,negative,0.00921732587382851
1440334958627749889,positive,0.7715170301790862
1440334959022018565,negative,0.006744417116069987
1440334959768584194,negative,0.00015059077340966623
1440334960431230976,negative,0.02767555270867449
1440334965779009541,negative,9.926330249048648e-06
1440334966525612048,negative,0.10182792736064882
1440334971256729606,neutral,0.5101226214277461
1440334972296957961,negative,0.00010260926926032539
1440334972435374084,negative,0.21074633588201144
1440334973295157256,negative,0.0036772707646987937
1440334976340267012,negative,0.04295636050546059
1440334976680034308,negative,0.000138314465346852
1440334976965177356,negative,0.020073409017957677
1440334977237798912,negative,0.03535284986059824
1440334980161306629,negative,0.00678100700627232
1440334983097290757,negative,0.008142813153943875
1440334985987166208,negative,8.181074995854432e-07
1440334986540814340,negative,0.036402563063229865
1440334986884771847,neutral,0.4985928500860049
1440334988465958921,negative,0.04059888387867547
1440334994661011459,negative,0.22526532685473644
1440334994858123271,negative,0.07393886478111271
1440334996145795080,negative,0.0011766678418415415
1440335000063209480,negative,0.012044787170883565
1440335000407138306,negative,0.13924083246349173
1440335000847540234,negative,0.06043217299602261
1440335001149607941,negative,0.0008742999131110159
1440335001422229514,positive,0.9850896016048533
1440335002445565960,negative,0.23155711731684905
1440335003863306246,negative,0.31732489718339985
1440335004823797764,neutral,0.49789225920557484
1440335005964722176,negative,0.07060876686105438
1440335006019330048,negative,0.08323617797790038
1440335006073823233,negative,9.617439899628108e-08
1440335006103072772,negative,0.18795859623648656
1440335006115799040,negative,0.0005592898919047842
1440335006132486144,negative,0.011653480052965452
1440335006170157065,negative,0.0006651246918468111
1440335006207860746,negative,0.12277801912252617
1440335006266626049,negative,0.029247763980827585
1440335006325350408,negative,0.06525781025480551
1440335006417571845,negative,0.10305679978169115
1440335006572892161,negative,0.00019715852452525885
1440335006589587461,negative,0.10944714507885393
1440335006837063692,negative,0.017960304721813217
1440335006887383047,negative,0.2347196071514861
1440335007935975441,negative,0.006366922906388695
1440335008338567186,negative,0.04872944221991071
1440335010909679625,negative,0.0026806865268151773
1440335013392760841,negative,0.0046015136038655554
1440335013627580425,negative,0.0020695338861571708
1440335015108235280,negative,0.3117211992195706
1440335015586369538,neutral,0.6308457976466544
1440335015963856904,negative,0.06970369948246848
1440335016454549504,negative,0.2363356696800841
1440335018128068617,neutral,0.5981496598590104
1440335018602090498,positive,0.9572984435637251
1440335019214393348,negative,0.10182792736064882
1440335019436691460,neutral,0.3569173647383703
1440335019877171203,positive,0.6978144254379135
1440335022439878677,negative,0.05265608636561549
1440335024255995905,neutral,0.49789225920557484
1440335024977444869,negative,2.757545065748769e-05
1440335029960273923,negative,0.06043217299602261
1440335031482781707,neutral,0.45456771664498247
1440335031986049035,negative,0.026143193351998707
1440335032527167500,negative,0.18539440417903227
1440335032590094353,negative,5.012537287361107e-07
1440335032686563336,negative,0.31939806687032307
1440335032954982400,negative,0.04243919548846742
1440335033223450631,negative,0.00012485073380793502
1440335033231831043,negative,0.028960196368143246
1440335034469158919,negative,0.04082940901002408
1440335036155240456,negative,0.0008404465045061041
1440335036234887174,neutral,0.49789225920557484
1440335036314619913,negative,0.2794653930830212
1440335038344617995,negative,0.11045692546583236
1440335039053500418,negative,0.005025691535231157
1440335039640702993,negative,0.005450295948573263
1440335039976275970,negative,0.18539440417903227
1440335042220199938,negative,0.012007858256741506
1440335043742756864,positive,0.9796825922187127
1440335043872710656,negative,4.436425865139974e-05
1440335044720009237,negative,0.09051148889363643
1440335044988452881,negative,0.024254996146385856
1440335045361766412,neutral,0.523213871877802
1440335045885980672,negative,0.10182792736064882
1440335046980759554,negative,0.00013156871550485465
1440335050235465728,negative,0.27193517642197523
1440335050394910721,negative,0.010798070864671768
1440335051326058502,negative,0.02140478076917377
1440335051468599298,negative,3.695592799306462e-05
1440335051846156298,negative,0.009196262842054876
1440335052282359826,negative,0.012991134316926563
1440335053284798470,negative,3.1698449028882463e-05
1440335054618591237,negative,0.010808214898938961
1440335055897829392,negative,0.00026248644300035063
1440335058766741510,negative,8.326158824542e-06
1440335059651751945,negative,0.1282171339745165
1440335060855508997,negative,0.013750919803623128
1440335060868075529,negative,0.08893984406483758
1440335061501448202,negative,3.789120531041792e-06
1440335061757292553,negative,0.0023033415591433098
1440335062449287173,negative,0.12737612117360828
1440335063262982148,negative,0.032457505740043205
1440335063871225865,negative,0.04295636050546059
1440335065532092425,positive,0.7715170301790862
1440335069806153734,negative,0.09773998993101164
1440335070573719560,negative,0.18920942336772928
1440335074696695815,negative,0.03043029529167447
1440335077200719875,negative,0.09357155103418427
1440335077758492685,negative,0.04295636050546059
1440335079213985792,negative,0.004195813040454747
1440335079348211713,negative,0.029400370639505822
1440335079755059200,negative,0.061223285421032315
1440335080291897350,negative,6.164676931399952e-12
1440335080614871041,positive,0.8293198584856798
1440335081059483649,negative,7.545718200606466e-05
1440335083135660038,negative,0.00310184315185567
1440335087942307842,negative,0.11826780192895754
1440335091830382598,negative,0.04295636050546059
1440335092128239626,neutral,0.48728019602140255
1440335092841213960,negative,4.0713610680249345e-08
1440335093579411471,negative,0.07478267156395685
1440335095638810626,negative,0.012007858256741506
1440335096691650561,negative,0.07839569446439199
1440335096850960394,negative,2.363710785418868e-16
1440335099740835857,positive,0.9844453983430719
1440335100508467212,negative,0.003188681605747088
1440335102056144908,negative,0.015818863304765816
1440335103352139780,negative,0.009196262842054876
1440335103566123024,negative,0.13315396267752508
1440335104245522434,negative,7.367462506505943e-05
1440335105730383874,negative,0.0002514903713064722
1440335107882041358,positive,0.781226162429989
1440335108494430221,negative,0.21074633588201144
1440335111644332041,negative,0.04295636050546059
1440335112579665934,negative,0.04295636050546059
1440335114567782414,neutral,0.49789225920557484
1440335115729584133,negative,0.006368625353485482
1440335120318099473,negative,0.10182792736064882
1440335123782594564,negative,0.038670689536248574
1440335127863709710,negative,0.00010260926926032539
1440335134973038596,negative,0.2186366811851303
1440335138735333398,negative,2.802560380171534e-10
1440335140131983360,negative,0.0038932412569813325
1440335144917757957,negative,0.32565884406638995
1440335148554207242,negative,0.0027134258053837304
1440335149611188228,negative,2.8691917528785388e-05
1440335150861074443,negative,7.32322053103887e-18
1440335152249409548,negative,2.848004919124422e-12
1440335157550981132,negative,2.8691917528785388e-05
1440335162479296512,negative,0.008581449201883511
1440335163850854418,negative,0.10182792736064882
1440335168825278470,negative,0.031721653849989304
1440335170343636995,negative,2.6510116624316502e-05
1440335171270569997,negative,0.24014122376537336
1440335175741702151,negative,0.2043284167256321
1440335176454709251,negative,0.19081397515932483
1440335185564749830,positive,0.8293198584856798
1440335189037629440,negative,0.2422681599774224
1440335193609420806,positive,0.8869474622334889
1440335197883416589,negative,0.20761694273130657
1440335206720753668,negative,0.252688647894693
1440335209681985546,negative,0.2186366811851303
1440335214446727176,negative,0.0002342014547127585
1440335214698385412,negative,0.025000379253520114
1440335221300162561,negative,0.10182792736064882
1440335225620336642,negative,8.241596847015754e-06
1440335227893678086,negative,0.0042419176782431955
1440335227960717319,neutral,0.49789225920557484
1440335236408086535,positive,0.8293198584856798
1440335238870171656,negative,0.03290740194189759
1440335239058919430,negative,0.21074633588201144
1440335243496464390,negative,0.0007962786588509733
1440335245451030535,negative,0.021002837887678295
1440335246151458819,neutral,0.5823330593361561
1440335246864498696,neutral,0.49789225920557484
1440335248487632897,negative,0.047147933097978774
1440335248512806917,negative,0.0249903612376671
1440335248613543952,negative,2.0216204435166134e-08
1440335252874928130,negative,4.548134591755222e-05
1440335254997274624,negative,0.04295636050546059
1440335255378952213,negative,0.10480039002548193
1440335256033239040,negative,0.00968198376377412
1440335256662331395,negative,0.036763927263729734
1440335257601929226,negative,0.0005753984159923951
1440335257811787776,negative,0.039184150600449864
1440335260223348744,negative,0.02251412474930428
1440335260374364164,negative,0.005025691535231157
1440335262031093775,neutral,0.49789225920557484
1440335263004196879,negative,0.001949545414846824
1440335263046139925,negative,0.31088210341413597
1440335263654297607,negative,0.04295636050546059
1440335264367316992,negative,0.2961578083689737
1440335264782577665,negative,0.04295636050546059
1440335266015678464,negative,0.27079333615756745
1440335266841956364,negative,2.3541153364625015e-10
1440335267097821205,negative,0.00080483365706332
1440335269308239882,negative,0.036402563063229865
1440335270600065038,negative,0.011340726210016423
1440335270897852420,negative,0.0021431782549201192
1440335270935621635,positive,0.9844453983430719
1440335271552163844,neutral,0.5393526757761705
1440335271585738761,negative,0.10010332145625041
1440335271753502723,negative,7.785947917147305e-05
1440335272231649283,negative,0.00020887895374678694
1440335273393414146,negative,0.16050988433532043
1440335273661845509,negative,0.0011828668920168108
1440335274223931397,negative,0.22526532685473644
1440335275012464645,negative,0.004037075810812802
1440335276107177993,negative,0.0032638071619632172
1440335276153339904,negative,0.08893984406483758
1440335276899921926,negative,0.010626918907318601
1440335278497955847,negative,0.009196262842054876
1440335278686683148,negative,0.015818863304765816
1440335281211641856,negative,0.1206212903803598
1440335282864148489,negative,0.2043284167256321
1440335282876813315,negative,7.367462506505943e-05
1440335283132645376,negative,1.569308198416873e-05
1440335286068670471,negative,0.0001746018768880361
1440335286370660352,negative,0.009196262842054876
1440335287578611720,neutral,0.47384692295042546
1440335287884791817,negative,0.012044787170883565
1440335290116153347,negative,0.005025691535231157
1440335290657247233,negative,0.06043217299602261
1440335291139563527,negative,0.010808214898938961
1440335291827380229,negative,0.0003702698154064985
1440335292196552706,negative,0.0773273731592946
1440335293425455111,negative,0.05542102121512011
1440335297108078607,neutral,0.5230271910277728
1440335297447796737,negative,0.013750919803623128
1440335302040555525,negative,0.03399147175444154
1440335304108306432,negative,2.757545065748769e-05
1440335304565530627,negative,3.58970140946474e-05
1440335304930430979,negative,0.2681725465258167
1440335305291153425,negative,0.0001943382146882422
1440335306666889220,negative,0.013780409779351195
1440335307270807557,negative,0.15053352091262034
1440335308231360512,negative,0.07429522210644815
1440335310236241924,negative,0.30774419587640817
1440335310273925128,negative,0.03742619785901979
1440335312316551169,negative,0.0047167444856219785
1440335314979999769,negative,0.0023613810956031873
1440335317165244419,negative,0.12471372352075354
1440335317437849614,negative,0.014352171088362517
1440335318083796992,negative,0.02767555270867449
1440335320566800393,negative,0.04295636050546059
1440335320642326537,negative,0.026143193351998707
1440335322101866511,negative,0.1631925605448014
1440335322118688770,negative,0.03266652460990894
1440335322202591236,negative,0.0450885397343542
1440335323569930240,negative,0.02338721423564005
1440335324828209162,positive,0.9995845597596971
1440335329714585610,negative,2.7147859609145715e-12
1440335331602026496,negative,0.04295636050546059
1440335332340236291,negative,0.00034561317153005496
1440335332851924998,negative,0.009196262842054876
1440335333883666434,negative,0.31318600806203717
1440335335649513485,negative,0.2660853591020496
1440335336152834048,negative,0.19351706926576842
1440335337159475219,negative,0.004862825949078351
1440335337474060290,negative,9.190179024977015e-10
1440335337620840455,negative,0.052663160174085344
1440335338329702407,negative,0.024601267775744576
1440335338493202437,negative,4.529434052929844e-09
1440335340691025931,negative,0.0003347893290611255
1440335342880526342,negative,0.2186366811851303
1440335343044104214,negative,0.13924083246349173
1440335343312465935,negative,1.4255716736502997e-10
1440335344449163273,negative,0.23425155779765716
1440335345455796227,negative,0.006727824747339695
1440335346193944589,negative,0.008869716410750812
1440335346961563658,negative,0.009196262842054876
1440335348647686157,negative,0.0020495826038098163
1440335349033492495,negative,0.012462458561433671
1440335349180338182,negative,0.02445667309317563
1440335349457186840,negative,0.10164753658819588
1440335350581194754,negative,0.32565884406638995
1440335350593777671,negative,9.407673771481014e-06
1440335351839539209,negative,0.04295636050546059
1440335352489603076,negative,0.00013544761705304152
1440335353051680769,negative,0.04295636050546059
1440335354909708291,negative,0.0007962786588509733
1440335355966672901,neutral,0.38166417882863146
1440335357615042569,negative,0.04295636050546059
1440335360928612356,negative,0.04295636050546059
1440335363969478670,negative,0.04956026847406002
1440335364133048329,negative,0.04295636050546059
1440335366532132875,negative,0.0017084682881014575
1440335370252550158,negative,0.0004134707621241425
1440335374744580096,neutral,0.42447457193172483
1440335382793519107,neutral,0.49789225920557484
1440335384559251465,negative,0.00997255693066628
1440335385649762311,negative,0.24398335672085858
1440335389516988424,neutral,0.37671525749316254
1440335390934650890,negative,0.024889991582082136
1440335397314195462,negative,0.006063495389873681
1440335403693735954,neutral,0.49789225920557484
1440335405916647430,negative,0.05345494129749136
1440335414888321029,negative,0.013508130560360085
1440335417706835976,negative,0.012953469808561813
1440335424182898693,positive,0.693697982763367
1440335424413528067,negative,0.0010564342110594926
1440335436191191050,negative,0.000139790530138103
1440335437411745801,negative,0.00017595375530701622
1440335438288351233,positive,0.9216206473618657
1440335443833151497,negative,3.58970140946474e-05
1440335449877147659,neutral,0.3850748772223694
1440335452863545349,negative,0.001541305425626402
1440335455212302337,negative,0.09337984980944268
1440335460442595338,negative,0.01991156689472287
1440335461088575508,negative,0.04133013822462378
1440335467354886165,negative,2.8599297143821422e-06
1440335467505799182,neutral,0.49789225920557484
1440335470135676938,negative,0.07387732721957979
1440335472308281351,negative,5.578988111684099e-06
1440335478461382664,negative,0.11004530489244803
1440335480051011595,positive,0.6947994382299444
1440335484358512645,negative,0.21192963163523793
1440335485197373446,negative,0.1050017726873426
1440335487030358038,negative,0.10777905610261564
1440335488494157831,negative,0.0007962786588509733
1440335489060327431,positive,0.7715170301790862
1440335492902387725,negative,0.0024408692101979936
1440335492998828041,negative,4.529434052929844e-09
1440335495251169282,negative,0.1592151548911961
1440335500976418816,negative,0.00020887895374678694
1440335501412556803,neutral,0.49789225920557484
1440335501441986571,neutral,0.39148555583824224
1440335504675794944,neutral,0.47351717718883735
1440335506651320322,neutral,0.39564341053141566
1440335509293879296,negative,0.01622415392164872
1440335510694629388,negative,0.0516493109527397
1440335519313846280,neutral,0.49789225920557484
1440335519582281736,negative,0.21192963163523793
1440335519884320784,neutral,0.49789225920557484
1440335520639250436,neutral,0.40513014254369006
1440335523319406595,negative,1.9782625999503626e-06
1440335524800073732,negative,0.15175671462557233
1440335534736359441,neutral,0.3928074579172114
1440335536653160453,negative,0.00017595375530701622
1440335536955166729,negative,0.24627553393029947
1440335540595789834,negative,0.07387732721957979
1440335542013419533,negative,0.23276629695797113
1440335548464308232,positive,0.7564131092240273
1440335549127004169,negative,0.22145439309676007
1440335551970742280,neutral,0.49789225920557484
1440335554697039878,negative,0.05856298951889591
1440335563509284883,negative,0.31088210341413597
1440335565614772228,negative,0.03558459633606904
1440335566504017926,negative,4.529434052929844e-09
1440335569381302278,negative,0.001801134643307027
1440335569431580674,negative,0.13292378603408783
1440335573789462531,negative,0.008105825673042138
1440335582421393414,negative,0.04698453626467113
1440335586783469570,negative,0.008992258060523176
1440335586984742920,neutral,0.49789225920557484
1440335589417492489,negative,1.2815731427658273e-07
1440335590436663303,negative,0.004729893075738402
1440335590461829130,neutral,0.46127768308170247
1440335590927441924,neutral,0.49789225920557484
1440335597063659523,negative,0.0038932412569813325
1440335597667635212,negative,0.0007575144203570685
1440335598485528591,negative,0.04295636050546059
1440335599987167235,positive,0.7941348711452255
1440335600435953669,neutral,0.5101226214277461
1440335601270607875,negative,0.032735970058262134
1440335603887788041,positive,0.78291140448387
1440335605955661836,negative,0.0002298396277033423
1440335606316339206,negative,0.021002289868514417
1440335606639333378,negative,0.1661566806753416
1440335607994073097,negative,0.009070646513515907
1440335608795123732,negative,0.006004444191672834
1440335611882139662,negative,0.1316023557771571
1440335612125405190,negative,0.016874379496387853
1440335613039812612,negative,0.0018025721971191534
1440335613689950218,negative,4.838534830691098e-05
1440335614067417097,negative,0.22493346794813412
1440335614587510785,negative,0.006176022072668923
1440335618395938820,negative,0.013271997211771096
1440335621868847111,negative,1.4206606313867131e-10
1440335622820880387,negative,3.58970140946474e-05
1440335635617697796,negative,0.006248738922124314
1440335636280397834,negative,3.1550656966708236e-05
1440335636938981402,negative,0.006744417116069987
1440335638356631555,negative,0.0019982198679386293
1440335638520209427,negative,0.017128721214550884
1440335639665266698,neutral,0.6408727464476993
1440335641716264965,neutral,0.3385252644667176
1440335643616309253,negative,2.206673741187656e-05
1440335644320956427,negative,4.823641962468908e-05
1440335644933300228,negative,0.1592151548911961
1440335648515182607,negative,1.7034604561739717e-08
1440335649224073234,negative,0.00010260926926032539
1440335649492463616,negative,2.206673741187656e-05
1440335654152388618,negative,0.01980195691495426
1440335664822702086,negative,8.599781074284234e-09
1440335667741872134,negative,0.036822256960337835
1440335668295602178,negative,2.8689760602912825e-07
1440335677824983044,neutral,0.41730461103984307
1440335680647823373,negative,0.05265608636561549
1440335687664893958,negative,8.742159944604331e-06
1440335689388748800,negative,0.0005105974916973825
1440335694170263561,negative,0.21074633588201144
1440335694640021507,negative,0.06525781025480551
1440335700272893952,neutral,0.4985928500860049
1440335705297670145,negative,0.0007962786588509733
1440335707113857028,negative,0.036402563063229865
1440335707776569350,negative,0.031738751870841846
1440335709076746247,positive,0.8869474622334889
1440335713128517637,negative,0.006744417116069987
1440335722288799746,negative,0.0003489549823567491
1440335724235026440,negative,0.16427597653130074
1440335725782712334,neutral,0.42032085880662357
1440335726378242053,negative,0.17353468753524082
1440335728928382985,negative,0.014414626991945288
1440335729683419138,positive,0.7453600050313312
1440335731587645443,negative,0.004363181372971156
1440335732271300618,negative,0.009196262842054876
1440335734347481097,negative,0.017255478670385356
1440335736041971712,negative,0.018457696432193388
1440335736629202945,negative,0.004731570354469104
1440335737367396360,negative,0.036822256960337835
1440335737828765702,negative,0.003993074872347735
1440335739925852164,negative,0.2561316585591274
1440335740534091777,negative,0.30915595225299347
1440335742438285318,positive,0.939503580058176
1440335742861905932,negative,0.02123036163884857
1440335744438980613,negative,0.17137162429129033
1440335744837382158,negative,0.013508130560360085
1440335745089036288,negative,0.14202506850175128
1440335745265246208,negative,0.0006186203697103904
1440335748138295302,neutral,0.49789225920557484
1440335748880760833,negative,7.545718200606466e-05
1440335750092890119,negative,0.1396167769683059
1440335751162449922,negative,0.1931465947732357
1440335751191822352,negative,0.0005089554037352658
1440335751376367619,negative,0.0026806865268151773
1440335751779020817,negative,0.003763876182308034
1440335754413047813,neutral,0.49789225920557484
1440335754434002950,negative,0.00020229791026431368
1440335754794713091,negative,0.04301932444387587
1440335754966700047,negative,0.0005753984159923951
1440335756774412291,negative,0.05895666546048837
1440335757713940489,negative,0.013750919803623128
1440335759823699979,negative,0.05815278613236232
1440335760033345550,negative,0.004961827475410116
1440335761874644997,negative,0.0001690610851560409
1440335762734551049,negative,0.19351706926576842
1440335763695042569,negative,0.29028733375512683
1440335763900567560,negative,0.023420501585157176
1440335767230844936,negative,0.0025286732006203545
1440335768724017165,negative,0.010808214898938961
1440335772960256002,negative,0.2186366811851303
1440335773262180354,negative,0.08851113295451758
1440335774155567117,negative,0.01689429909451594
1440335774407266314,negative,0.263629037090932
1440335774445015045,negative,0.13924083246349173
1440335776802168844,negative,0.041686985798113835
1440335779683725321,negative,0.009104202609055544
1440335782259019780,negative,0.0006287543779531469
1440335783580160007,negative,2.0583443263134864e-06
1440335783630540807,neutral,0.5169191973525927
1440335783789883399,positive,0.8270039564714021
1440335784297447440,negative,0.07744827062403761
1440335784918192137,negative,0.10182792736064882
1440335785467658245,negative,0.000757514653329531
1440335786549776388,negative,0.002015974998698938
1440335789729017866,negative,0.10218700417111146
1440335792610562048,negative,0.018524636154862325
1440335794904784912,negative,0.00023266436116063844
1440335795093598209,negative,0.015767988791122057
1440335795659816960,negative,0.14159587445459024
1440335796574187527,negative,0.0013554329677465493
1440335798008565771,negative,0.22493346794813412
1440335798948093964,negative,0.10218700417111146
1440335799342354435,negative,3.4639628141810975e-06
1440335800990765058,neutral,0.4110934487127758
1440335801095626752,negative,0.25472943918112745
1440335802538422274,negative,0.0037496564002654086
1440335804350353414,positive,0.9561240911815393
1440335805667442693,neutral,0.49789225920557484
1440335806418210832,negative,0.000958929466864902
1440335809010307077,negative,0.004576614341975399
1440335809949831173,negative,0.05999311640156169
1440335810239160325,negative,0.14439631432748823
1440335811686256644,negative,0.004195813040454747
1440335812210532365,negative,0.0006390717959345824
1440335812994813959,negative,1.386609039304368e-07
1440335813003251719,negative,0.2186366811851303
1440335815146491914,negative,0.009432144606628215
1440335815435960326,negative,9.636759139782564e-06
1440335817570877445,neutral,0.49167303829171866
1440335817625403398,negative,0.000244175698502764
1440335818053218304,neutral,0.5130605840822943
1440335819839922181,negative,0.32565884406638995
1440335820481646598,negative,7.412061951088311e-06
1440335821765156881,negative,0.0023613810956031873
1440335821840678916,negative,0.0003921929129982595
1440335823270907911,neutral,0.45859554044986467
1440335823753256967,negative,0.04810612162202492
1440335824663445511,negative,0.13924083246349173
1440335824873148423,negative,0.013750919803623128
1440335825288400896,negative,0.06525781025480551
1440335825296785412,negative,0.02767555270867449
1440335825963683844,negative,3.1550656966708236e-05
1440335827691737089,negative,0.22526532685473644
1440335828207562753,negative,0.0007668330995149547
1440335830367698944,neutral,0.3620349028511916
1440335830405369864,neutral,0.3589884083564037
1440335831357538313,negative,0.1249292339877032
1440335833706352645,negative,6.941981548450683e-05
1440335834176098304,negative,0.0037886547798188443
1440335835266572299,negative,0.0007962786588509733
1440335835845390343,negative,0.30725793206365803
1440335840383623182,negative,0.0021587932475669596
1440335844280188938,negative,0.017128721214550884
1440335845035163667,negative,0.19081397515932483
1440335845441953799,negative,0.013508130560360085
1440335846557638666,negative,0.0019836129497892182
1440335851070771201,neutral,0.4985928500860049
1440335853016866821,neutral,0.49789225920557484
1440335862516965379,negative,0.3049050306238084
1440335866103152644,positive,0.7136241972611674
1440335867793477635,negative,0.07547519314451012
1440335871060811782,negative,0.0002615522802323733
1440335871484456971,negative,0.025435708576205987
1440335873447383040,negative,0.2609122610031921
1440335879814348800,negative,0.013409269414842068
1440335882515484689,negative,3.1550656966708236e-05
1440335886831394830,negative,0.015767988791122057
1440335887812808705,negative,0.05468062030695855
1440335890711134219,negative,0.0001746018768880361
1440335893991092226,negative,0.017128721214550884
1440335897816227851,negative,0.0007486443261089218
1440335898340564994,negative,0.06525781025480551
1440335899485609986,negative,0.005203868262172934
1440335907635167232,negative,0.017128721214550884
1440335907995861011,negative,0.0686875738287797
1440335910793453575,negative,0.0608541351606341
1440335910881529858,negative,0.01911400746238102
1440335912756412416,negative,0.006098305756444144
1440335916308914184,negative,0.0608541351606341
1440335918196424721,negative,0.0026806865268151773
1440335925452566539,negative,8.85007213301449e-06
1440335932004069387,negative,0.19081397515932483
1440335935682461709,negative,0.00014069400271598124
1440335936638783494,negative,0.2583396599417602
1440335943152529419,positive,0.7715170301790862
1440335943831932934,negative,0.0036335997924700787
1440335945329348615,negative,0.017128721214550884
1440335948122705922,negative,0.015767988791122057
1440335949309702146,negative,0.02545445313493427
1440335949322358787,negative,0.00028472963187905223
1440335950320586752,negative,1.9782625999503626e-06
1440335951469809669,negative,3.9014558766908946e-06
1440335952472272901,negative,0.00043749711980254805
1440335952816193540,negative,0.05830631835449196
1440335953453674498,negative,0.0003671248915185833
1440335973628276738,negative,0.15255509992717525
1440335974349742092,negative,0.0002062158908394983
1440335977084448782,positive,0.9100927440146639
1440335980544753670,neutral,0.49789225920557484
1440335982469939219,negative,0.0044376574757416945
1440335983736549387,negative,0.005437510116279327
1440335983879229442,negative,0.20671574821560892
1440335985183576071,negative,0.10558443190557863
1440335985674371075,negative,0.1828927015525582
1440335986102128652,negative,0.07921728764340694
1440335986756448266,negative,0.12016942960528036
1440335987213684738,negative,1.1494114563174895e-13
1440335987553431552,negative,0.0006457524841730733
1440335988136419332,negative,0.04295636050546059
1440335989868613642,positive,0.9970850684026445
1440335992603381766,negative,0.13292378603408783
1440335992687194116,negative,0.191394694647291
1440335993412849664,negative,0.0009625528054203715
1440335994696306697,negative,0.07429522210644815
1440335997372227598,negative,0.10218700417111146
1440335998890565639,negative,0.3049050306238084
1440336000014684169,negative,6.658135305242501e-06
1440336002728427529,neutral,0.5101226214277461
1440336003206500363,negative,3.571391597226545e-05
1440336007564382213,positive,0.7289566903102204
1440336012773785613,negative,0.015919527444345615
1440336012887035908,negative,0.004217860748751824
1440336014669598728,negative,0.09998588232208765
1440336015667843074,negative,0.01071439381898005
1440336016791932935,negative,0.0004937486686738486
1440336017534320653,negative,0.08893984406483758
1440336018289270795,negative,0.0009755135698733962
1440336019035881485,negative,0.007914008711747111
1440336019631448081,negative,1.4797053694569796e-05
1440336019954405383,positive,0.8796369451105279
1440336020226985986,negative,2.0970805987177756e-06
1440336021917290510,negative,0.04295636050546059
1440336022731034632,negative,3.273599863997245e-06
1440336023389499411,negative,0.006744417116069987
1440336024652054528,negative,0.0013229500594619213
1440336026011009037,negative,0.00015059077340966623
1440336027214696453,negative,6.906780898321922e-06
1440336028502409224,negative,0.006744417116069987
1440336028531785734,positive,0.755661549638048
1440336029827829762,negative,6.579242537569963e-05
1440336031169990657,negative,3.1147891974796106e-05
1440336034336624655,negative,0.1805674632900489
1440336036538634252,negative,0.020994130682686313
1440336036614139910,negative,0.11500151720811623
1440336037146869765,negative,0.0002304494130678849
1440336038258307073,negative,1.9866466780043106e-12
1440336038635786240,negative,0.07781732783738823
1440336039868993546,negative,0.0002298396277033423
1440336040032538642,negative,0.2609122610031921
1440336040598773766,negative,0.017128721214550884
1440336042020667397,negative,0.08652247075323628
1440336043060785163,neutral,0.43176468244422983
1440336047699742723,negative,0.0065465728417252594
1440336048630874132,negative,0.06043217299602261
1440336052883886095,negative,0.2527519651762901
1440336053483700224,negative,0.036402563063229865
1440336056029626380,neutral,0.49789225920557484
1440336056260333572,negative,2.6348759309259117e-08
1440336056855846920,negative,0.0011256360509625074
1440336057191460870,negative,0.18333428132215154
1440336057388519427,negative,0.0044376574757416945
1440336058349019144,negative,0.1631925605448014
1440336059229900810,negative,0.31732489718339985
1440336060559491081,negative,0.006744417116069987
1440336060693708805,negative,0.005095139236736712
1440336062291738640,negative,0.030385284313067727
1440336065659748358,negative,0.004961827475410116
1440336066813128704,negative,0.23276629695797113
1440336066901205003,positive,0.7715170301790862
1440336068344041475,negative,0.0002298396277033423
1440336069568843786,negative,0.10182792736064882
1440336069715652608,negative,0.0026806865268151773
1440336070596456465,negative,0.017128721214550884
1440336071309488130,negative,0.01848208992470497
1440336071607287819,negative,0.007463921981553698
1440336072043495444,neutral,0.4373255837432663
1440336073977053188,neutral,0.39439463283712184
1440336075042353166,negative,0.020664248369683558
1440336075822546949,negative,0.0002219814499128565
1440336076468482053,negative,3.418713437056495e-07
1440336076694949897,negative,2.81719972659391e-06
1440336077852581897,negative,0.31344808358987025
1440336078259437577,negative,0.011191402078606756
1440336078997655559,negative,0.052938807690618185
1440336080998309890,negative,0.2715220889220143
1440336081333878793,negative,0.0009553521121555682
1440336082114019333,neutral,0.5614152023143125
1440336083972096004,negative,1.2597682952669183e-05
1440336084513083393,positive,0.7715170301790862
1440336085096157196,negative,0.04295636050546059
1440336085410725900,negative,0.01962923834084448
1440336086245392393,negative,0.16297892143105186
1440336086450851849,negative,0.06595789823423918
1440336086748655627,negative,1.569308198416873e-05
1440336087268794390,negative,0.07429522210644815
1440336087835025408,negative,0.2985914335660466
1440336089336598530,negative,0.13924083246349173
1440336089735065601,neutral,0.48623803045231345
1440336092985643009,negative,0.008353435352620531
1440336093124055058,negative,0.001663834706513871
1440336093195370500,negative,1.9294896464353404e-07
1440336093375647758,negative,0.2186366811851303
1440336093690281994,negative,7.957431803823732e-06
1440336097431621644,negative,9.144727710273144e-11
1440336098266206227,negative,0.003623015942720812
1440336099394523146,negative,0.06722417321767755
1440336100891914249,negative,0.0008727960657917153
1440336102536081420,negative,0.21695528071350223
1440336102628347918,negative,0.03209022979379884
1440336105019084822,neutral,0.5651703174880546
1440336106046701576,negative,0.0008490147138420591
1440336109737693184,negative,0.16427597653130074
1440336110748532740,negative,0.23276629695797113
1440336111432134658,positive,0.8293198584856798
1440336111583170561,negative,0.19081397515932483
1440336112031989760,negative,2.802560380171534e-10
1440336112161943559,negative,0.0007668330995149547
1440336113336422401,negative,0.0016918753621103949
1440336115458736140,negative,0.003828680956351291
1440336116842852367,positive,0.9511463142126039
1440336123062935557,negative,0.00023266436116063844
1440336123620835339,negative,0.06981262057250083
1440336129631264772,negative,0.042433310789629364
1440336130130386945,positive,0.696018614245549
1440336133779439625,neutral,0.49789225920557484
1440336134622498820,negative,0.0004193143613991724
1440336137235562498,negative,0.05069606425484634
1440336142335823885,negative,0.10736469413697107
1440336146387529737,negative,0.07085941793535155
1440336155182915590,neutral,0.4528818893070249
1440336156701249536,negative,0.0036335997924700787
1440336159255646216,negative,0.015230671847015695
1440336160618778645,negative,0.011191402078606756
1440336161143066635,negative,0.10777905610261564
1440336163567407123,negative,0.013750919803623128
1440336165798776840,negative,0.13070397544018247
1440336166780235785,negative,0.0007962786588509733
1440336169724563463,negative,0.00010260926926032539
1440336172169846793,negative,0.0038932412569813325
1440336172597739528,negative,0.0016918753621103949
1440336174522851332,neutral,0.39439463283712184
1440336180722102273,negative,0.0016918753621103949
1440336185813979140,neutral,0.35509496682161057
1440336187437170691,negative,0.2683997110052617
1440336190167683079,negative,0.0024386984480431625
1440336191102980096,positive,0.7715170301790862
1440336191337885707,negative,5.497543897343124e-05
1440336195188264962,neutral,0.4755805069918675
1440336199013449730,negative,0.0017111826849741045
1440336199588073486,neutral,0.48439634580644964
1440336202972889090,negative,0.03750512774756221
1440336206412148736,negative,0.01255335536729097
1440336206705790987,negative,0.006744417116069987
1440336209352400897,negative,6.157448032450798e-07
1440336211256569856,negative,0.0014161131318279133
1440336216226820097,negative,0.1625474198447548
1440336216579133446,negative,0.058081064250853374
1440336218470838277,negative,0.016886273960551586
1440336220194684934,negative,0.028658928207542705
1440336220488273923,negative,0.06730520826713511
1440336224980377604,negative,0.059680697307544515
1440336225362059272,neutral,0.49789225920557484
1440336227962535943,negative,1.9782625999503626e-06
1440336230869180416,negative,0.0007819564696747312
1440336233096310793,negative,0.036822256960337835
1440336235529003010,negative,0.036402563063229865
1440336237911441410,negative,0.0147377394156429
1440336246446821392,negative,0.21663218523124433
1440336247348551691,neutral,0.49789225920557484
1440336252046217220,neutral,0.5651703174880546
1440336253216428037,negative,0.06671919427617223
1440336254445371399,negative,4.7650672665076615e-06
1440336257809149955,negative,0.03367028694891356
1440336258891272199,negative,0.05215851915862217
1440336258996129798,negative,1.9778211121029536e-05
1440336264390066179,negative,0.2224276534798429
1440336265539317772,negative,0.0009225950063865294
1440336269943336972,negative,0.017128721214550884
1440336270727671824,negative,8.509153011919757e-05
1440336275035148305,negative,0.0011385097799392016
1440336275484012555,negative,0.001600534873478618
1440336276545097728,positive,0.6830350361027504
1440336276591300613,negative,0.0011310442464610227
1440336285437095943,neutral,0.49789225920557484
1440336287798497280,negative,0.0016918753621103949
1440336289643982864,negative,6.888063041500438e-06
1440336289862074368,negative,0.04668087113850798
1440336295721537544,negative,0.00020887895374678694
1440336301228630018,negative,0.0016918753621103949
1440336302713438208,negative,0.25675835552680515
1440336307595583498,neutral,0.49789225920557484
1440336308451233792,negative,0.0016918753621103949
1440336311286571017,negative,0.017128721214550884
1440336312049958913,negative,0.0016918753621103949
1440336314952417281,negative,0.0016918753621103949
1440336317619925000,negative,0.0016918753621103949
1440336318030962691,negative,0.017128721214550884
1440336321814302731,negative,0.021955824635966813
1440336321940123665,negative,0.023380322772813194
1440336323714301961,positive,0.8869474622334889
1440336325245161472,negative,0.0023235974743574107
1440336326117654531,negative,0.0016918753621103949
1440336326390206480,neutral,0.3789316203217387
1440336326797135886,negative,0.0016918753621103949
1440336327485001729,negative,0.1592151548911961
1440336330064478210,negative,0.02767555270867449
1440336332006445062,negative,0.03573170642467366
1440336334413959176,negative,0.013492307551109795
1440336335840022539,negative,0.001327771607045312
1440336336297205779,negative,4.5118615473883736e-05
1440336337194795017,negative,0.015767988791122057
1440336337698050052,negative,0.036402563063229865
1440336339098955793,negative,0.00045645086769902543
1440336341208760321,negative,0.265490943696957
1440336341649133569,negative,0.30725793206365803
1440336344010530820,neutral,0.49789225920557484
1440336344555790345,negative,0.03573170642467366
1440336347546353664,neutral,0.36337784061366657
1440336351031808001,negative,0.036402563063229865
1440336351073738763,neutral,0.5514410120991461
1440336351715463173,negative,0.000153155202774804
1440336354504675339,negative,0.008009957837269635
1440336356136214537,negative,0.30725793206365803
1440336356635332614,negative,0.02767555270867449
1440336358053081089,negative,0.1754884102256852
1440336358174720010,negative,0.0016918753621103949
1440336359885996033,negative,0.3049050306238084
1440336376457674760,negative,0.0011034905350814457
1440336382686228486,negative,0.0016918753621103949
1440336383256645640,negative,0.2043284167256321
1440336385387339780,negative,0.0018076595051196565
1440336386922405889,negative,0.004695237100842426
1440336387815837707,negative,0.0004493918342676687
1440336388273045511,negative,0.0016918753621103949
1440336388713422865,negative,0.036402563063229865
1440336388990259205,negative,0.0016918753621103949
1440336391536201737,negative,0.05069606425484634
1440336394430267405,negative,0.0007486443261089218
1440336397647310849,neutral,0.49789225920557484
1440336400377802753,negative,0.008992258060523176
1440336400524611586,negative,0.0030749040598286974
1440336400948203531,negative,3.955509420998594e-06
1440336401615114240,negative,0.015767988791122057
1440336402906894336,negative,0.10182792736064882
1440336404391682054,negative,0.00037668805278797416
1440336405490593793,negative,0.08900184799159831
1440336408774774788,negative,0.015767988791122057
1440336410595127304,negative,0.0016918753621103949
1440336414495834118,negative,0.0311075727022697
1440336416693571594,negative,0.0016918753621103949
1440336417507340292,neutral,0.5651703174880546
1440336423207391240,negative,3.955509420998594e-06
1440336425665249288,negative,0.025000379253520114
1440336426558640146,negative,0.13628770277709085
1440336426847989769,negative,0.015767988791122057
1440336432246116362,negative,0.0007962786588509733
1440336434024501248,negative,0.0007962786588509733
1440336440567623687,positive,0.8830283006755308
1440336442371178509,positive,0.6804949545969878
1440336442811576329,negative,0.024906787744170187
1440336444128595975,negative,0.28019234632200907
1440336447773446156,negative,0.03289826676766138
1440336448314433538,negative,0.015767988791122057
1440336448654176263,neutral,0.49789225920557484
1440336449816051718,positive,0.963552924571492
1440336449983762434,negative,0.0016918753621103949
1440336455214059524,negative,2.4982241269901235e-15
1440336459173560325,neutral,0.49789225920557484
1440336461371301889,negative,0.27890386711257326
1440336463556534277,negative,6.228374039019625e-11
1440336463904731142,negative,0.22493346794813412
1440336464361844736,negative,0.00033120991611096845
1440336465142042636,neutral,0.49789225920557484
1440336466224107529,negative,0.0036772707646987937
1440336466278699010,neutral,0.3680916385259282
1440336466719109129,negative,0.015767988791122057
1440336467612487682,negative,0.0024329173763149594
1440336468614864900,negative,0.003989794233825041
1440336469751578631,negative,0.0011804578992014366
1440336470938587152,negative,0.07387732721957979
1440336473224409105,negative,0.004961827475410116
1440336473257963525,neutral,0.3392404284231017
1440336478408634368,negative,0.07429522210644815
1440336479088037908,negative,0.03345256568595917
1440336480295997445,negative,0.0051329452494692646
1440336480514101255,negative,0.015767988791122057
1440336481847971856,negative,0.31732489718339985
1440336482120585219,negative,0.036402563063229865
1440336482623901713,negative,0.08851113295451758
1440336483055931395,negative,0.10182792736064882
1440336484481986563,negative,0.11328161278534599
1440336485853454343,negative,0.1595307110896395
1440336485962551301,negative,0.0024494703154592633
1440336487774494734,negative,0.10182792736064882
1440336488495943687,negative,0.20314254415190622
1440336488869158913,negative,0.04408560092915886
1440336489951358995,negative,0.030385284313067727
1440336489959751689,negative,0.0013257312054954188
1440336490278514702,neutral,0.49789225920557484
1440336491662614533,negative,0.075302756045155
1440336492153376775,negative,0.015767988791122057
1440336492522393605,negative,0.015767988791122057
1440336492816056335,negative,0.004540138022189857
1440336493860384781,negative,0.03535284986059824
1440336494695096328,negative,0.004961827475410116
1440336496477683713,negative,0.015767988791122057
1440336497136136193,negative,3.8536475607198015e-10
1440336498146963463,negative,0.12146426141732296
1440336498461577229,negative,0.10182792736064882
1440336499325616130,negative,0.015767988791122057
1440336499778617355,negative,5.0502888995127965e-06
1440336500101578755,negative,0.0009950130542340195
1440336500118343688,negative,0.11592780363855204
1440336500307087364,negative,0.01520459538050779
1440336500957212685,negative,0.036402563063229865
1440336502685253648,negative,0.001949545414846824
1440336504623013889,negative,0.265490943696957
1440336504996302855,negative,0.14439631432748823
1440336506443341831,neutral,0.5250137350369191
1440336506762104840,negative,0.0035445659464689206
1440336506778906633,negative,0.10182792736064882
1440336507651321856,neutral,0.4938013795412572
1440336507659636740,negative,1.4561188565469537e-05
1440336510876733447,negative,0.0007962786588509733
1440336511568777227,negative,3.3030250725159742e-06
1440336513582075904,negative,0.017128721214550884
1440336516622913555,negative,0.0007486443261089218
1440336517960855555,negative,0.13628770277709085
1440336518426476553,negative,0.0038932412569813325
1440336520532033543,negative,0.02767555270867449
1440336524751491081,negative,0.00036554832975353024
1440336525703598081,negative,1.9782625999503626e-06
1440336526995386377,negative,0.1521613416138048
1440336527104512000,negative,0.22543970739656283
1440336528081707010,negative,0.036402563063229865
1440336531189682181,neutral,0.41760660904893704
1440336531567177738,neutral,0.5101226214277461
1440336531894386690,negative,0.00015941535658892648
1440336534129950724,negative,0.32538723761852606
1440336534339604487,negative,0.036763927263729734
1440336535027552264,negative,2.209780031158592e-05
1440336536042541066,negative,0.0010272306823098669
1440336536541696020,negative,0.00020229791026431368
1440336537531523079,negative,8.431436098587989e-07
1440336539708375040,negative,0.0025811162898898015
1440336539741949952,negative,0.00012485073380793502
1440336541310619662,negative,1.5919339853625407e-05
1440336542946324487,negative,0.08900184799159831
1440336545492267008,positive,0.9909296802033721
1440336545647529985,negative,0.04295636050546059
1440336547505532940,neutral,0.6594766996619061
1440336547845337089,negative,0.018126586390144916
1440336547895599117,neutral,0.3718478141458821
1440336548214362122,negative,0.024601267775744576
1440336549715976197,negative,0.06981262057250083
1440336550198341648,negative,0.20109793513259905
1440336554304552960,negative,0.1480676570152016
1440336556192006146,negative,0.015767988791122057
1440336556452048907,negative,0.06340458233964556
1440336556959547397,negative,0.10182792736064882
1440336557383159811,negative,0.004576614341975399
1440336558427500544,negative,0.06320575662810483
1440336566862290947,negative,0.0661787643977264
1440336571786358790,negative,7.718835664996067e-06
1440336577784287240,negative,0.0016918753621103949
1440336580783181835,negative,0.31088210341413597
1440336583123632132,negative,0.10182792736064882
1440336584784506888,negative,3.58970140946474e-05
1440336588890787843,negative,0.036402563063229865
1440336589100437508,negative,0.19400895406264568
1440336589406674951,negative,0.00010260926926032539
1440336589809278979,negative,0.016721576458100032
1440336590971179024,negative,0.00010260926926032539
1440336592061665282,positive,0.7715170301790862
1440336596218171405,negative,0.13292378603408783
1440336601544990731,neutral,0.5143447214613424
1440336602744561665,neutral,0.42262122193092744
1440336606255190024,negative,0.0007962786588509733
1440336608167796742,negative,0.14622288293529362
1440336611003142154,negative,0.0016918753621103949
1440336611560988692,negative,0.10182792736064882
1440336617403605010,negative,0.00021283191400100305
1440336618007633939,negative,0.13292378603408783
1440336619978964996,negative,0.0377818299023107
1440336620717182989,negative,0.0038932412569813325
1440336621706956808,negative,0.017128721214550884
1440336622885629952,negative,0.05508048866483127
1440336629315477511,negative,0.2695801207983517
1440336629730709517,negative,0.0016918753621103949
1440336629797847050,negative,0.00017595375530701622
1440336631026774034,negative,0.013557873330271824
1440336634562564101,neutral,0.49789225920557484
1440336639100739586,negative,2.1043728231240817e-09
1440336639356669957,negative,0.0016918753621103949
1440336640489099264,neutral,0.49789225920557484
1440336641286041608,negative,1.0020528040636264e-06
1440336642351370247,negative,8.02951152044544e-05
1440336646419861508,negative,0.003928724594732796
1440336651889242120,negative,0.04668087113850798
1440336652988153860,negative,0.025435708576205987
1440336656167432199,negative,0.015767988791122057
1440336658067382273,negative,0.06342112256631237
1440336660290441223,negative,0.015767988791122057
1440336663419310092,negative,0.12094363652356221
1440336665940090883,negative,0.0038026227643653695
1440336667382976519,negative,0.09950877683423766
1440336676593668103,negative,0.017128721214550884
1440336679613583371,negative,0.00020887895374678694
1440336680536268804,negative,0.0016918753621103949
1440336681492566028,negative,0.0036335997924700787
1440336686613893127,negative,0.00014069400271598124
1440336687272390661,negative,0.008651410272275412
1440336687758934017,neutral,0.46127768308170247
1440336687918305293,negative,0.038670689536248574
1440336687935090696,negative,0.017128721214550884
1440336692502687759,negative,0.0018972765892645348
1440336692662050825,negative,0.036402563063229865
1440336696214622211,negative,0.06583168534811078
1440336704406097931,negative,0.0008727960657917153
1440336704951386116,negative,0.005014007199857406
1440336707321163781,negative,0.005424942967450164
1440336708571054083,negative,0.011653480052965452
1440336708868870155,negative,0.0023235974743574107
1440336712312315908,negative,0.06182851130985381
1440336712907911178,negative,0.12482974041364932
1440336713939705858,negative,0.00012485073380793502
1440336715147739136,negative,0.2342770357639914
1440336718045990913,negative,0.32595338468293994
1440336721300770829,negative,0.07429522210644815
1440336722466787336,negative,0.07329845942558458
1440336722970038280,negative,0.00014069400271598124
1440336723355992074,negative,0.2588568533413188
1440336724056440835,negative,0.23841111564906636
1440336724559687685,negative,8.283285656127946e-06
1440336725058809858,negative,0.0016918753621103949
1440336725255987206,neutral,0.6408727464476993
1440336726577192963,negative,0.04810612162202492
1440336731409031168,negative,0.0010695973977393359
1440336733971705867,neutral,0.49167303829171866
1440336736781942801,negative,0.24559335856522774
1440336738329587717,neutral,0.49789225920557484
1440336738694533124,negative,0.003861644889285569
1440336740145766409,negative,0.14077889956661618
1440336740791713797,negative,5.50684426262904e-11
1440336741597003781,negative,0.007463921981553698
1440336742704238604,negative,0.08878946170869388
1440336743203434503,negative,0.005025691535231157
1440336743979372544,negative,0.001949545414846824
1440336744327438336,negative,0.00022809697519557802
1440336744814039046,negative,4.7105124723697185e-08
1440336745321533450,negative,0.19483228848001738
1440336746231730181,negative,2.1643237169863918e-10
1440336747745796097,negative,0.16427597653130074
1440336747770966017,negative,0.0012402946904805697
1440336748500774927,negative,6.451237503100733e-05
1440336749255806983,negative,0.02767555270867449
1440336749490622472,negative,0.0011517068368809326
1440336752690880516,negative,0.171024955493968
1440336752783212567,negative,0.059786148498769266
1440336753269743619,negative,0.00023266436116063844
1440336756738379776,negative,1.481082200687929e-06
1440336756805488656,negative,0.04367428203049919
1440336757073973262,negative,0.03750512774756221
1440336757925433344,neutral,0.6408727464476993
1440336758139281408,negative,0.02767555270867449
1440336761083744265,negative,0.004720794384903507
1440336761490604034,negative,0.0044376574757416945
1440336762220400651,negative,0.08963626669314949
1440336763017261063,negative,0.0016918753621103949
1440336765303214089,negative,4.436425865139974e-05
1440336766922199046,negative,9.392376060040942e-10
1440336767651966984,negative,0.00249911749635092
1440336767937220609,negative,1.1603896316544478e-05
1440336769304563716,negative,0.25144082529900946
1440336769774325772,negative,0.012007858256741506
1440336770353152005,negative,0.026143193351998707
1440336770575441922,negative,5.39640759355921e-07
1440336773695950861,negative,0.21192963163523793
1440336777420496897,negative,0.0191268286334655
1440336777806434315,negative,0.11961027648274264
1440336778645307392,neutral,0.5101226214277461
1440336779156934657,negative,0.10622443707433996
1440336780406841359,negative,0.10622443707433996
1440336780968939534,negative,0.0036772707646987937
1440336781958791169,negative,0.10622443707433996
1440336782688538624,negative,0.018403688585305555
1440336784072736779,negative,0.018403688585305555
1440336784542482437,negative,0.15255509992717525
1440336785599451141,neutral,0.6203333293419659
1440336786086002697,negative,2.4271544938515733e-06
1440336787843403784,negative,0.001411166506548475
1440336789495955465,negative,0.0037886547798188443
1440336789831499794,negative,0.05773071844260802
1440336792272588803,negative,0.00015941535658892648
1440336792582979585,negative,0.05302784527935343
1440336793014923267,neutral,0.6375219576450639
1440336793073713160,negative,0.0010272306823098669
1440336793090490368,negative,0.060860433682704405
1440336799226679309,negative,0.13292378603408783
1440336801676156936,neutral,0.6145423441462802
1440336801948831746,negative,0.09798543284296665
1440336802842173440,negative,0.13924083246349173
1440336803509071874,negative,0.1592151548911961
1440336803744018446,negative,0.13806840733716452
1440336804230557709,negative,0.03034936217508983
1440336804683546633,negative,0.0007607254432573922
1440336805253971976,negative,0.265490943696957
1440336807527272450,negative,2.399981751589545e-12
1440336808672333832,negative,0.034983559255850435
1440336809653727243,negative,5.39640759355921e-07
1440336809993510924,neutral,0.49789225920557484
1440336810886905864,negative,0.036402563063229865
1440336811364995073,negative,0.07429522210644815
1440336813449625604,negative,0.00012876601713542634
1440336813692899333,negative,0.07429522210644815
1440336815207055367,negative,0.32075729904556566
1440336815798456326,negative,0.0003930538284635348
1440336817102884866,negative,0.004837640993998139
1440336817937518594,negative,1.3459238197914993e-05
1440336818138857475,negative,0.12471372352075354
1440336819774652424,neutral,0.5381574318915395
1440336820038897668,negative,0.0007962786588509733
1440336820248530950,negative,4.2601287458297746e-05
1440336822425378825,negative,0.06617619399968155
1440336822630977559,negative,1.6357615804202575e-07
1440336822765166594,negative,0.036402563063229865
1440336823218106377,negative,8.716050559329238e-06
1440336826451910669,negative,0.015767988791122057
1440336827165011970,negative,0.015767988791122057
1440336827806720004,negative,0.06065501826934401
1440336827848613891,negative,0.15781597785210452
1440336828100276231,negative,0.04089682102870074
1440336829551575061,negative,0.008096277896805754
1440336835922653191,negative,0.22619022422694723
1440336837097099280,negative,0.007516745129435417
1440336839622021123,neutral,0.5674748988285784
1440336841123647488,negative,0.24638424207685547
1440336844290281482,negative,0.016874379496387853
1440336845301108741,negative,0.00196704676146123
1440336847167635468,neutral,0.5280123112286
1440336852280430604,negative,0.015767988791122057
1440336852959956992,negative,0.00035343659327447566
1440336857062002692,neutral,0.6408727464476993
1440336860039970833,negative,0.015767988791122057
1440336864716550147,negative,0.036402563063229865
1440336866922827776,positive,0.7715170301790862
1440336868764053517,negative,0.014783609518961321
1440336869934309384,negative,0.16176363966730578
1440336873973374983,negative,0.31088210341413597
1440336880688504849,negative,0.000871376721220385
1440336881019809797,neutral,0.44696005704834657
1440336882311651330,negative,0.11221858911702934
1440336882978545669,negative,0.0042419176782431955
1440336886279524364,positive,0.7715170301790862
1440336887743332354,negative,0.0016918753621103949
1440336888280150028,negative,0.07387732721957979
1440336888934531083,negative,0.007375910210707284
1440336893757902848,negative,0.06967968549964207
1440336894378725388,negative,0.017128721214550884
1440336895909589007,neutral,0.49789225920557484
1440336901337075714,positive,0.7715170301790862
1440336901513220106,negative,0.0007962786588509733
1440336901706162183,negative,0.19081397515932483
1440336905011302416,negative,0.036402563063229865
1440336907402051590,negative,0.19081397515932483
1440336909272641537,negative,0.00017595375530701622
1440336909830549507,negative,0.16176363966730578
1440336913110487055,negative,0.00017595375530701622
1440336916495224832,negative,0.015767988791122057
1440336916965060608,negative,0.011827430714977381
1440336920433684485,negative,0.015767988791122057
1440336920584749062,negative,0.11592780363855204
1440336922543411204,negative,2.3738397238270267e-06
1440336925743673344,negative,0.2842716465839768
1440336926104440860,negative,0.13924083246349173
1440336928956579851,negative,0.2629360293346444
1440336932441972737,negative,0.0014328664649140483
1440336932915978241,positive,0.7715170301790862
1440336933587087367,neutral,0.5651703174880546
1440336936313360391,negative,0.0011766678418415415
1440336940914470919,negative,0.10947449539703237
1440336941296148494,negative,0.056305791671699475
1440336941690408965,negative,0.24831104309394053
1440336943108083713,neutral,0.49789225920557484
1440336943653396483,negative,0.05719699796849624
1440336946715189253,negative,0.13039939358622082
1440336946845212681,negative,0.042433310789629364
1440336948057427970,neutral,0.49789225920557484
1440336955670077445,negative,0.0026776252324246137
1440336958601920518,negative,0.036402563063229865
1440336961479143425,negative,0.0016918753621103949
1440336964411035653,neutral,0.5651703174880546
1440336964658479107,negative,0.00792008071395083
1440336965438611457,negative,2.541907425616313e-07
1440336967770673155,neutral,0.5651703174880546
1440336972526997507,negative,0.017139774196721237
1440336973210664978,negative,0.10267543617175423
1440336974980603907,negative,0.10182792736064882
1440336975056175104,negative,0.0004097684185461507
1440336979921555459,negative,0.025592813441604686
1440336981171441678,negative,0.0022981796772951098
1440336982186422280,negative,0.3089120751412704
1440336983297912849,negative,0.13924083246349173
1440336985164369924,negative,0.016874379496387853
1440336989211877390,negative,3.869665655761934e-05
1440336991346839558,negative,0.001837807827353629
1440336995255914505,negative,0.06617619399968155
1440336995994071041,neutral,0.3649724597640304
1440336998430957570,positive,0.9993030256465052
1440336999311810574,negative,0.036402563063229865
1440336999395696651,negative,0.0023111926093220474
1440337000872120336,negative,0.09760298622649946
1440337001463439368,negative,0.017128721214550884
1440337009139077129,neutral,0.6408727464476993
1440337015698903052,negative,0.036402563063229865
1440337016579784717,negative,0.036402563063229865
1440337016776888324,negative,0.0016918753621103949
1440337024385384453,negative,0.2047708636170596
1440337032803323910,negative,0.00010260926926032539
1440337033663160320,negative,0.036402563063229865
1440337034619408402,neutral,0.49789225920557484
1440337036657893381,neutral,0.5651703174880546
1440337039195394052,positive,0.8844876349572268
1440337041615589387,negative,0.0033683877347894433
1440337041640755200,negative,0.10583661328035997
1440337042932596745,neutral,0.6375219576450639
1440337044266373121,negative,0.2513088224620429
1440337044337676299,neutral,0.4985928500860049
1440337046434816002,negative,0.0002780940270296049
1440337049203052550,positive,0.9917888712590337
1440337049521848325,negative,5.042394112863841e-06
1440337049584689157,negative,0.00010260926926032539
1440337050973073419,neutral,0.4071538235890296
1440337051824443411,negative,0.004466128904255401
1440337054177529857,negative,9.639060497120424e-05
1440337054680825857,positive,0.78291140448387
1440337055964274689,negative,0.09397004737294379
1440337056467619856,negative,0.04979446005001765
1440337056782172166,negative,0.05310822297450354
1440337057415499776,negative,0.08955869548114806
1440337057553915914,negative,7.367462506505943e-05
1440337057713311744,negative,0.00025588991227378817
1440337058652778500,negative,0.07455246932165571
1440337059730714628,negative,0.0007101156343310262
1440337059810480144,negative,1.3532745816305605e-08
1440337062230577153,negative,0.010808214898938961
1440337063140683777,negative,0.06288283742762475
1440337063602122761,negative,0.0006120259438070141
1440337064256421898,negative,0.11500151720811623
1440337064751366155,neutral,0.4058275389108402
1440337066236071954,negative,0.036402563063229865
1440337067729252361,negative,0.036402563063229865
1440337069402832901,negative,1.1373912617340459e-10
1440337069503512586,negative,0.005025691535231157
1440337072292720650,negative,0.017128721214550884
1440337079196532741,negative,0.00014069400271598124
1440337079292993547,neutral,0.42507619662732005
1440337080035385344,negative,0.013508130560360085
1440337081415323650,negative,0.0008727960657917153
1440337082149322759,negative,6.1204924170922e-05
1440337082526748678,neutral,0.49789225920557484
1440337083063681028,negative,0.0010695973977393359
1440337085903224847,negative,0.0147377394156429
1440337087949991938,negative,0.10403720966551962
1440337093410971657,negative,0.0006186203697103904
1440337094417600528,neutral,0.49789225920557484
1440337097399824396,negative,1.9782625999503626e-06
1440337105457016835,negative,0.015767988791122057
1440337112251781128,negative,0.22493346794813412
1440337113661116428,negative,0.03424421207630375
1440337117427552258,neutral,0.5651703174880546
1440337121387048962,negative,0.15175671462557233
1440337122079117330,negative,0.0010695973977393359
1440337122641149963,negative,0.10712328096962105
1440337127061942278,neutral,0.4071538235890296
1440337127888228355,negative,0.0004097684185461507
1440337130891272197,negative,0.0021540485387017924
1440337133948919821,negative,0.017128721214550884
1440337134058045443,negative,0.09455489992016673
1440337136624955394,negative,2.0805218373706673e-06
1440337136897511439,negative,0.265490943696957
1440337138524979200,negative,0.0015012442563990076
1440337140009693187,negative,0.13039939358622082
1440337145466523653,neutral,0.46127768308170247
1440337146372517888,negative,0.08722483559734476
1440337146565431303,negative,0.0004097684185461507
1440337147651760133,negative,0.014947893326467421
1440337148704477194,negative,0.016992944500328826
1440337149358837774,negative,0.09084814825730873
1440337150155755527,negative,0.08893984406483758
1440337152605229058,neutral,0.6308457976466544
1440337153716674563,negative,0.036402563063229865
1440337157650980870,neutral,0.38206843311007627
1440337158070407176,negative,0.018204346961763335
1440337162763792390,negative,0.025000379253520114
1440337166060572696,neutral,0.5651703174880546
1440337166429687820,negative,0.015767988791122057
1440337168287682575,negative,0.00020887895374678694
1440337168363261969,neutral,0.6308457976466544
1440337170758201355,negative,0.11004530489244803
1440337172175884293,negative,0.0608541351606341
1440337176416325648,negative,0.06967968549964207
1440337176428900366,neutral,0.5674748988285784
1440337177712365569,negative,0.010318625219030193
1440337180702887945,negative,0.0008257321013196218
1440337186176389127,negative,0.0386403259412003
1440337187782889473,negative,0.016874379496387853
1440337191670976518,positive,0.9994608083766214
1440337192329482252,negative,0.17289166928364402
1440337192795004930,neutral,0.5651703174880546
1440337193017307153,negative,0.0016918753621103949
1440337193134747655,negative,3.514742500497078e-06
1440337198960701454,negative,0.13924083246349173
1440337199203897363,negative,0.00023266436116063844
1440337200873308171,negative,0.0006149421435736414
1440337201326292997,negative,0.00020229791026431368
1440337202521645058,negative,0.00012485073380793502
1440337203326898185,neutral,0.42262122193092744
1440337204379672578,negative,0.0720303413690385
1440337205176586244,negative,0.0005276829338505487
1440337206233604096,negative,0.010808214898938961
1440337206367776774,negative,0.024124434774867778
1440337206481080334,negative,0.3147487766489516
1440337210205609986,negative,0.015767988791122057
1440337210692096006,negative,7.367462506505943e-05
1440337210943803404,negative,0.0016275951162203937
1440337212470489104,neutral,0.46127768308170247
1440337213007425540,negative,0.029540985590475518
1440337213984624643,negative,7.367462506505943e-05
1440337214781591554,negative,0.30725793206365803
1440337215184203778,negative,0.005025691535231157
1440337215305895946,negative,0.0003941672386541266
1440337215930781714,negative,0.027108161885082964
1440337216186638340,negative,0.265490943696957
1440337216195076099,negative,0.0003867731366742315
1440337216291500042,negative,3.2909488201791387e-07
1440337218434854920,negative,1.3692367915792567e-05
1440337218480979981,negative,0.13628770277709085
1440337219605073923,negative,0.18920942336772928
1440337220259356673,negative,0.02286530441687209
1440337220544516111,negative,0.07289833698389642
1440337225422540800,negative,1.1024328160162885e-06
1440337226282328070,negative,0.0033898466850613342
1440337228014637070,negative,0.00019958379054630358
1440337229830713344,negative,0.014278759631901214
1440337232385118210,negative,0.21451484820927044
1440337232456421379,negative,0.00013264570621372712
1440337232691294209,negative,7.367462506505943e-05
1440337233362309130,negative,0.0955018204823528
1440337235149090831,negative,0.1136638882589773
1440337238211006468,negative,0.0023235974743574107
1440337238634627072,negative,0.10925988725547327
1440337240488435718,negative,0.07429522210644815
1440337240496824322,negative,0.0016918753621103949
1440337241130237959,negative,0.00974895314295733
1440337241142743043,negative,0.0019343636363400158
1440337241897717767,negative,0.00017738992563559594
1440337242765942787,negative,0.011385280333171358
1440337242862460934,negative,0.004382781292279079
1440337243105738769,neutral,0.5101226214277461
1440337243109920777,negative,0.06043217299602261
1440337243810328587,neutral,0.34390760743775584
1440337244133281804,negative,0.015767988791122057
1440337244397527054,negative,0.0001584873285048229
1440337244477288464,negative,0.00015941535658892648
1440337248818372620,negative,0.05999311640156169
1440337249871171587,neutral,0.5651703174880546
1440337251527921673,negative,0.31088210341413597
1440337252903571465,negative,0.036402563063229865
1440337260390486018,negative,0.19081397515932483
1440337260587614224,negative,1.1552810874452531e-06
1440337261476728838,neutral,0.5651703174880546
1440337262055591946,negative,0.00014069400271598124
1440337263003508750,negative,0.010808214898938961
1440337263360053258,negative,0.0021140279557744263
1440337264903557130,negative,0.07429522210644815
1440337266317033482,neutral,0.41784003577021706
1440337266656755728,negative,0.0016918753621103949
1440337266904207361,negative,0.009334721584784251
1440337267583709184,negative,0.10182792736064882
1440337269634658312,neutral,0.5707709113526211
1440337270167326722,negative,0.036402563063229865
1440337271597633542,negative,0.036402563063229865
1440337273120124944,negative,0.0010695973977393359
1440337273963237385,negative,0.00020887895374678694
1440337279227031565,negative,0.005037673328501488
1440337279629680642,positive,0.7715170301790862
1440337280095305736,negative,0.06525781025480551
1440337280506368000,negative,0.15846765258209047
1440337282532200468,negative,0.027108161885082964
1440337285333991428,negative,0.013508130560360085
1440337287510777859,negative,1.4797053694569796e-05
1440337287687012364,neutral,0.5355409007330443
1440337288580382720,negative,0.10947449539703237
1440337289859637254,negative,0.0014129111827965329
1440337289922564113,negative,0.013508130560360085
1440337291302473741,negative,0.0775400326320413
1440337294720843777,negative,0.0016918753621103949
1440337298567012357,negative,0.013508130560360085
1440337298667626503,negative,5.638519209333313e-07
1440337299162628097,neutral,0.49789225920557484
1440337301511438350,negative,0.2695801207983517
1440337302929108999,negative,0.036402563063229865
1440337304007024641,neutral,0.5651703174880546
1440337306850713606,negative,0.0022744017626482337
1440337310914990084,negative,0.2725937187089916
1440337311573573646,negative,0.0007668330995149547
1440337312018169863,negative,0.08102824203468383
1440337313314136065,negative,0.016627411545235532
1440337313494487042,neutral,0.3664451447947946
1440337317265244169,negative,0.10947449539703237
1440337318510923792,negative,0.036402563063229865
1440337319244943365,negative,0.027108161885082964
1440337319353933824,negative,0.0016918753621103949
1440337320960409611,negative,0.0016918753621103949
1440337321312735233,negative,0.0017531415028283958
1440337322445197324,negative,0.18483436308901527
1440337329705537537,positive,0.7264996257728877
1440337330229821455,negative,0.04191609832210959
1440337334348574727,negative,0.036402563063229865
1440337334721908736,negative,0.036402563063229865
1440337337733447688,negative,0.027108161885082964
1440337339004293120,negative,4.84836547786632e-08
1440337341126627336,negative,0.00018024410458196557
1440337341709651980,negative,0.0008727960657917153
1440337344758882311,negative,0.13292378603408783
1440337347489329155,negative,0.2897347881046085
1440337350291181582,negative,0.1592151548911961
1440337351146762250,negative,0.31088210341413597
1440337353239789568,negative,0.000891332344051914
1440337353894072326,negative,0.003696132837109762
1440337366250491908,negative,0.023420501585157176
1440337369756880905,negative,0.10639366606780541
1440337372822978574,negative,1.0358324492272377e-06
1440337374261637132,negative,0.01189750119538886
1440337375884808199,negative,0.0016918753621103949
1440337378355281929,negative,0.027108161885082964
1440337378409807881,positive,0.8798571459395171
1440337381408739335,negative,0.056305791671699475
1440337385053515782,negative,0.056305791671699475
1440337387494653959,negative,0.002481771323068843
1440337387813425155,negative,2.1459211005096136e-05
1440337388287315983,negative,0.0027134258053837304
1440337392120913921,negative,0.024889991582082136
1440337396860551173,negative,0.038670689536248574
1440337400643801101,positive,0.9791820216056905
1440337406557757442,negative,7.300904405284717e-12
1440337411603533841,negative,0.10556677691668569
1440337413906178055,neutral,0.49789225920557484
1440337414619234312,negative,0.033155656821190135
1440337415239979008,negative,0.0033218636610871785
1440337419056730122,negative,0.06967968549964207
1440337419258118155,negative,0.010231395592779847
1440337420210171909,negative,0.31088210341413597
1440337420965187589,negative,0.04723304672844443
1440337422504521728,negative,0.027108161885082964
1440337424173842446,neutral,0.3699819100328868
1440337428699484163,negative,0.27278544590603154
1440337429836091393,negative,0.0017531415028283958
1440337430125563920,negative,0.027108161885082964
1440337430700183554,negative,0.038670689536248574
1440337431312551940,negative,0.01146140033254031
1440337432835067917,negative,0.0016918753621103949
1440337435469045761,negative,0.005055049155889731
1440337435473235972,negative,0.02902877557433657
1440337437234851852,negative,0.04295636050546059
1440337438996500481,neutral,0.41784003577021706
1440337439243964424,neutral,0.46127768308170247
1440337440250609677,positive,0.988544323353521
1440337440640684040,negative,0.0007962786588509733
1440337441647333392,negative,0.005025691535231157
1440337442976845832,negative,0.2186366811851303
1440337444176490505,negative,6.063453028746282e-05
1440337444939845644,positive,0.9340581119831828
1440337445409619975,negative,0.10182792736064882
1440337447699705867,negative,0.0386403259412003
1440337449025093635,negative,0.0006605905988666453
1440337451814309891,negative,0.029835645139095663
1440337453873647619,negative,0.004466924231741895
1440337454767083528,negative,0.007357578366045678
1440337454985216007,neutral,0.46127768308170247
1440337454997782537,negative,0.00997255693066628
1440337455022964736,negative,0.08370578174423442
1440337455094190091,negative,0.17381156189724345
1440337455152910336,negative,0.04408560092915886
1440337456029569036,negative,0.2186366811851303
1440337456377724932,negative,7.00416699263438e-05
1440337456990097408,negative,0.07361988701618118
1440337457715703808,negative,0.012044787170883565
1440337458571317249,positive,0.9844453983430719
1440337459787694090,negative,0.2846564574532875
1440337460647456769,negative,0.20452637925483472
1440337463944179722,negative,0.0035445659464689206
1440337466574077964,negative,0.02352005851353028
1440337471716278279,negative,0.12784503815548806
1440337472823590916,negative,2.624059850406711e-05
1440337474111225866,neutral,0.5030259154660317
1440337474706829313,negative,0.04295636050546059
1440337475742756872,negative,0.007357578366045678
1440337475851808777,neutral,0.49789225920557484
1440337478997594115,negative,0.015767988791122057
1440337479983255565,negative,0.09084814825730873
1440337480096440330,negative,0.0025858840169539344
1440337480583057412,negative,0.051549661368573536
1440337482394980356,negative,0.001881829747546818
1440337485519753222,negative,0.00015059077340966623
1440337486148870154,negative,0.00031835883427336803
1440337488237658112,negative,0.22526532685473644
1440337491530117126,negative,0.16297892143105186
1440337492243218436,negative,0.004466924231741895
1440337494415843347,negative,0.0003853384623732257
1440337495313371138,negative,0.03535284986059824
1440337495888044042,negative,0.1713468067255223
1440337497762848768,negative,1.9782625999503626e-06
1440337498446598158,negative,0.004466924231741895
1440337499000246278,positive,0.9844453983430719
1440337503211307014,negative,0.012044787170883565
1440337503488122895,neutral,0.5651703174880546
1440337503689445385,negative,0.12138176685602295
1440337505606197252,negative,0.024889991582082136
1440337506180821005,negative,0.017128721214550884
1440337506256314369,negative,6.176123472175711e-06
1440337506625490947,negative,0.0003840153609016373
1440337507736952838,neutral,0.42507619662732005
1440337510488416257,negative,0.06967968549964207
1440337512380002306,negative,0.005154524146649778
1440337513386680330,negative,0.265490943696957
1440337513713848323,negative,0.009080185706310908
1440337514112307202,neutral,0.49789225920557484
1440337515014090762,negative,1.569308198416873e-05
1440337515106353157,negative,2.037424574222317e-05
1440337516175921154,negative,0.20675431737687314
1440337516595347470,negative,4.478734078466739e-07
1440337518327599107,negative,0.08851113295451758
1440337518692495366,neutral,0.49789225920557484
1440337519267123204,neutral,0.5651703174880546
1440337520684781570,negative,0.03603298379269736
1440337522551410688,positive,0.9783718830144809
1440337522614177801,negative,1.0323698234017133e-08
1440337522681389057,negative,0.014986771104686518
1440337522890973200,negative,0.0024819798961151916
1440337522937192448,negative,0.001983397034944136
1440337524170412032,negative,0.004575705033527588
1440337524480749568,positive,0.9917780658318329
1440337524489080833,negative,7.560767414084139e-08
1440337524690276355,negative,0.002361159971547488
1440337524765900800,negative,0.05234931941095223
1440337524820516864,positive,0.9202548324355474
1440337525076152322,negative,0.013021514092668808
1440337525286084608,negative,0.06970205853147744
1440337525353103360,negative,0.00012341382089782208
1440337525738979328,negative,0.001996003801056401
1440337529681571860,negative,3.836643479031204e-06
1440337529790603279,negative,0.00044086948161664883
1440337531564748804,negative,0.2525142858063366
1440337532240101386,neutral,0.4512188979394586
1440337534228185095,negative,0.11722788668652345
1440337534496612360,negative,0.007357578366045678
1440337535750721537,negative,0.038670689536248574
1440337536836984837,negative,0.07755259261299287
1440337537088692228,negative,0.16427597653130074
1440337539479453704,negative,0.15299083709191197
1440337539517218821,negative,0.009151729245609981
1440337540230254599,negative,0.060860433682704405
1440337544932052994,negative,0.06617619399968155
1440337545879965699,negative,3.877382477614422e-05
1440337546920140814,negative,0.0016918753621103949
1440337547717054470,negative,0.036803173289644796
1440337548857933830,negative,0.0003173252429872058
1440337550229393416,neutral,0.37782262899334224
1440337550896287749,negative,0.000871376721220385
1440337551894597646,negative,0.2588183548893972
1440337551961694211,negative,4.4971070077954107e-10
1440337554385952776,negative,4.7105124723697185e-08
1440337554654457868,negative,0.06342112256631237
1440337555036114949,negative,0.09760298622649946
1440337555472347138,negative,0.014214281945183002
1440337556252463113,negative,0.177406132190233
1440337556541870083,negative,0.0002300376093999743
1440337558584451075,negative,0.014524257104408222
1440337560258023434,negative,0.036402563063229865
1440337562317443079,negative,0.002345803158581244
1440337564011884555,negative,0.19341072640475068
1440337564070649871,negative,0.02767555270867449
1440337566557827086,negative,0.00010613915765315761
1440337569204432899,negative,0.14922599952763216
1440337569846226951,negative,0.2304298459045494
1440337570542407696,neutral,0.5101226214277461
1440337572660609026,negative,3.3579604946666776e-07
1440337574455697418,positive,0.9612132392386185
1440337575164538883,negative,0.09578524519849187
1440337577035239433,negative,0.0002767159789814885
1440337578188701696,negative,0.1819209013405795
1440337579186917391,negative,2.9789743548220867e-05
1440337580000616454,negative,0.0029216921018382345
1440337580147417091,negative,0.006744417116069987
1440337586308804613,negative,3.1795759507877584e-07
1440337587781070860,positive,0.755661549638048
1440337589009993735,neutral,0.37874993579954885
1440337589328703491,positive,0.6947994382299444
1440337594588418050,negative,0.31088210341413597
1440337595163033617,negative,2.5963835564475344e-06
1440337595767013378,positive,0.7438986566074878
1440337609117425666,negative,0.267325843877969
1440337610493157389,negative,0.013508130560360085
1440337611516641288,neutral,0.33697404783957957
1440337614276415494,negative,0.010569313595648359
1440337616495284225,negative,0.024889991582082136
1440337625609506820,negative,0.09760298622649946
1440337626196680707,negative,0.016874379496387853
1440337628457422854,negative,0.0005711971936911312
1440337629740818439,negative,0.2235776775113256
1440337635759648770,negative,0.061618569961067376
1440337636221067277,neutral,0.38556228719218816
1440337636460171273,positive,0.9633894245446962
1440337639853355015,negative,0.00405876160053023
1440337645213683721,negative,0.006248738922124314
1440337645746352144,negative,2.715333103127784e-07
1440337647436636173,negative,0.10182792736064882
1440337648497823749,negative,0.13806840733716452
1440337649709977606,negative,0.11784729207321422
1440337653749018636,negative,0.07151482405143128
1440337654185291794,negative,0.0004097684185461507
1440337658224410631,negative,0.19014992005452266
1440337659679805448,negative,0.036402563063229865
1440337662678736902,neutral,0.4891902995904685
1440337663140110338,negative,0.03807680321625407
1440337663232413697,neutral,0.45330597087403485
1440337664645820422,positive,0.7715170301790862
1440337669020536840,negative,0.0027683664575976485
1440337673000927252,neutral,0.49789225920557484
1440337674808688642,negative,0.0006124859721109815
1440337679262961675,negative,0.0006124859721109815
1440337686447886340,negative,0.0661787643977264
1440337690705104899,negative,0.061618569961067376
1440337691573305349,neutral,0.49789225920557484
1440337692156313612,negative,0.11804965753960495
1440337693351628803,negative,0.006366922906388695
1440337694513451008,negative,0.0018972765892645348
1440337694710636551,positive,0.9796825922187127
1440337695243337733,negative,0.008096277896805754
1440337699638956053,neutral,0.49789225920557484
1440337704240107533,negative,0.0003853384623732257
1440337712351834118,negative,0.0016918753621103949
1440337721289969672,negative,2.5433917728095397e-05
1440337721499611137,negative,0.027108161885082964
1440337721818370066,negative,0.003305117532631281
1440337723718397971,negative,0.016145598666828055
1440337732933341190,negative,0.00015059077340966623
1440337733881237505,negative,4.45694312334516e-06
1440337737815445512,positive,0.8844876349572268
1440337740302667786,negative,4.2276887438725164e-08
1440337741342855170,neutral,0.5122275927171082
1440337741963661313,negative,0.0495308517219939
1440337742211080193,negative,0.004058587015858615
1440337743096078350,negative,7.367462506505943e-05
1440337743721078785,positive,0.6907372809600184
1440337746422235150,negative,0.09357155103418427
1440337746833281033,negative,0.265490943696957
1440337747340759049,negative,0.177406132190233
1440337747609219077,negative,0.03425843726271117
1440337747655335944,negative,0.012044787170883565
1440337751962841108,negative,0.0004365425188275651
1440337752533319692,negative,0.265490943696957
1440337753812594696,negative,0.005055049155889731
1440337753925771269,neutral,0.49114048206328076
1440337757675524108,neutral,0.5119303746493573
1440337758732443652,negative,0.004274497785551382
1440337759302926337,neutral,0.3353500257179539
1440337759512629269,negative,0.0011768553517955069
1440337759932092425,neutral,0.5651703174880546
1440337760821280774,negative,0.06239078443273523
1440337761714642954,neutral,0.4737554465528978
1440337763618803721,negative,0.00042539461934307455
1440337765686673423,negative,0.0002298396277033423
1440337766143823883,negative,0.11004530489244803
1440337766907215879,neutral,0.49167303829171866
1440337767486013443,negative,0.03625311431852258
1440337768320667659,positive,0.969406210885972
1440337769482518537,negative,5.042394112863841e-06
1440337769721581571,negative,2.3287589979229245e-08
1440337769847427072,negative,0.0021052457235095426
1440337770992443396,positive,0.8549280264906887
1440337771634180105,negative,0.18812299635875782
1440337772540141580,neutral,0.49789225920557484
1440337773672611844,negative,0.028980964862016675
1440337773987172355,negative,0.13292378603408783
1440337774293524480,neutral,0.6544656958691686
1440337774356451328,negative,0.19603018589427082
1440337774440329216,negative,0.19912027976347507
1440337774607933444,neutral,0.49789225920557484
1440337776499589120,positive,0.8366855574905548
1440337776629612545,negative,0.01714232805674773
1440337780882558990,negative,0.009196262842054876
1440337781188747276,negative,0.008924167506930309
1440337781738246146,negative,0.00017595375530701622
1440337783126577155,negative,0.15915691733570175
1440337783453720589,neutral,0.5651703174880546
1440337788432388101,negative,0.12482974041364932
1440337788696547333,neutral,0.5651703174880546
1440337791733284871,neutral,0.41787388301842465
1440337793587154944,negative,1.9782625999503626e-06
1440337793742376961,negative,0.09999158154064307
1440337794069450767,negative,0.017128721214550884
1440337795952771090,negative,0.010320231446011024
1440337800558039046,neutral,0.3620349028511916
1440337809357762567,neutral,0.36295535139567514
1440337810267856903,negative,7.604353223009787e-09
1440337810746052608,negative,0.19081397515932483
1440337812797067281,negative,0.036402563063229865
1440337813610721289,neutral,0.4755805069918675
1440337814428610560,negative,9.383148662210773e-12
1440337817163354121,positive,0.9572984435637251
1440337818996203523,positive,0.7613481412690813
1440337821839990786,negative,0.09357155103418427
1440337822192263169,negative,0.24755889940861342
1440337822334918657,negative,0.1826650518364943
1440337827376492545,neutral,0.4891902995904685
1440337828794146817,negative,1.5294098429871778e-06
1440337832661319689,negative,0.036402563063229865
1440337834502602754,negative,0.18920942336772928
1440337838789120002,negative,0.2690027661561087
1440337844166266896,negative,0.00010260926926032539
1440337845437095940,positive,0.8293198584856798
1440337862042345478,negative,0.005203868262172934
1440337862487011332,negative,0.005772351432491593
1440337863808151559,negative,0.015296469698439123
1440337868979773442,negative,2.4035288098037647e-05
1440337874260414466,negative,0.020994130682686313
1440337874361090048,negative,0.2609122610031921
1440337877183852544,neutral,0.49789225920557484
1440337879108968451,negative,0.027108161885082964
1440337881143255045,negative,0.02295504779145648
1440337881990455305,negative,0.038670689536248574
1440337882879709189,negative,8.389524048743905e-05
1440337883248795653,positive,0.9813546960210322
1440337888487505922,negative,0.005910418039004733
1440337889276035079,positive,0.8293198584856798
1440337889636671492,positive,0.7621659745360051
1440337890978848773,negative,0.19081397515932483
1440337892354625537,negative,0.016874379496387853
1440337894435029006,negative,0.002579325068453308
1440337895345164297,negative,0.028202555933313722
1440337900256710671,negative,0.00020887895374678694
1440337908041281536,neutral,0.49789225920557484
1440337908162961418,neutral,0.49789225920557484
1440337909790298112,negative,0.0016918753621103949
1440337910557908993,negative,0.09337984980944268
1440337913749774337,negative,0.01477502034246312
1440337914806689798,negative,0.10639366606780541
1440337915289092106,negative,0.01235253323132537
1440337915406520320,negative,0.0018992233795470503
1440337916949975040,negative,1.0057790853072954e-05
1440337917285572617,neutral,0.49789225920557484
1440337919194005507,neutral,0.3895154497821916
1440337920905265154,negative,0.00011985344444240422
1440337922570350599,neutral,0.46127768308170247
1440337923736408070,negative,0.0003158301060278679
1440337923933556747,positive,0.8977402007255775
1440337924520775685,negative,0.17714364638656965
1440337924537479182,negative,0.04956026847406002
1440337927217692678,negative,0.18603225887391564
1440337928731783168,neutral,0.5651703174880546
1440337928803160066,neutral,0.49789225920557484
1440337930673819649,negative,0.007820397845522698
1440337930724122637,negative,0.03193153962251628
1440337930912890884,negative,0.0007447384326607038
1440337931370057738,negative,0.0005134429335787006
1440337932754116612,neutral,0.49789225920557484
1440337935958634506,negative,0.0006348037256217248
1440337936747171843,negative,0.0010272306823098669
1440337937497870351,negative,0.1819209013405795
1440337937950863368,negative,0.32292149377074103
1440337940530356239,positive,0.9647616799588061
1440337941277020168,negative,0.09796581027268289
1440337941759348747,negative,0.0026806865268151773
1440337942384308228,negative,0.32667192882550816
1440337945110585347,negative,0.00015941535658892648
1440337945186103304,negative,0.0006287543779531469
1440337945983021059,negative,0.05118995316798698
1440337946129821704,negative,0.00013650957402940972
1440337946968670219,negative,0.0001746018768880361
1440337949598498816,neutral,0.38556228719218816
1440337949598519306,positive,0.8977402007255775
1440337950311550997,negative,0.04295636050546059
1440337950785478668,negative,4.4017527946425525e-05
1440337954224758790,negative,0.009196262842054876
1440337954652655620,positive,0.8977402007255775
1440337956468785161,negative,0.06525781025480551
1440337957248901131,negative,0.18812299635875782
1440337959287332890,negative,0.0001584873285048229
1440337959551594507,positive,0.8977402007255775
1440337959807377417,negative,0.0006071659319908727
1440337960738586628,negative,0.029900569246079964
1440337960931520515,negative,0.13924083246349173
1440337960956674053,negative,0.31732489718339985
1440337961040564225,neutral,0.3385252644667176
1440337962600853510,negative,0.00657804169283883
1440337962785406978,positive,0.8293198584856798
1440337964396019713,negative,0.00657804169283883
1440337966572785670,negative,0.000851268681141201
1440337966660931587,negative,0.004961827475410116
1440337968330252299,negative,2.7888100819201452e-05
1440337968812609543,negative,0.017221785721199895
1440337968976199680,negative,0.01076531461541205
1440337969366196225,negative,0.0004682961177569243
1440337974730715140,negative,0.32667192882550816
1440337975812837386,neutral,0.4071538235890296
1440337976064495619,negative,0.057950954754558005
1440337978203639811,positive,0.9251920887230551
1440337979621343241,negative,1.9782625999503626e-06
1440337979906482181,negative,0.023386854293350048
1440337980376322054,negative,0.015767988791122057
1440337983924625421,negative,0.1625474198447548
1440337987083005973,negative,0.00010260926926032539
1440337991562457090,negative,0.10182792736064882
1440337997644189720,negative,0.0004097684185461507
1440338000961957897,negative,0.07387732721957979
1440338002467692547,positive,0.8293198584856798
1440338002773823502,negative,0.10814324891058485
1440338009375723528,positive,0.8293198584856798
1440338023950864385,neutral,0.5872280614744636
1440338024693317635,neutral,0.49789225920557484
1440338025351823362,neutral,0.3501643158529298
1440338026333233152,negative,0.15175671462557233
1440338027851616276,negative,0.0016918753621103949
1440338036001099777,negative,8.389524048743905e-05
1440338036772925452,positive,0.781110645066274
1440338036940623880,negative,0.027108161885082964
1440338042946867205,negative,0.09116153397440477
1440338048441458706,negative,0.002869059355019415
1440338048735084563,negative,0.015767988791122057
1440338053260738575,negative,3.969798576467579e-10
1440338053910851602,negative,0.0005140508822575727
1440338055802486791,positive,0.7715170301790862
1440338058222604304,negative,0.11592780363855204
1440338066271457284,negative,0.11592780363855204
1440338067059982336,negative,0.0377818299023107
1440338082503348229,negative,0.0016918753621103949
1440338082520199174,neutral,0.5651703174880546
1440338091101671442,negative,0.006744417116069987
1440338107228770312,negative,0.025435708576205987
1440338111490244612,negative,0.10622443707433996
1440338114233307146,positive,0.9929849180172197
1440338119589445634,negative,0.0005134429335787006
1440338121267183626,negative,0.2715220889220143
1440338125419474949,negative,0.0016919115061948874
1440338129420832769,negative,0.2609122610031921
1440338130725265413,negative,4.838534830691098e-05
1440338131056672776,negative,4.0857846419225734e-10
1440338138283470855,negative,0.21695528071350223
1440338142888820736,negative,2.5963835564475344e-06
1440338146940506115,neutral,0.49789225920557484
1440338147636744204,negative,0.1821378976959473
1440338150836998158,positive,0.770175685327065
1440338158499942406,neutral,0.5651703174880546
1440338161465323523,negative,0.14822799893546912
1440338161863852033,negative,0.04295636050546059
1440338163466006531,negative,0.14822799893546912
1440338163482783755,negative,0.00020229791026431368
1440338166506930190,negative,0.0005134429335787006
1440338171913379842,negative,0.06525781025480551
1440338172592852999,negative,0.15960559452264758
1440338176313229312,negative,0.005025691535231157
1440338178007711762,negative,0.015220731711957763
1440338178062180367,negative,1.7034604561739717e-08
1440338178657775623,negative,0.005222689924199438
1440338178821398531,neutral,0.5660245081130308
1440338178888503322,negative,0.265490943696957
1440338178959822867,negative,0.08587534738541439
1440338180213919755,negative,0.04295636050546059
1440338181094666256,negative,0.2970318431609376
1440338181249912841,negative,0.009196262842054876
1440338181572808710,negative,0.10737525578659705
1440338183015727115,neutral,0.49789225920557484
1440338183300923403,negative,0.000736595861839547
1440338184005509124,negative,0.0003702698154064985
1440338185591029772,negative,0.32667192882550816
1440338186782183428,negative,0.003998245492695822
1440338188443078664,negative,0.04137752547730636
1440338190078930947,negative,0.029540985590475518
1440338190653542407,negative,0.016874379496387853
1440338195925766153,negative,0.015767988791122057
1440338196408066062,negative,0.0017531415028283958
1440338198291369994,negative,0.00854642427208888
1440338199583199233,negative,0.08270006332709774
1440338201420259329,negative,0.1738345848700204
1440338204318584841,negative,4.356793348496541e-05
1440338206809935886,negative,0.0022210305282483107
1440338207934083072,negative,0.16578276757186372
1440338208428941319,negative,0.19081397515932483
1440338208483467268,negative,4.929517518099777e-05
1440338210245074948,negative,0.00019936248741786894
1440338210941407232,positive,0.7342680362777907
1440338212203864077,negative,0.00016207107185916192
1440338212682039303,negative,0.265490943696957
1440338214728785930,negative,0.015767988791122057
1440338217387974657,negative,0.000735898765154133
1440338217950056448,negative,0.013508130560360085
1440338218990276611,negative,0.24755889940861342
1440338220051402752,negative,0.00020993507385795335
1440338222903562258,negative,0.15960559452264758
1440338223947927556,negative,0.00031125646390596214
1440338224845516808,neutral,0.49789225920557484
1440338226007273473,negative,0.0004567004776588247
1440338227009757196,negative,0.06916854238397255
1440338227408224268,neutral,0.48033123144142387
1440338228339302400,negative,0.0440174061583079
1440338229098528791,negative,0.18177565591698644
1440338230222549000,negative,0.02767555270867449
1440338230839103502,negative,8.971324629587974e-05
1440338232764370962,negative,0.0007668330995149547
1440338233301233675,negative,0.0184488618856791
1440338234601447426,negative,0.03226664880051129
1440338234962112534,negative,0.04295636050546059
1440338237084426252,negative,0.00024975362394018345
1440338237566775300,negative,1.4786841156540428e-06
1440338238015610881,negative,0.265490943696957
1440338242767777792,neutral,0.37874993579954885
1440338243078148108,negative,0.30725793206365803
1440338245011660802,negative,0.00010011452502029831
1440338247482101775,negative,0.003224006214367594
1440338247805116428,neutral,0.37677626791186986
1440338248132292613,negative,0.11592780363855204
1440338248568487940,negative,0.006282239892630232
1440338253056339981,neutral,0.49789225920557484
1440338255338115078,negative,0.059371854367166486
1440338259796643842,negative,1.762148374833306e-06
1440338259976941587,neutral,0.46127768308170247
1440338264439746571,negative,0.0004609385888474606
1440338265748369413,neutral,0.42224366675877434
1440338269036634120,negative,0.01723413921585572
1440338272723505169,negative,0.036822256960337835
1440338274870968322,negative,0.0002780940270296049
1440338275198124042,negative,6.579242537569963e-05
1440338276808757249,negative,0.005095139236736712
1440338281028194311,negative,0.001881829747546818
1440338281279811597,negative,0.008869716410750812
1440338283452506119,negative,0.00012407515910472166
1440338286786928645,negative,4.838534830691098e-05
1440338288011726858,negative,0.04431868664012741
1440338289001582592,negative,0.0671528990564553
1440338290574454790,negative,0.0027683664575976485
1440338294424813576,negative,0.03715623675119834
1440338296123510789,negative,8.509153011919757e-05
1440338301123063811,negative,0.11784729207321422
1440338304260444168,positive,0.7715170301790862
1440338305833332737,negative,4.80375933690675e-13
1440338309897543693,neutral,0.36570913283058654
1440338310207926274,negative,0.00021564783931403967
1440338311013273612,neutral,0.41760660904893704
1440338311701172232,negative,0.29756348672400457
1440338316256165890,negative,0.025000379253520114
1440338321587130381,negative,0.10157190862797229
1440338322295975944,negative,0.0014253132195587823
1440338322937638920,negative,0.04609536703235878
1440338322954485763,negative,0.0002013386888131608
1440338329157844998,negative,0.00017595375530701622
1440338329220747266,negative,0.1592151548911961
1440338332462948353,negative,0.00010260926926032539
1440338333217951767,negative,0.03782642775619211
1440338334862098434,negative,0.27292421987320603
1440338340402761737,negative,0.16297892143105186
1440338346140573702,neutral,0.49789225920557484
1440338348623613955,neutral,0.49789225920557484
1440338350347468806,negative,0.0010695973977393359
1440338354545971203,neutral,0.49789225920557484
1440338357377126403,negative,0.0007962786588509733
1440338362817122311,negative,0.000694868367793106
1440338363219775500,negative,0.000324247707844289
1440338368487776265,neutral,0.5404696162125819
1440338368693297161,negative,0.015767988791122057
1440338371323174915,negative,0.09147155272816797
1440338371763576833,neutral,0.6408727464476993
1440338380189954062,negative,0.01848208992470497
1440338380567429133,negative,0.017128721214550884
1440338380726833162,neutral,0.4891902995904685
1440338383805423617,negative,0.10157190862797229
1440338387366342657,neutral,0.3499352441185855
1440338388087758857,negative,0.015767988791122057
1440338388486213642,negative,0.00020887895374678694
1440338389807484939,negative,2.173001577531378e-06
1440338391019651073,negative,0.031134229944016913
1440338394932924418,neutral,0.5280123112286
1440338395583037440,negative,4.7650672665076615e-06
1440338396451246091,negative,0.0004134707621241425
1440338398812598280,negative,0.1103557228684957
1440338400330989568,negative,0.009976097549667728
1440338402033881091,neutral,0.49789225920557484
1440338402117701638,positive,0.8246709991241777
1440338403149549581,negative,0.009196262842054876
1440338403829051398,negative,0.07393886478111271
1440338404911116290,negative,0.04295636050546059
1440338405364158470,negative,0.0002145293397056912
1440338407230636038,negative,0.2378293090530323
1440338407658442769,neutral,0.49789225920557484
1440338408518209545,neutral,0.49789225920557484
1440338410439254016,negative,0.00998194695617701
1440338411127128066,negative,0.006361508843100117
1440338411307425799,negative,0.13924083246349173
1440338412645404687,negative,0.012044787170883565
1440338413882724367,negative,0.027108161885082964
1440338415187226624,negative,0.029293455454250134
1440338415946371094,negative,0.005025691535231157
1440338416156086280,negative,0.026143193351998707
1440338417028513800,negative,3.680528861995919e-12
1440338417162674185,negative,0.32667192882550816
1440338420874694659,negative,0.00020229791026431368
1440338422183333900,negative,0.00010011452502029831
1440338422724317189,negative,0.3147487766489516
1440338425538703374,negative,1.3207727556918691e-07
1440338426851516416,negative,0.00024975362394018345
1440338427589783554,negative,0.08149233225415205
1440338429737275394,negative,0.00010780659191278447
1440338431209394182,negative,0.08149233225415205
1440338432010579975,negative,0.013508130560360085
1440338432488706064,negative,7.495125468284983e-07
1440338433268805636,negative,0.046350996922239415
1440338435953213450,negative,2.686518444499842e-07
1440338439107268619,negative,0.06617619399968155
1440338439191207937,negative,0.061618569961067376
1440338440327819270,negative,0.016580274129454
1440338442949312531,negative,2.5963835564475344e-06
1440338443179991051,negative,0.12504369518740155
1440338445818216452,neutral,0.5285919107393273
1440338446141181956,negative,0.0004097684185461507
1440338446472527875,negative,0.02142564404714981
1440338448397725701,negative,0.002932868828572941
1440338450813632513,negative,0.006951303277169438
1440338451459547137,negative,0.00817844376253881
1440338451895754767,negative,0.0011517068368809326
1440338453288210441,negative,0.265490943696957
1440338455645458443,positive,0.993706470755076
1440338457822314508,negative,0.00010260926926032539
1440338458023579648,negative,0.14284110946701148
1440338458476564495,negative,0.0021705848969046275
1440338459529396231,negative,0.016145598666828055
1440338459932037132,neutral,0.5642224646758358
1440338462930993167,negative,0.21207114405448002
1440338463828496404,negative,0.321013797281586
1440338465808261122,negative,0.004551720835804535
1440338466642878479,negative,0.000831099413517835
1440338468186439683,negative,0.04295636050546059
1440338468429713416,negative,6.546790054489731e-05
1440338469377560587,negative,0.0041396189906766166
1440338471621591050,negative,0.06553150360855135
1440338472812777486,negative,0.02928901600910365
1440338472829526023,negative,0.009151729245609981
1440338475773947907,negative,0.015240080117386041
1440338476537303046,negative,0.00348654160244766
1440338477082570766,negative,0.050529841638047725
1440338477099327500,negative,0.015767988791122057
1440338481893363714,negative,0.19081397515932483
1440338486704308230,negative,1.170968686189835e-05
1440338487509618691,negative,0.10218700417111146
1440338487673188359,negative,0.015767988791122057
1440338488017051650,positive,0.7715170301790862
1440338488407121929,negative,4.825852407424322e-10
1440338488918896648,negative,0.008009957837269635
1440338489128546312,negative,0.06043217299602261
1440338490210668563,neutral,0.5651703174880546
1440338491389341706,negative,0.0019140011045177786
1440338493901664258,negative,0.018403688585305555
1440338498322460674,negative,0.059927029001749135
1440338501547876365,negative,0.007320491099534866
1440338501757595657,negative,0.02123036163884857
1440338502239997972,negative,0.008927638147570733
1440338503129202703,negative,0.036402563063229865
1440338505708683280,negative,0.01144311630330272
1440338505826127879,negative,0.01243982056122932
1440338507524759557,negative,0.0031923996953757503
1440338511584894990,negative,0.00015575520293661615
1440338512935481344,neutral,0.6212922596067524
1440338513153564673,negative,2.206673741187656e-05
1440338513333874699,negative,0.006744417116069987
1440338514533437447,negative,0.2789373059952305
1440338515221307398,neutral,0.40669539420415435
1440338516152516617,negative,0.00010011452502029831
1440338517754740741,negative,0.0004134707621241425
1440338518144782342,negative,4.6536306620144745e-07
1440338521479258125,negative,6.249746283844014e-05
1440338523853258755,negative,7.367462506505943e-05
1440338524725649408,neutral,0.42262122193092744
1440338525145034763,negative,0.28377101068008276
1440338525988081671,negative,1.0057790853072954e-05
1440338527422586883,negative,0.0003813612224864849
1440338528534032395,negative,0.010808214898938961
1440338529624596495,negative,0.0999755717596402
1440338532665479169,negative,0.0025243545964711202
1440338533416247306,neutral,0.5823330593361561
1440338533546299392,negative,0.08544576714818891
1440338534162833425,negative,0.032127260966287555
1440338535869865998,negative,2.640884628903695e-07
1440338535899271180,neutral,0.5381920110527642
1440338539212804103,neutral,0.3599131410806974
1440338539363790861,negative,0.11154443292387338
1440338539577626643,negative,0.265490943696957
1440338539875504144,negative,0.1592151548911961
1440338542450724875,neutral,0.5101226214277461
1440338542622744580,negative,0.024889991582082136
1440338548415098886,negative,0.07839569446439199
1440338552986865667,negative,0.04118233283770675
1440338553293008900,negative,0.009151729245609981
1440338553800577028,negative,0.0002013386888131608
1440338553959968774,negative,0.08878946170869388
1440338556229095433,negative,0.07229685285722139
1440338558779211792,negative,0.04295636050546059
1440338560612122632,negative,0.05627348004486112
1440338561337683975,neutral,0.5738167981477631
1440338562038124550,negative,0.013508130560360085
1440338563145428996,negative,0.11328161278534599
1440338565762740224,negative,0.05172491134459365
1440338566328963074,negative,0.004862825949078351
1440338567851479050,negative,0.0003095998345007483
1440338568501547012,neutral,0.4896126761253707
1440338569373966347,negative,0.0011565105836462263
1440338574986018824,negative,0.08622836336233744
1440338580102991882,negative,0.00046097442554739236
1440338580136554504,neutral,0.6166747953299241
1440338582812565528,negative,0.03431976693368864
1440338583504637956,negative,0.07923290726464788
1440338586130268169,neutral,0.539879282281795
1440338586457444358,negative,0.04295636050546059
1440338587040378889,neutral,0.39943280156588773
1440338587510136832,negative,1.392947878114249e-05
1440338591486386185,positive,0.7188522124171705
1440338591528357900,negative,0.0035007050732706094
1440338591851241475,neutral,0.4147342023902695
1440338597446516749,negative,2.4397988175541224e-06
1440338597903699977,neutral,0.46127768308170247
1440338599296131085,neutral,0.33597494136045625
1440338606153867277,negative,0.00010011452502029831
1440338607512776707,positive,0.7715170301790862
1440338608741781505,negative,0.31732489718339985
1440338609509335051,negative,0.00657804169283883
1440338611249942546,negative,0.0036772707646987937
1440338612223025166,negative,1.230884211007983e-07
1440338612357263360,negative,0.20452637925483472
1440338617277157376,negative,0.027719630483713828
1440338617914642446,negative,0.00015941535658892648
1440338618191470604,negative,1.5749806195506022e-13
1440338619231707143,negative,0.12112587181863445
1440338621064613895,negative,0.015767988791122057
1440338621165232129,negative,0.30725793206365803
1440338622436184091,negative,0.10218700417111146
1440338623266578432,negative,0.010808214898938961
1440338623530889229,negative,0.003243154986982186
1440338624118022150,neutral,0.5125846670749056
1440338625195958278,negative,0.08893984406483758
1440338627414814720,negative,0.08622836336233744
1440338629008658447,negative,2.827850107010129e-07
1440338630833172490,negative,0.00017595375530701622
1440338632942882820,negative,0.19081397515932483
1440338633500680197,negative,0.015767988791122057
1440338634247335936,negative,3.3642755736536296e-12
1440338635555934224,negative,0.0004134707621241425
1440338636805791760,negative,0.03849088931320565
1440338638445834254,negative,0.00019958379054630358
1440338641809592323,negative,0.265490943696957
1440338643311214603,negative,0.010760033229077868
1440338643642503175,negative,0.07387732721957979
1440338644397477889,negative,4.125864282484937e-06
1440338644875632642,negative,0.041964480800254333
1440338644921774090,neutral,0.5101226214277461
1440338647220252680,negative,0.030526327410669924
1440338647551598594,negative,0.04295636050546059
1440338648260509699,negative,0.14622288293529362
1440338648361148418,negative,4.7650672665076615e-06
1440338648801497091,negative,0.00010260926926032539
1440338649388752897,negative,0.07573601161511469
1440338651703955467,negative,0.06320575662810483
1440338651871793158,negative,0.0026039470238925985
1440338654325469190,negative,0.2186366811851303
1440338655109738510,negative,0.16305889594729991
1440338655327907852,negative,0.0004306219082985208
1440338656485515265,negative,0.30725793206365803
1440338658230296590,negative,0.0334340396174245
1440338658591068169,negative,0.0004609385888474606
1440338659006320641,negative,0.000573618598008008
1440338661782945798,negative,0.015767988791122057
1440338662185529352,positive,0.8427607469062972
1440338663787806726,neutral,0.41787388301842465
1440338664261763084,negative,0.03043029529167447
1440338664802816006,negative,0.009196262842054876
1440338664911867904,negative,7.367462506505943e-05
1440338666459582464,negative,0.19081397515932483
1440338667470397466,negative,0.002700698324663485
1440338669500465157,negative,0.002644246906082869
1440338673778638865,negative,6.176123472175711e-06
1440338675657699345,negative,2.5242019537033106e-06
1440338675791921166,negative,0.0007090639669966105
1440338677633208334,negative,0.029400370639505822
1440338677800964109,negative,0.008500314100179032
1440338685266837511,negative,0.008822245262546363
1440338688693575683,negative,0.16297892143105186
1440338688920023065,negative,0.0712590667608164
1440338694443917329,negative,0.00014069400271598124
1440338695962259458,negative,0.08622836336233744
1440338696411103242,negative,0.26844223652593074
1440338697686159368,negative,0.17049253340523368
1440338698323644417,negative,0.06849358691019528
1440338699271557120,neutral,0.49789225920557484
1440338700257296389,negative,0.10115549659395974
1440338701494538248,negative,0.006391737420647268
1440338701960179726,negative,0.1592151548911961
1440338702761222148,negative,0.07429522210644815
1440338703012937733,negative,0.038670689536248574
1440338703444938759,negative,0.02767555270867449
1440338704749379589,negative,0.04596550546307193
1440338704929673219,negative,0.06043217299602261
1440338704996864005,negative,0.20314941119367422
1440338706397683725,negative,5.042394112863841e-06
1440338709774176264,neutral,0.49789225920557484
1440338710629732358,negative,0.10218700417111146
1440338710747181056,negative,1.2567390575459562e-07
1440338712395583493,negative,2.3410339190319044e-07
1440338712869543941,negative,1.1106187220317445e-10
1440338713658023954,neutral,0.3324933724216416
1440338714052337681,negative,0.1523768248585688
1440338716430503936,negative,0.10639366606780541
1440338717030240256,negative,3.417094936583739e-05
1440338717541949443,negative,0.017128721214550884
1440338717667848201,neutral,0.6308457976466544
1440338718833840141,negative,1.5075443494079586e-05
1440338718993227790,negative,7.4282568143607724e-06
1440338719047774215,negative,1.1091620181302107e-08
1440338719089725440,neutral,0.456536559578588
1440338719425241089,neutral,0.5936672817124001
1440338721459429383,negative,0.009121483471747516
1440338721610424321,negative,0.0036772707646987937
1440338721937653766,negative,0.0016918753621103949
1440338723275567131,negative,0.30895589162194187
1440338725599252493,negative,0.0001584873285048229
1440338726622691330,neutral,0.49789225920557484
1440338727381856267,negative,0.001226484070803676
1440338729307033606,negative,0.029540722739466455
1440338730774974470,neutral,0.399810821320921
1440338731420946442,negative,0.02167373053095297
1440338731790049288,negative,0.0006937130529364055
1440338735275528205,negative,2.378486470037466e-05
1440338735602679820,negative,0.15423155134273484
1440338737720807428,negative,6.104391758310945e-10
1440338738891026433,negative,9.156238525961825e-05
1440338739247550477,negative,0.07429522210644815
1440338740421947403,negative,0.0009787767482710278
1440338740732260354,negative,0.12231422726136194
1440338740879114253,negative,0.08740540345198433
1440338742913351680,neutral,0.49789225920557484
1440338745979375625,neutral,0.4985928500860049
1440338746986024973,negative,0.00015904635838896123
1440338747246014475,negative,0.0027683664575976485
1440338747673833482,negative,0.05677475599644291
1440338748286267405,negative,0.04295636050546059
1440338750584733706,negative,0.31088210341413597
1440338755504672776,negative,0.05041799100593473
1440338755731083283,negative,0.019627313054476927
1440338758209921039,negative,1.9014367768829785e-08
1440338758868488197,neutral,0.49789225920557484
1440338759015276557,negative,4.823641962468908e-05
1440338759124283394,negative,4.837625340620981e-09
1440338759329804294,negative,0.009196262842054876
1440338761217306631,neutral,0.49789225920557484
1440338762202976262,neutral,0.49789225920557484
1440338762978840585,negative,0.0010795455625612228
1440338763071164417,neutral,0.4554342527617061
1440338765147369473,negative,0.050484449332347484
1440338767722602500,negative,0.17638509995179275
1440338769689808918,negative,0.00010260926926032539
1440338771384287238,negative,5.115103107739232e-05
1440338773993136139,negative,0.009196262842054876
1440338774404186112,negative,0.17397906168782573
1440338775415013388,negative,0.014524257104408222
1440338776828481550,negative,3.571391597226545e-05
1440338779399618561,negative,0.0440174061583079
1440338781261864980,neutral,0.4507454498615163
1440338781316390912,neutral,0.37824070547216776
1440338782188752901,neutral,0.5543954627711467
1440338783027691536,negative,0.009196262842054876
1440338783044395025,negative,0.001996003801056401
1440338784466325520,negative,0.006363792232378198
1440338784508203011,negative,0.021801842426542237
1440338784961241089,negative,0.006354416628391004
1440338785057710088,negative,0.007336463071768929
1440338785573621760,negative,0.11592780363855204
1440338785783320576,negative,0.007357578366045678
1440338785921761287,negative,0.017128721214550884
1440338788757106693,negative,0.3147487766489516
1440338789252014085,negative,0.27154132798889374
1440338790191534086,negative,1.3209305455054124e-05
1440338792053821447,negative,0.0016729513637570848
1440338792410337287,negative,0.0021140279557744263
1440338792473235466,negative,8.982353192409666e-08
1440338793077243906,negative,0.10218700417111146
1440338794280996873,negative,0.09837100459648904
1440338794473869321,negative,0.027108161885082964
1440338794750771211,negative,0.2272450513505642
1440338795841265673,negative,0.008130198823995455
1440338795988062211,negative,0.020840765486248542
1440338798445953029,negative,0.0019431648921011192
1440338800224342018,neutral,0.3599131410806974
1440338801100951552,negative,0.0006989957680069353
1440338802833195011,neutral,0.40506534230917196
1440338803281981445,negative,0.18920942336772928
1440338806897463302,negative,0.13891317365059938
1440338807069417479,negative,3.067308239890018e-07
1440338807102926859,neutral,0.49789225920557484
1440338808222801927,negative,0.19869735666176114
1440338808839438358,negative,0.003870737908615748
1440338808851951628,negative,0.015767988791122057
1440338809615314963,negative,0.004757590414939388
1440338810059902977,negative,0.036402563063229865
1440338810353508353,negative,0.060881115742309755
1440338811372785671,negative,5.5947827681157446e-08
1440338811439833104,negative,0.11058219738689619
1440338811452493829,negative,9.156238525961825e-05
1440338811964121097,neutral,0.49789225920557484
1440338812484272144,negative,0.03926771775908384
1440338812501041167,negative,1.0057790853072954e-05
1440338814791081992,neutral,0.6509717652236753
1440338816166813701,negative,0.00016041418167978526
1440338816674385927,negative,0.16625507404718293
1440338818989580290,negative,0.022479241434874085
1440338820315025423,positive,0.8293198584856798
1440338821392916482,negative,0.0033218636610871785
1440338822273765383,negative,0.019297418948052123
1440338822672175108,negative,1.5339250605357572e-08
1440338824786104325,negative,1.4861194520572712e-07
1440338826140917761,negative,1.1525547771077616e-05
1440338826698706952,negative,4.641044222523998e-05
1440338828212858893,negative,0.3104075192754546
1440338828238077966,negative,0.0003648162136627658
1440338828842070027,negative,0.017128721214550884
1440338829215354884,negative,8.982353192409666e-08
1440338830461050891,negative,0.05161751860465191
1440338830532354064,negative,9.539782513055214e-05
1440338832155570177,negative,4.4961135586955514e-05
1440338834667888641,negative,0.008157698466297617
1440338835078930435,negative,0.0007962786588509733
1440338836383363078,neutral,0.6567552400637309
1440338838472179734,negative,2.5148342541932238e-05
1440338838832910343,negative,0.013508130560360085
1440338839524896770,negative,0.012727382811444145
1440338840921653256,negative,0.036402563063229865
1440338844843331584,negative,1.2936647628950303e-10
1440338844893646862,neutral,0.3641228075610855
1440338847821303814,negative,0.17959209253746744
1440338847888379906,neutral,0.5212084554669985
1440338849339564033,negative,0.011887956254572665
1440338849582837766,negative,0.07429522210644815
1440338850639802383,positive,0.939503580058176
1440338854108557320,negative,0.00015941535658892648
1440338854800592907,negative,0.001618414869061152
1440338858273493005,negative,0.025615430834656113
1440338858869092358,negative,0.07573601161511469
1440338860718706692,negative,0.2256301859269302
1440338861373071368,negative,0.0013229500594619213
1440338863298265106,negative,7.630909500712083e-07
1440338863541473290,neutral,0.539879282281795
1440338863881211919,negative,8.110203370883305e-11
1440338868981485568,negative,0.18920942336772928
1440338870348836868,neutral,0.5101226214277461
1440338873486221329,negative,0.025241452077692822
1440338876325793793,negative,0.0010057441370662204
1440338879127588874,neutral,0.49789225920557484
1440338879526027264,neutral,0.4985928500860049
1440338880071233547,neutral,0.49789225920557484
1440338881144975366,negative,0.016502347389555274
1440338881472172039,negative,0.004357205230240593
1440338881614811147,positive,0.8977402007255775
1440338881790939139,neutral,0.40894589973255985
1440338887465787406,negative,0.04956026847406002
1440338890502537224,neutral,0.5330632302838818
1440338892129923077,negative,0.00974895314295733
1440338896454242308,negative,0.02123036163884857
1440338897448308750,negative,0.22526532685473644
1440338898190626827,negative,2.640884628903695e-07
1440338898245197844,negative,7.470453355368132e-18
1440338899843223577,negative,2.0805218373706673e-06
1440338900635897864,negative,1.417946554975839e-05
1440338901713833990,positive,0.8869474622334889
1440338905077673989,negative,0.16880810808330343
1440338906042359810,negative,0.06043217299602261
1440338906918973440,neutral,0.49789225920557484
1440338907237740558,negative,0.00018247481148846813
1440338909397798919,negative,0.00023266436116063844
1440338911167848449,negative,0.0009962418633570353
1440338911989927944,negative,0.0009469196872524658
1440338916175867916,negative,0.042132153378191976
1440338917870342160,negative,0.06938933767673902
1440338929559871493,negative,2.5963835564475344e-06
1440338934026825737,negative,0.14921933921609068
1440338944026046465,neutral,0.49789225920557484
1440338944508383241,neutral,0.49789225920557484
1440338946873954335,negative,0.031134229944016913
1440338958274084865,negative,0.0668642710847093
1440338959695953923,neutral,0.49789225920557484
1440338963500134400,neutral,0.3599131410806974
1440338963730890752,negative,0.0014161131318279133
1440338966515912725,negative,0.0002379760231903229
1440338974178832391,negative,0.006744417116069987
1440338974304718853,negative,0.04851208288273014
1440338984756920325,negative,0.00010260926926032539
1440338985180536834,negative,0.0011256360509625074
1440338986178732040,negative,0.024658402043049362
1440338989324460040,negative,8.982353192409666e-08
1440338991585247235,neutral,0.49789225920557484
1440338992034058240,negative,0.2441795324535492
1440339003799048203,neutral,0.3599131410806974
1440339010174349318,negative,0.014524257104408222
1440339010572873733,negative,3.836643479031204e-06
1440339016990138371,positive,0.9796825922187127
1440339017636061187,positive,0.8939862661656314
1440339021671002123,negative,0.010578881581659625
1440339022325243916,negative,0.22493346794813412
1440339023940128773,negative,0.1592151548911961
1440339024405688332,positive,0.9572984435637251
1440339037647032322,negative,0.08622836336233744
1440339038745944072,negative,0.006744417116069987
1440339039190544406,negative,0.11313168950634336
1440339041111580679,negative,0.00020229791026431368
1440339041908518912,negative,0.02767555270867449
1440339044164988930,negative,0.036402563063229865
1440339047990185994,negative,0.005025691535231157
1440339049378553862,negative,0.034755845081151614
1440339049856716813,neutral,0.4316364659067008
1440339049986723847,negative,0.004961827475410116
1440339053354704898,negative,6.579242537569963e-05
1440339054046822414,negative,0.14283590895441953
1440339054185173005,negative,0.13924083246349173
1440339055632261120,negative,0.00025591260740821906
1440339057196691460,negative,0.17010680590107932
1440339057406476296,negative,0.0006429423304116278
1440339058857680899,negative,5.042394112863841e-06
1440339060019449856,negative,0.015767988791122057
1440339062921969678,negative,0.0026807033401922194
1440339062968119309,neutral,0.36832179308602575
1440339064201252876,neutral,0.5638488085112237
1440339065182703621,negative,4.1222398930937095e-15
1440339067166625807,negative,0.036402563063229865
1440339068819152909,negative,0.006363792232378198
1440339075681042433,negative,4.3007260178217595e-07
1440339078365401103,negative,0.03750512774756221
1440339078558355458,positive,0.7221657641117433
1440339080500289542,negative,6.344066598657024e-07
1440339083318882309,negative,0.09433456612316915
1440339083616681995,negative,0.010808214898938961
1440339084883345422,negative,0.2224276534798429
1440339090906304520,negative,0.12475800717089122
1440339092479246348,negative,7.367462506505943e-05
1440339097147510800,neutral,0.49789225920557484
1440339097885679623,negative,0.012044787170883565
1440339099269828619,negative,0.03750512774756221
1440339099374604288,negative,1.569308198416873e-05
1440339099924140034,negative,0.0005860321746683697
1440339101006254096,negative,0.009641066860949744
1440339102109290504,negative,1.2915056663935679e-10
1440339102314893325,negative,0.009196262842054876
1440339103132762113,negative,0.0005134429335787006
1440339109554241556,negative,2.5356700661824824e-07
1440339109587734550,negative,0.008922373080550754
1440339109923360781,negative,0.016502347389555274
1440339110346965000,negative,0.09984092990426906
1440339111626174477,negative,0.25572572851257924
1440339114373513225,negative,0.21695528071350223
1440339115384270855,negative,0.006363792232378198
1440339117863174144,negative,0.02767555270867449
1440339118211284997,neutral,0.3599131410806974
1440339118639091718,negative,0.028269663169361466
1440339122757898263,negative,0.17766321996182619
1440339122913091595,negative,0.0012679925049447938
1440339124330762243,neutral,0.5823330593361561
1440339124620169231,negative,0.05460500759452505
1440339126729859088,neutral,0.4147342023902695
1440339127128317957,negative,0.265490943696957
1440339128810229764,negative,0.3216430279456804
1440339129795969037,negative,0.032417719344080935
1440339130345349123,negative,0.029316914598231884
1440339132065017864,negative,1.2473597981557252e-05
1440339132694155285,negative,0.0004134707621241425
1440339133461721103,negative,0.01090925127847939
1440339137421209606,negative,0.005292127425699607
1440339150020874254,negative,0.18920942336772928
1440339151224668166,neutral,0.49789225920557484
1440339153485324303,negative,0.013508130560360085
1440339157243498510,negative,0.00015059077340966623
1440339158027833347,negative,0.001378737814658775
1440339158052921362,negative,0.009587576545250262
1440339158883397633,negative,0.0004134707621241425
1440339158967328769,negative,0.013301653734514215
1440339163736264712,negative,0.11709694541669367
1440339168953917456,negative,0.11722788668652345
1440339169071357955,negative,0.04374786803827072
1440339170371653635,negative,0.0033218636610871785
1440339174792384513,negative,0.018369053406427378
1440339177090940929,negative,0.0010746604947477305
1440339177560698880,negative,0.00217310166757958
1440339177657147409,neutral,0.5791158185558418
1440339187924828174,negative,0.0004134707621241425
1440339191313752072,neutral,0.4495554764948306
1440339192635031560,negative,0.1592151548911961
1440339200285442048,negative,0.275289638846691
1440339205096296466,negative,0.0011542129953511931
1440339213069664263,neutral,0.49789225920557484
1440339213979770890,negative,0.0060702005639799465
1440339215179341831,neutral,0.49789225920557484
1440339216454410252,negative,0.015767988791122057
1440339218140577801,negative,0.01431909239622731
1440339221890289673,negative,0.22148680448006447
1440339230861914112,negative,0.00013544761705304152
1440339231574872076,negative,0.0038026227643653695
1440339234750033921,negative,0.06525781025480551
1440339236666822658,negative,0.004286041623627626
1440339240311689225,negative,0.036402563063229865
1440339247215480838,negative,0.04666311941419168
1440339250377936902,negative,0.07134781898721025
1440339251430789138,neutral,0.5571609808742115
1440339252869402632,negative,0.005821383561745432
1440339257894207491,neutral,0.5651703174880546
1440339264084922370,negative,0.19081397515932483
1440339266488320011,negative,0.0015470095751740466
1440339267666919430,negative,0.0008503726190808642
1440339270393237514,negative,2.541907425616313e-07
1440339272154771465,negative,0.002462880297236649
1440339278261731346,neutral,0.40218907400961684
1440339280501493760,negative,0.0007068546819744081
1440339282028163091,negative,3.1566141360782504e-09
1440339286193102864,negative,0.1592151548911961
1440339287254323200,negative,0.11592780363855204
1440339296364290051,negative,0.07387732721957979
1440339296498556934,negative,0.007867791523442328
1440339302211223562,negative,0.007867791523442328
1440339302274064386,negative,0.007867791523442328
1440339304111239170,negative,0.0025509769157366973
1440339305478586373,negative,0.017717271246326178
1440339305772158985,neutral,0.41787388301842465
1440339306288074761,negative,0.000128567613459406
1440339313389039634,neutral,0.37319282394708025
1440339317931450369,negative,0.017128721214550884
1440339319219109893,negative,0.08622836336233744
1440339322201280523,negative,0.18828465563566224
1440339325875486733,negative,0.01255335536729097
1440339339653701639,negative,0.017128721214550884
1440339342145163271,negative,0.0001664659173090864
1440339344875683862,negative,0.00016103060338428508
1440339346284896262,neutral,0.4495554764948306
1440339350395314193,negative,0.015767988791122057
1440339353062961163,negative,0.00016103060338428508
1440339354518315019,negative,0.010602117625381654
1440339360889507842,negative,0.030651009411130047
1440339362240106500,neutral,0.48574612021155356
1440339365197090817,negative,0.0002300376093999743
1440339376123174928,negative,3.58970140946474e-05
1440339388211236870,negative,6.1204924170922e-05
1440339391080136705,negative,0.05937492339233661
1440339396738174992,neutral,0.3599131410806974
1440339397874909189,negative,0.1278651415762741
1440339400408256516,negative,0.0014336381020420247
1440339402299871248,negative,0.06129131740775202
1440339404648632336,negative,0.05694859143866389
1440339404992565251,negative,0.0014161131318279133
1440339415742627853,negative,0.005910418039004733
1440339418376650763,negative,0.11592780363855204
1440339425473400841,negative,0.015767988791122057
1440339427553775629,negative,0.0007962786588509733
1440339429856407566,negative,8.982353192409666e-08
1440339432175857672,neutral,0.3309914659056116
1440339438677024779,negative,1.0057790853072954e-05
1440339439612403729,negative,0.004185385301197883
1440339441311051776,negative,1.1420289615933772e-05
1440339442800029706,negative,1.0057790853072954e-05
1440339446688206857,negative,0.13671639160973711
1440339449108258818,negative,1.0879002084817572e-07
1440339451075465217,negative,0.052637667259932214
1440339452224688138,negative,0.0038932412569813325
1440339459254353926,negative,0.010083962806084536
1440339460416176134,neutral,0.49789225920557484
1440339460843978762,positive,0.9269993431329868
1440339467961659405,positive,0.7715170301790862
1440339470226575379,neutral,0.4274047939449264
1440339470490898432,negative,0.11592780363855204
1440339472239919113,negative,0.06278461911465234
1440339474601316358,negative,5.5947827681157446e-08
1440339483111481347,negative,5.111607326131747e-06
1440339489558196231,negative,0.0008503726190808642
1440339490426404871,negative,0.21192963163523793
1440339493161029640,negative,0.08956783707546177
1440339500085891084,negative,0.002199032991266472
1440339502736687108,negative,0.31088210341413597
1440339509057503238,positive,0.9929294462968072
1440339509116170246,negative,0.06617619399968155
1440339510445838337,negative,0.009224076550150413
1440339510680715273,negative,0.009196262842054876
1440339511657975813,negative,0.00023028584600899612
1440339514375819271,negative,0.028068776687131335
1440339515927773185,negative,1.9782625999503626e-06
1440339516955377679,neutral,0.4197108409034777
1440339517077000199,negative,1.833385544102019e-07
1440339518293364748,negative,0.015767988791122057
1440339518410817547,negative,0.02767555270867449
1440339519023157260,negative,0.061618569961067376
1440339520059179026,negative,0.07606322171966565
1440339521497808903,negative,1.4063389011333175e-05
1440339521640431634,negative,2.9369886500148703e-08
1440339521896280075,negative,0.0004370951619319933
1440339522164690948,negative,0.00019696772181325978
1440339523523661826,positive,0.861279610194784
1440339524572250121,negative,0.19081397515932483
1440339528196055045,negative,9.156238525961825e-05
1440339528699367425,negative,0.0008727960657917153
1440339531752898566,negative,0.30774419587640817
1440339532511993876,negative,0.015767988791122057
1440339532612657172,negative,0.026486162930264096
1440339533514506256,negative,0.029292996080039043
1440339533539598345,negative,0.2363356696800841
1440339534454026240,negative,7.367462506505943e-05
1440339534734970885,negative,0.0004609385888474606
1440339536018436096,negative,0.002917670449285693
1440339536077156359,negative,0.009196262842054876
1440339536781873153,negative,0.005941876369303631
1440339536857370631,neutral,0.49789225920557484
1440339536895086592,negative,0.02142564404714981
1440339537297772545,negative,0.003222538965588384
1440339538602192901,neutral,0.3472290389240519
1440339541810827277,negative,0.00018165170024233394
1440339542712614912,negative,0.02021034892954008
1440339545153622016,negative,0.011040759402369272
1440339546072182790,negative,0.11110021240808356
1440339546428772352,negative,0.1306787640348744
1440339548127465479,negative,0.0024789538972038692
1440339548903337992,negative,8.982353192409666e-08
1440339550446895108,negative,0.0010272306823098669
1440339551101145097,negative,2.2077130090853999e-13
1440339552799911936,negative,0.026143193351998707
1440339553248628741,negative,0.06298563244829895
1440339554251145227,negative,0.12179899075858944
1440339557237473280,negative,0.06525781025480551
1440339557870804996,negative,2.2081557477796426e-05
1440339558344761352,negative,0.016903887925034295
1440339558638383117,negative,0.003222538965588384
1440339563516284938,positive,0.9202548324355474
1440339564069937164,negative,0.3169632515317915
1440339564346822657,negative,0.012044787170883565
1440339564619386880,neutral,0.6211423383406477
1440339568062914569,negative,0.04546811635048779
1440339568423624717,negative,0.18375970861162721
1440339571527483392,negative,0.023093421536274986
1440339571691057160,negative,0.0020041229682373055
1440339575394562055,positive,0.7715170301790862
1440339576564768770,negative,8.982353192409666e-08
1440339577512751114,neutral,0.49789225920557484
1440339577999265802,negative,0.07815763471633172
1440339578339033103,neutral,0.539879282281795
1440339582122278920,negative,0.1411108812064738
1440339582952742926,negative,0.15960559452264758
1440339584290676755,negative,0.0012976459082259231
1440339585922334723,negative,1.7364910028160713e-06
1440339587730063380,negative,0.0067826624783518166
1440339591349694469,negative,7.019972260190154e-05
1440339591962132480,negative,0.19377556106970012
1440339593266544648,negative,0.2934804634370585
1440339594289942530,negative,0.06525781025480551
1440339595741126661,negative,0.013658020794270954
1440339599855796232,negative,0.015229916533790208
1440339600652718090,negative,0.008992898326959257
1440339601298649099,neutral,0.49789225920557484
1440339601604812819,negative,0.0038932412569813325
1440339604750565387,neutral,0.6016984194623941
1440339608848388108,negative,0.00017595375530701622
1440339611276824578,negative,0.2681725465258167
1440339612145127433,negative,0.14622288293529362
1440339617740251144,negative,0.08027497984545989
1440339627529830412,positive,0.7715170301790862
1440339628549021699,negative,0.02501937543752441
1440339630688145415,positive,0.7715170301790862
1440339631048851456,negative,0.022826752730213624
1440339635540873217,negative,0.001145123609886706
1440339635775758351,negative,2.9114366303456233e-07
1440339635809312780,positive,0.9592334712528777
1440339644004986890,negative,0.0016918753621103949
1440339645397536772,negative,0.00647149154239245
1440339655463890951,negative,0.0027134258053837304
1440339660991971339,negative,0.03145378823088764
1440339668201992196,negative,0.3049050306238084
1440339668512301064,negative,0.011913006391284309
1440339676271824909,negative,0.1947486165211348
1440339685134327827,negative,0.003645762717894519
1440339687172821001,negative,0.0002899548095081189
1440339699474731013,negative,0.002517515502288819
1440339704486895623,negative,0.0016918753621103949
1440339706265276431,neutral,0.4495554764948306
1440339707678781459,negative,0.015767988791122057
1440339711743070213,negative,0.1592151548911961
1440339712019816450,negative,0.04666311941419168
1440339712477040648,neutral,0.49789225920557484
1440339716918808586,negative,0.018369053406427378
1440339721893253125,negative,2.0295609774006937e-05
1440339725273866243,negative,0.20093979761742614
1440339727068979208,negative,0.0003006873253025797
1440339728381800452,negative,0.17010680590107932
1440339730965557254,negative,0.08508661846739446
1440339731443634176,negative,0.04668087113850798
1440339731716268047,negative,0.031134229944016913
1440339733024890898,negative,2.4962126198677836e-05
1440339735348580359,neutral,0.36291266749893725
1440339737860923394,negative,8.076506045933872e-05
1440339738246848520,negative,0.0035093241940042557
1440339739563806737,negative,0.18483436308901527
1440339740805369874,negative,5.042394112863841e-06
1440339741510025216,negative,7.957431803823732e-06
1440339742927691780,negative,0.1592151548911961
1440339743267454989,negative,0.09128235101314033
1440339744475340801,negative,0.12179899075858944
1440339745008091142,negative,0.22493346794813412
1440339747738505219,negative,3.153586921604119e-07
1440339748753604628,negative,0.00817844376253881
1440339748959109122,negative,0.0036772707646987937
1440339749470818305,negative,0.04295636050546059
1440339750481641477,negative,0.28047796405251385
1440339750901088264,negative,2.037424574222317e-05
1440339751207202825,negative,5.042394112863841e-06
1440339751899328517,negative,6.941981548450683e-05
1440339752213905409,negative,0.04789912760405337
1440339754864701440,positive,0.8293198584856798
1440339755296718854,negative,0.12737612117360828
1440339755523186699,negative,0.02767555270867449
1440339758639583244,negative,0.02545445313493427
1440339760925401089,negative,2.5373083480745336e-05
1440339761021915136,negative,0.015622159005929682
1440339764280922132,negative,0.006262593927787952
1440339765635608581,negative,0.031032695260212583
1440339769821597707,negative,0.025600874418807287
1440339771629322240,negative,0.026143193351998707
1440339771876777985,negative,0.001059692195544645
1440339772531118088,negative,0.021218710909174453
1440339773931941892,negative,0.005025691535231157
1440339776679268361,negative,0.03750512774756221
1440339778667364371,negative,0.07414833241600664
1440339779992780818,negative,0.32667192882550816
1440339780659601411,negative,0.016506735327730945
1440339781402042375,negative,2.304055276006381e-11
1440339782404489221,negative,0.001232040025697256
1440339783109148672,negative,4.838534830691098e-05
1440339785659256838,negative,0.00020887895374678694
1440339785994817545,negative,0.19351706926576842
1440339787152453632,negative,7.405174071230882e-07
1440339787253125120,negative,0.0495308517219939
1440339787408306184,negative,0.005095139236736712
1440339787638980619,negative,0.05857809611254086
1440339787714420742,negative,0.14327991810689328
1440339787773186061,negative,0.02320465776984215
1440339789312512007,negative,1.0139551921708329e-05
1440339789811621889,negative,0.2660853591020496
1440339793045381122,negative,0.023063041499408504
1440339795868205066,negative,5.042394112863841e-06
1440339799068475395,negative,0.0030088536570596898
1440339799081041933,neutral,0.6026652156508013
1440339799588540426,negative,1.23123229362502e-06
1440339800691666951,neutral,0.5125846670749056
1440339800775487488,negative,6.579242537569963e-05
1440339803216613379,negative,0.0003853384623732257
1440339803459833861,negative,2.3602057368772812e-09
1440339804093251596,neutral,0.36819825108009474
1440339804147765249,negative,0.009196262842054876
1440339804764311556,negative,0.007867791523442328
1440339806177796110,negative,0.19081397515932483
1440339807398363149,negative,2.5356700661824824e-07
1440339808849518607,negative,0.07573601161511469
1440339810133049347,negative,0.03858788744688645
1440339810330157064,neutral,0.5136446707795853
1440339811089346565,negative,0.00024451833307777006
1440339811114446849,positive,0.9796825922187127
1440339814478344204,positive,0.7715170301790862
1440339814918746120,negative,0.00020229791026431368
1440339816047001605,negative,0.02545445313493427
1440339818022535178,negative,3.3161295503512776e-05
1440339818030927876,negative,0.004560771972727294
1440339818148294671,negative,0.000735898765154133
1440339820249714689,negative,0.015088949650634231
1440339822824988682,negative,0.265490943696957
1440339822971789315,negative,0.023093421536274986
1440339823185649685,negative,0.11154443292387338
1440339828524998666,negative,0.0004134707621241425
1440339829472989185,negative,0.0323383940935352
1440339832002125831,negative,0.08713886861658608
1440339833344258062,negative,0.00017595375530701622
1440339833969250312,negative,0.00020887895374678694
1440339834011152394,negative,1.8343743141806942e-09
1440339837760929795,negative,3.216059340300062e-05
1440339838956302336,negative,0.0007912072198802379
1440339840134877186,negative,0.04295636050546059
1440339841732911107,negative,0.12471372352075354
1440339842739552265,neutral,0.5101226214277461
1440339842861187080,positive,0.6814114627706096
1440339843192475650,negative,0.006363792232378198
1440339844983525386,negative,1.9782625999503626e-06
1440339845511925765,positive,0.7871841804947196
1440339845860114433,negative,0.04750723235943849
1440339846480891912,negative,2.834393703527203e-06
1440339846694768643,negative,0.1765709549872744
1440339847474933762,negative,0.00046181847475224757
1440339850582921216,negative,0.19696756804979074
1440339850650013708,negative,0.265490943696957
1440339850918457361,negative,0.006435955658033327
1440339852365467649,negative,0.023093421536274986
1440339854315835400,negative,0.0020495826038098163
1440339856513650705,positive,0.8293198584856798
1440339856752660482,negative,0.016142332900188742
1440339867116789773,negative,0.0015697720717433798
1440339868551315474,negative,0.13292378603408783
1440339868895244296,negative,4.6482678323732524e-05
1440339870828826628,negative,0.006744417116069987
1440339877631914009,negative,0.0007962786588509733
1440339882631577607,negative,1.0057790853072954e-05
1440339883780833290,negative,0.015767988791122057
1440339891909316613,negative,0.08622836336233744
1440339892152651777,negative,0.11592780363855204
1440339894438563860,negative,9.320228603301935e-06
1440339895411568648,negative,0.013508130560360085
1440339897349378059,negative,0.09103615755984604
1440339900520288258,negative,0.0004134707621241425
1440339902567047182,negative,0.04448942670938216
1440339904207065090,negative,0.13018195013661088
1440339914340519948,negative,0.0005140508822575727
1440339915875622920,negative,0.00010475118922689486
1440339915942731782,negative,0.022868230692712124
1440339917582729218,negative,0.0005140508822575727
1440339918094417933,negative,0.021958552926965812
1440339918534836248,positive,0.7715170301790862
1440339919738523648,positive,0.7715170301790862
1440339926722039808,negative,0.0003426746168236153
1440339927695200263,negative,2.037424574222317e-05
1440339934951329793,negative,9.076900170219073e-05
1440339936746434560,negative,0.17564180764774678
1440339937383960580,neutral,0.3599131410806974
1440339941259575305,negative,3.58970140946474e-05
1440339942417133579,negative,0.030680013723275314
1440339943734214660,negative,0.0035266422634079603
1440339945927766019,negative,0.036402563063229865
1440339948096217091,neutral,0.3599131410806974
1440339951892062209,negative,9.539782513055214e-05
1440339958623997964,negative,0.00017595375530701622
1440339959609655312,negative,0.0007962786588509733
1440339964412063745,negative,9.155403104427613e-06
1440339970565181449,negative,0.14715086957481224
1440339972792356872,negative,0.29502449652156665
1440339979591290880,negative,4.0583461036680155e-07
1440339979658416145,negative,0.17137162429129033
1440339986612568064,neutral,0.38611810234627597
1440339992820125703,negative,0.015767988791122057
1440339995185668111,negative,0.221680519762181
1440340004270587908,negative,0.23276629695797113
1440340005449203712,negative,0.0005834292544078521
1440340010931159044,negative,0.00020887895374678694
1440340011358953473,negative,0.015891670288143006
1440340012000702471,negative,8.139943422236028e-05
1440340013770698771,negative,8.241596847015754e-06
1440340017411280905,negative,0.3216430279456804
1440340018208247825,negative,0.024032212221091094
1440340018933874697,negative,3.201062479718497e-06
1440340019068104705,neutral,0.46010103845823863
1440340019089076226,negative,0.051549661368573536
1440340024436793348,negative,3.836643479031204e-06
1440340026156486660,negative,0.021607322551911983
1440340039351738384,negative,0.00013990782153875105
1440340039741804545,negative,0.00195487632448974
1440340041432109069,negative,0.04089682102870074
1440340043248193543,negative,0.027108161885082964
1440340046402310157,negative,0.0004134707621241425
1440340048927285257,neutral,0.3400991683515576
1440340050248552460,negative,0.017038647511323193
1440340053289357321,negative,0.06525781025480551
1440340054191140866,neutral,0.5209945258675304
1440340061522825216,negative,0.015767988791122057
1440340064072990730,negative,0.2985914335660466
1440340065436143617,negative,0.013706040532710677
1440340069840146441,negative,0.07820869727474891
1440340071211683848,negative,0.006862019683098858
1440340082532098065,neutral,0.3921392596637016
1440340088756469764,negative,0.018835680888945414
1440340090811662343,negative,0.265490943696957
1440340094494273549,negative,0.056941706454396314
1440340097421873152,negative,0.13059925616059204
1440340097799364612,negative,0.13782136078183335
1440340103977521158,negative,0.13902212940133013
1440340104023732226,negative,0.05792605059087085
1440340104548012040,negative,0.0005834292544078521
1440340104900321282,negative,1.2330392154548994e-06
1440340105269448715,negative,0.023093421536274986
1440340105571364868,negative,0.0003561006212439106
1440340106506694666,neutral,0.49789225920557484
1440340109199482881,negative,0.007254390058033015
1440340111078551556,negative,0.06525781025480551
1440340112747892738,neutral,0.539879282281795
1440340113498669064,negative,3.3161295503512776e-05
1440340116250054662,positive,0.8448267647066751
1440340123271393285,negative,0.017128721214550884
1440340125574041605,positive,0.6947994382299444
1440340127440531465,negative,0.0668642710847093
1440340128233234437,negative,0.264911388095316
1440340129478889477,neutral,0.4495554764948306
1440340129504129031,negative,9.871490904789136e-05
1440340131987091457,neutral,0.49789225920557484
1440340136336654343,neutral,0.5369067033451039
1440340136391163904,negative,0.3029968537174699
1440340139977281541,negative,0.06525781025480551
1440340143466901510,neutral,0.34561146251536173
1440340146210017281,negative,0.0001186111004913783
1440340147980046342,negative,0.06043217299602261
1440340150400151558,negative,0.2031218527706539
1440340152732164098,negative,8.241596847015754e-06
1440340152828653569,negative,1.6355904025046349e-06
1440340154070147074,negative,0.02793266425366768
1440340155240308741,negative,0.08622836336233744
1440340157371019274,negative,0.035894081334576514
1440340162039324676,negative,0.14262640071650776
1440340163331125259,negative,0.21921412548362115
1440340167923888129,negative,0.007128996318427284
1440340168666320912,neutral,0.5651703174880546
1440340169127653393,negative,2.8599297143821422e-06
1440340171048689676,neutral,0.49789225920557484
1440340175150727175,negative,0.024658402043049362
1440340176308342795,negative,0.0005152472975620496
1440340179894489094,negative,0.0102944333869993
1440340181085667341,negative,1.2106136212873109e-14
1440340185145745411,negative,0.009851626221985762
1440340186806640649,neutral,0.5420535091990407
1440340188589215754,negative,1.408301663409718e-06
1440340189268697093,negative,0.00014485979212648079
1440340194092195840,negative,0.11594773178359458
1440340198349438983,negative,0.015767988791122057
1440340199960023043,negative,0.2186366811851303
1440340205710413835,negative,0.014783609518961321
1440340214740779015,positive,0.7715170301790862
1440340216951164940,negative,0.00010260926926032539
1440340218192617484,negative,0.0007962786588509733
1440340220184973312,negative,0.04890597618175952
1440340220340105222,negative,1.0395360502173262e-05
1440340230842699783,negative,0.08894926757119344
1440340231027187718,negative,0.0017825147050364086
1440340232952373251,negative,0.2816357982583271
1440340236769234948,negative,0.0010695973977393359
1440340236861542410,negative,0.01511925075211955
1440340237884874761,neutral,0.4985928500860049
1440340237901721611,negative,0.06226452114200838
1440340239008997382,negative,0.2402961760826693
1440340239080247301,negative,0.00010252077354540742
1440340239466176512,negative,0.20065227350881193
1440340239982084103,neutral,0.5125846670749056
1440340244604207108,negative,2.4349765821696385e-05
1440340246227402759,negative,0.004500502358948566
1440340246755905549,negative,0.0027565433937883875
1440340248085471250,negative,0.09084814825730873
1440340248861372428,negative,0.13924083246349173
1440340249821941761,neutral,0.4313139402615849
1440340249905795082,negative,0.009196262842054876
1440340251168239631,negative,0.030526327410669924
1440340254804770822,negative,6.34554706887532e-06
1440340255979159561,neutral,0.37319282394708025
1440340256125960196,negative,0.023093421536274986
1440340257598173195,negative,0.02007120198281002
1440340258659262469,negative,0.20575728659250037
1440340259078692864,negative,0.3277544444976672
1440340259506561028,negative,3.387532494633847e-06
1440340259665895434,negative,0.009289080437049516
1440340259976323078,negative,0.0035007050732706094
1440340260043431939,negative,1.4063389011333175e-05
1440340261251403781,negative,0.007402411899534764
1440340261465321473,negative,0.029142438119144045
1440340264946597890,negative,2.517928385478234e-11
1440340266330722311,negative,0.010318625219030193
1440340267198861312,negative,0.07573601161511469
1440340267882594311,negative,0.2888144627818312
1440340271007293457,positive,0.9459821865005832
1440340272894734339,negative,0.013557873330271824
1440340273473601542,negative,0.0005069897808622555
1440340274216009731,negative,0.03750512774756221
1440340274731839501,negative,0.0007962786588509733
1440340275805638662,negative,0.015767988791122057
1440340277084909570,negative,0.009196262842054876
1440340277764378632,negative,0.18795859623648656
1440340278250917889,negative,0.021733471422504386
1440340278481600525,positive,0.7360477356199521
1440340280381607948,negative,7.367462506505943e-05
1440340281220472835,negative,0.0004134707621241425
1440340281719595017,negative,0.00014250163996951058
1440340282478784525,negative,0.01905981652535767
1440340283032408067,negative,0.0006784462121281307
1440340284236201999,negative,0.02793266425366768
1440340286018785304,negative,0.00045645086769902543
1440340286454964240,positive,0.7063814395984914
1440340287734247440,negative,0.11154443292387338
1440340288614981632,negative,0.02007120198281002
1440340289558757381,negative,1.569308198416873e-05
1440340290825502720,negative,0.30296912931692
1440340291261583365,negative,0.018470175955676106
1440340291307802628,negative,0.0010100451939489992
1440340291697872908,negative,1.1110084130675449e-10
1440340292318552076,negative,0.023093421536274986
1440340293702729733,negative,5.5947827681157446e-08
1440340293975375905,negative,0.001059692195544645
1440340294281564160,negative,0.010285695299639906
1440340297385332739,negative,0.0006816945520041813
1440340298756866056,neutral,0.5101226214277461
1440340300765958156,negative,3.7682539322596696e-05
1440340302124896262,negative,0.09357155103418427
1440340303248904199,negative,9.156238525961825e-05
1440340305522298889,negative,3.823837066944273e-11
1440340305639661576,negative,0.04295636050546059
1440340306725986309,neutral,0.49789225920557484
1440340307216764931,negative,0.05302784527935343
1440340307250343947,positive,0.8293198584856798
1440340308697387029,negative,0.0377818299023107
1440340308768669701,negative,0.2794653930830212
1440340309775294477,negative,0.2608059037114317
1440340309779509256,negative,3.58970140946474e-05
1440340311289438217,negative,0.2804258529746722
1440340312203804677,positive,0.9796825922187127
1440340312593887242,negative,0.0013257312054954188
1440340313374019590,negative,0.2441795324535492
1440340318524624904,negative,0.1592151548911961
1440340320323919882,negative,0.1592151548911961
1440340324904157191,neutral,0.3599131410806974
1440340335826137091,neutral,0.49789225920557484
1440340338854350861,negative,0.01097297239821717
1440340340171440137,negative,0.00023266436116063844
1440340342843187201,negative,0.0001266831040375392
1440340344940351492,positive,0.8830283006755308
1440340345825361925,negative,0.05798846478014331
1440340347419172869,negative,0.3216430279456804
1440340358076854275,negative,0.09357155103418427
1440340365941174282,negative,0.0008048496762514862
1440340366524248069,negative,0.0017825147050364086
1440340367593725952,negative,0.056305791671699475
1440340367941926914,negative,0.03403443016990342
1440340368910782476,neutral,0.49789225920557484
1440340371242848258,negative,3.510760603994577e-05
1440340380667449355,negative,0.0007962786588509733
1440340381925658627,negative,0.07254985524037087
1440340387067924481,negative,0.19081397515932483
1440340389718724608,negative,0.29150453131543796
1440340392851824649,negative,0.0005351991541976254
1440340398350606352,negative,0.030651009411130047
1440340399004868612,neutral,0.5278451048448968
1440340400988823556,negative,0.0004097684185461507
1440340402272276488,negative,0.04890597618175952
1440340405191536644,negative,0.0008288797191550259
1440340406982479884,negative,0.007318994007711973
1440340407959781380,negative,0.018807053845065043
1440340410501525510,negative,0.025000379253520114
1440340411680059394,negative,0.019671333290073412
1440340414116945925,negative,0.1279310020655865
1440340414825857024,negative,0.06525781025480551
1440340415903793175,negative,0.04868275178669267
1440340416977522701,neutral,0.33402218903110614
1440340417149427718,negative,0.0147377394156429
1440340417380114446,negative,0.010417272822633099
1440340425533919239,positive,0.7613481412690813
1440340435730198531,neutral,0.49789225920557484
1440340437550600199,negative,0.09099342448032235
1440340438720729101,negative,0.03585425467202101
1440340442281771016,negative,0.21470608421205784
1440340448145395733,negative,0.0004365425188275651
1440340448292139016,neutral,0.5005005826544524
1440340449852477450,negative,0.1697165661500976
1440340450242555904,positive,0.7613481412690813
1440340452004163597,negative,0.009196262842054876
1440340453136551952,neutral,0.5452230357236331
1440340453254041601,negative,0.009196262842054876
1440340453455384576,negative,0.009063278704348548
1440340454881390594,neutral,0.35057987415612096
1440340456169086979,negative,0.02007120198281002
1440340457364484109,negative,0.18108388310295387
1440340463748145154,negative,0.2580305924279013
1440340468026335239,negative,0.024658402043049362
1440340469116854283,negative,1.390221821313358e-09
1440340470253580295,negative,0.005095139236736712
1440340470677205013,negative,1.4915365520814325e-06
1440340473411878926,negative,4.838534830691098e-05
1440340475307704323,positive,0.7715170301790862
1440340476113022979,negative,0.015767988791122057
1440340476117196801,negative,0.007402411899534764
1440340476800815115,negative,0.0013781299140173701
1440340479153872915,negative,1.8313744123754343e-06
1440340481309773826,negative,0.036402563063229865
1440340481943093251,neutral,0.33302669454104233
1440340482488356875,negative,1.26756149180882e-05
1440340484270923779,negative,0.30774419587640817
1440340486212837391,negative,0.10968794036801545
1440340487961907205,negative,0.013508130560360085
1440340488083554306,neutral,0.40112326862808023
1440340489807413252,negative,0.00015059077340966623
1440340490365272076,negative,0.0007962786588509733
1440340491300585492,negative,0.11064226544767945
1440340492844036107,negative,0.002853075132305938
1440340498854543362,negative,0.1891135317603535
1440340498879684608,neutral,0.40061050887291366
1440340499575894020,neutral,0.46127768308170247
1440340500511219712,neutral,0.642000462845835
1440340504906850306,negative,0.0036772707646987937
1440340505288605700,negative,0.013144929105451017
1440340508790837251,neutral,0.3385252644667176
1440340508811743241,negative,0.0003322931568053428
1440340509243830272,negative,0.0022119417854343237
1440340509830959110,neutral,0.37319282394708025
1440340510061654021,negative,0.08622836336233744
1440340510443335684,neutral,0.6594766996619061
1440340510778949643,negative,0.013555028222600447
1440340511282262024,negative,0.007571371262059172
1440340511328378889,negative,0.13160591705393818
1440340513480052739,negative,0.00010011452502029831
1440340514100760576,negative,0.023093421536274986
1440340514956476422,negative,0.004695237100842426
1440340522946613249,negative,0.006363792232378198
1440340523412115466,negative,0.00017595375530701622
1440340524209111046,negative,0.0016919115061948874
1440340524334870537,negative,0.08429890382345152
1440340524414631937,negative,0.23998727042985107
1440340525630906393,negative,0.21942447357359599
1440340526411120655,negative,0.0008727960657917153
1440340526641803275,negative,0.054984971463986336
1440340528415928327,negative,0.13924083246349173
1440340529401659406,negative,0.08056187075861808
1440340530202746891,negative,0.1592151548911961
1440340532845178888,negative,0.02332813790255687
1440340536498352135,negative,0.13924083246349173
1440340538356494344,negative,0.009222518284899754
1440340539245662223,negative,0.017128721214550884
1440340542416588809,negative,3.3161295503512776e-05
1440340542471147520,negative,0.003053997827752964
1440340542538268672,negative,0.24447822697721383
1440340542693412877,negative,0.004448402023004939
1440340543083450375,negative,0.14327991810689328
1440340543205097480,negative,0.00014467223382542204
1440340543414824977,negative,0.1702439508390435
1440340543553228811,negative,0.023093421536274986
1440340543557406727,negative,6.955643269962627e-07
1440340544954126336,negative,0.03535284986059824
1440340546770198538,negative,0.13924083246349173
1440340548540264454,negative,7.195817994620349e-10
1440340550213779456,negative,0.06581510382907625
1440340550415126535,neutral,0.5859897465775626
1440340551157518347,negative,0.012948058450118932
1440340554206769156,negative,0.04374786803827072
1440340554336768018,negative,0.12950605673952179
1440340557763547138,negative,0.01250068335545965
1440340558879154179,negative,0.001229628201312979
1440340558933737478,negative,0.023093421536274986
1440340559026032640,negative,0.02007120198281002
1440340560586240012,negative,0.04295636050546059
1440340560808529926,negative,0.298405127486332
1440340561982935046,negative,5.258294579130996e-10
1440340562586992640,negative,0.017901124231364442
1440340562997960717,negative,0.001996003801056401
1440340563883036686,negative,0.11064226544767945
1440340565938212878,negative,0.00010465366864295395
1440340566881955841,negative,0.015767988791122057
1440340567225819142,negative,0.0007105626616851916
1440340569511759884,negative,0.0038035530081305057
1440340570942046214,negative,0.002475058775314796
1440340571986415633,negative,0.14557132200381548
1440340573118812164,negative,0.007402411899534764
1440340577636151312,negative,0.13924083246349173
1440340578344968209,negative,0.027108161885082964
1440340578793705483,negative,0.07429522210644815
1440340580299526150,negative,0.20575728659250037
1440340580978937876,negative,0.004195813040454747
1440340582161809408,negative,0.13384312582709498
1440340582279180294,positive,0.7001030922121839
1440340583017447439,negative,0.06043217299602261
1440340583441055747,negative,0.3277544444976672
1440340584468680716,positive,0.7274943470265625
1440340584489635840,negative,0.00011543622424176379
1440340585110380558,positive,0.8580079112808033
1440340585324314632,neutral,0.49789225920557484
1440340585454264339,negative,0.01250068335545965
1440340586003795971,negative,0.0010695973977393359
1440340586645520388,negative,0.00010464617369571212
1440340587425656833,negative,0.002421592873061635
1440340588453253124,negative,0.009169270118686502
1440340588583264257,negative,0.06043217299602261
1440340588818165760,negative,8.112255506277865e-08
1440340589019426829,negative,0.003222538965588384
1440340589677973512,negative,2.5963835564475344e-06
1440340589807947783,negative,0.0003941672386541266
1440340591523422212,negative,0.1563432348878204
1440340592559464449,negative,0.0004365425188275651
1440340592689487873,positive,0.7871841804947196
1440340593436082180,negative,3.3161295503512776e-05
1440340595122192395,negative,0.02332813790255687
1440340595281563650,negative,0.02007120198281002
1440340595768119299,positive,0.6885309237600076
1440340597387104257,negative,0.00017595375530701622
1440340601140961293,negative,0.06525781025480551
1440340607159865350,negative,0.015767988791122057
1440340607616966657,positive,0.7715170301790862
1440340609634484224,negative,0.00010260926926032539
1440340611429658624,negative,0.11594773178359458
1440340621533745156,negative,1.3534767502828266e-06
1440340624310292498,neutral,0.42262122193092744
1440340627636375553,negative,0.13543083168640943
1440340637564301313,negative,0.016874379496387853
1440340643222462475,negative,0.0010485686003442682
1440340644233236481,negative,3.5660153932530077e-09
1440340644342337539,negative,0.19081397515932483
1440340647328636938,negative,0.015767988791122057
1440340647978799116,negative,0.0007962786588509733
1440340656501628937,neutral,0.4985928500860049
1440340660100349972,negative,0.00020887895374678694
1440340660758859789,negative,0.0007115821980103273
1440340662293909507,negative,0.061618569961067376
1440340664110092302,negative,0.0033181935435916284
1440340664923738115,negative,0.1920788557784271
1440340668761579521,negative,0.00010260926926032539
1440340675195666437,positive,0.9633894245446962
1440340675602489351,negative,0.008510827890504774
1440340677468954628,negative,0.10157190862797229
1440340679666782220,negative,0.03198485888457041
1440340680669233158,negative,3.7330405648365914e-05
1440340682837692417,negative,0.10182792736064882
1440340688348991513,negative,0.10182792736064882
1440340688479014921,negative,0.0008727960657917153
1440340690051817481,negative,0.02545445313493427
1440340692325199876,negative,0.013508130560360085
1440340695772897289,neutral,0.5136446707795853
1440340699015106560,negative,0.00647149154239245
1440340701435154435,neutral,0.5119303746493573
1440340701607186443,negative,0.09376278823170078
1440340705382072332,negative,0.02793266425366768
1440340706216665092,negative,0.013508130560360085
1440340716287189002,negative,0.0005152472975620496
1440340717272920068,negative,0.015767988791122057
1440340717813915670,negative,0.015767988791122057
1440340718128566277,negative,0.13976594857971666
1440340720523513856,negative,7.013111495208335e-11
1440340724906541064,negative,0.0004097684185461507
1440340729990025226,negative,0.06525781025480551
1440340741394370575,negative,0.05619303340454968
1440340741570523144,negative,0.18340381596007213
1440340744242229248,negative,0.006366922906388695
1440340744330383366,negative,0.19081397515932483
1440340746670788617,neutral,0.49789225920557484
1440340754723864578,positive,0.7715170301790862
1440340760868507654,negative,7.671166062903039e-06
1440340761774485508,negative,0.28491510276845433
1440340762122539019,positive,0.7715170301790862
1440340765129932809,negative,0.0005152472975620496
1440340765347962889,negative,0.00660269207878607
1440340770993500161,negative,0.00043567606493523326
1440340775196262409,negative,0.002700698324663485
1440340775993180169,negative,0.2933275950121153
1440340779717705739,positive,0.9859251488138555
1440340783215759362,neutral,0.49789225920557484
1440340786491518983,positive,0.9815640461347898
1440340788764831753,negative,0.00017595375530701622
1440340791440789520,negative,0.01154933512745246
1440340792925507592,negative,0.1368664686361762
1440340794263539715,negative,0.00033536561189678114
1440340795425386504,neutral,0.41760660904893704
1440340799292514311,negative,0.020482935337275094
1440340799451918336,negative,0.06089871051697536
1440340799762231307,negative,1.6240723008775456e-05
1440340799821025297,negative,3.326637719783599e-05
1440340802178150402,negative,0.0004937486686738486
1440340806527700992,negative,0.18812299635875782
1440340807613960199,negative,0.023093421536274986
1440340809849573382,negative,0.2186366811851303
1440340810390663182,negative,0.00496929838244676
1440340811401424896,negative,0.007691941122518802
1440340814085775369,negative,0.00041035566486156527
1440340816103305224,negative,0.2491825750567958
1440340822994477065,negative,0.00017595375530701622
1440340824709947394,negative,0.024022197151771594
1440340824932241412,positive,0.794248778494567
1440340825745936394,negative,0.11335140376266761
1440340825909579784,negative,0.08900184799159831
1440340829747306508,negative,0.0003778741165159913
1440340840413491212,positive,0.906945436401272
1440340841025847298,negative,0.003711896260936164
1440340841512407050,neutral,0.6529545818911943
1440340844024713216,negative,0.0004134707621241425
1440340845425676291,negative,0.02545445313493427
1440340849326321675,negative,0.298405127486332
1440340855223509004,negative,0.0012661547728038225
1440340861015916556,negative,2.130428219086587e-06
1440340863737946126,negative,0.0036335997924700787
1440340864279007242,neutral,0.49789225920557484
1440340866812432398,negative,0.325153925782252
1440340867072475155,negative,8.509153011919757e-05
1440340870599823365,negative,0.13292378603408783
1440340870734114817,negative,0.00403209141990116
1440340871522631689,negative,0.0037886547798188443
1440340879655374861,negative,0.11594773178359458
1440340881958064131,negative,0.11190911988099893
1440340882566254594,negative,1.1613455053162086e-07
1440340883505750027,negative,0.027108161885082964
1440340885133135887,negative,0.00020887895374678694
1440340890606661635,negative,0.167643801509576
1440340895031709696,neutral,0.49789225920557484
1440340897397280769,positive,0.8555242434304563
1440340898257063953,negative,0.026143193351998707
1440340900371001357,positive,0.8293198584856798
1440340908608610305,negative,0.16427597653130074
1440340913088200723,negative,0.007402411899534764
1440340916527505409,negative,0.00015059077340966623
1440340916649164800,positive,0.6816744812140582
1440340917584482317,negative,0.19081397515932483
1440340923682934786,neutral,0.49789225920557484
1440340924463140879,negative,3.012201666180672e-06
1440340926199566338,negative,0.1821378976959473
1440340927474663440,negative,0.0020495826038098163
1440340927965327364,neutral,0.38611810234627597
1440340928045092864,negative,5.9108427784591494e-08
1440340928464515077,negative,0.1592151548911961
1440340928468697102,negative,0.05798846478014331
1440340929718603780,negative,0.20065227350881193
1440340929756348426,negative,6.407980337399968e-07
1440340929848565786,negative,0.10968335495821378
1440340930150551556,negative,0.265490943696957
1440340930314133510,positive,0.9670544292054113
1440340930783956995,negative,0.10931923469286385
1440340931568300033,negative,0.009196262842054876
1440340932478398475,negative,0.006744417116069987
1440340933313105920,negative,0.10737525578659705
1440340934936305671,negative,0.0010675810866391708
1440340935892561930,negative,3.3161295503512776e-05
1440340936077176838,neutral,0.5707204694298851
1440340936123305988,negative,0.0016538503606729673
1440340936483950600,negative,0.22526532685473644
1440340936576286725,negative,0.14763909321450158
1440340939537481733,negative,0.0015543809192896379
1440340939755569152,neutral,0.5653431580354816
1440340940263079936,negative,5.5947827681157446e-08
1440340941517189124,negative,0.007001619827158684
1440340943270387716,negative,0.017128721214550884
1440340943509417991,negative,9.040543564055031e-05
1440340946223132696,negative,0.298405127486332
1440340948441993237,negative,0.008510827890504774
1440340948529991680,neutral,0.5136446707795853
1440340949054361614,neutral,0.46127768308170247
1440340949364666371,negative,0.018403688585305555
1440340950031560709,negative,2.4349765821696385e-05
1440340950253924359,negative,5.338636409176738e-06
1440340951512141839,negative,3.3161295503512776e-05
1440340952560795654,negative,0.001740803787464944
1440340953814892546,negative,0.015220731711957763
1440340954464935948,negative,0.0006024018949824986
1440340954716594179,negative,0.23224339627818613
1440340955828084753,positive,0.939503580058176
1440340960227958785,negative,0.20702491103330967
1440340960827740170,negative,0.21921412548362115
1440340970445312005,negative,0.03193153962251628
1440340971305115651,neutral,0.49789225920557484
1440340972081008640,negative,0.06412563337781593
1440340974404706307,negative,0.0012563263434106466
1440340975956627468,negative,0.32734151342471274
1440340977340674058,negative,0.013144929105451017
1440340978863251466,negative,0.013144929105451017
1440340978997489667,negative,0.08427100519325433
1440340979798593548,negative,0.04295636050546059
1440340980104777739,negative,2.752723013974206e-05
1440340980675203072,negative,0.001401995416298126
1440340984718499852,negative,0.08622836336233744
1440340985888722945,negative,3.973093060325729e-06
1440340986870177792,neutral,0.47921656044432154
1440340990389198848,neutral,0.49789225920557484
1440340990863175681,negative,0.1819209013405795
1440340991366492162,positive,0.7715170301790862
1440340994642247694,neutral,0.3472290389240519
1440340995795677193,negative,0.10764772861635613
1440340995913109514,negative,0.07573601161511469
1440340996504449037,negative,0.00019628629342677788
1440340997976715264,negative,0.009196262842054876
1440340999964749826,negative,0.02793266425366768
1440341000300339213,positive,0.6760040611397571
1440341001176961026,negative,6.625586009554609e-05
1440341002359762952,neutral,0.6408727464476993
1440341002401697794,negative,0.0011346727819952728
1440341003764846596,negative,0.265490943696957
1440341003798409222,negative,0.08622836336233744
1440341003903201286,negative,0.00865757163338121
1440341004700176398,neutral,0.5212084554669985
1440341004729552908,negative,0.018403688585305555
1440341004817559553,negative,0.026143193351998707
1440341005085995017,negative,6.9693226646205e-05
1440341006155616268,negative,0.00044361077099384986
1440341010710614021,negative,0.298405127486332
1440341011457138688,negative,0.02332813790255687
1440341012442796032,positive,0.7367466532137188
1440341013470449680,negative,0.00020229791026431368
1440341013722107914,negative,0.0067826624783518166
1440341016049905681,negative,0.06043217299602261
1440341016691699728,positive,0.8844876349572268
1440341017211723784,negative,0.00046097442554739236
1440341018604232707,negative,0.07835452122710741
1440341021276065793,negative,1.562595909198212e-14
1440341022043561997,negative,0.07839569446439199
1440341022135840768,negative,0.13924083246349173
1440341023096406029,negative,0.1586341925137009
1440341024300175378,neutral,0.5141334700449899
1440341027546562561,negative,0.00018642571524015835
1440341029727576074,negative,0.003525635172444126
1440341030558076929,positive,0.8388096627869817
1440341032529391621,negative,0.002579325068453308
1440341033062002693,negative,0.0016918753621103949
1440341036996333582,negative,0.0008503726190808642
1440341039659638788,negative,3.3161295503512776e-05
1440341043077996555,negative,0.00017595375530701622
1440341045091340303,negative,0.13999450410916034
1440341045980504068,negative,0.008167009220590143
1440341046949388289,negative,0.0024150535719061695
1440341049059143680,negative,1.926384634561942e-11
1440341050585870338,negative,0.004448402023004939
1440341053635059728,neutral,0.49789225920557484
1440341054968893454,neutral,0.49789225920557484
1440341063206510596,negative,0.07065066488755074
1440341064473210889,negative,0.017128721214550884
1440341067451092996,negative,0.18920942336772928
1440341068772298766,negative,0.0005834292544078521
1440341074027835399,neutral,0.49789225920557484
1440341079182643207,negative,0.00196704676146123
1440341080260579336,negative,0.008510827890504774
1440341081896357889,negative,0.008510827890504774
1440341087193735184,neutral,0.49789225920557484
1440341092914761734,negative,0.1857082388642105
1440341098279227394,negative,0.03742619785901979
1440341099315220480,negative,0.0004134707621241425
1440341103534690312,negative,0.15938348964387317
1440341104302297100,negative,0.19081397515932483
1440341107473141760,negative,0.1376945825756528
1440341110304296965,negative,0.0953152713838522
1440341112032358416,negative,0.024022197151771594
1440341117199806471,negative,0.0025657002795220186
1440341121238913029,negative,2.4891886738871454e-05
1440341130709659651,negative,0.2881022373369679
1440341130759995414,negative,0.0012661547728038225
1440341137235996695,negative,0.20465426634314557
1440341137462468608,negative,0.05793048455769026
1440341139651895306,negative,0.0005134429335787006
1440341140478124038,negative,4.4692855653446625e-06
1440341141707051022,negative,0.07192298659144568
1440341142139068421,negative,5.819323211961041e-05
1440341154411671564,neutral,0.4985928500860049
1440341154466172930,negative,0.008510827890504774
1440341156047376396,negative,0.1625474198447548
1440341160795406344,negative,0.0033218636610871785
1440341161957216276,negative,2.206673741187656e-05
1440341166348595205,negative,0.024889991582082136
1440341168408043530,negative,0.2186366811851303
1440341169251053568,negative,0.00020887895374678694
1440341173965451277,neutral,0.49789225920557484
1440341186577715203,neutral,0.3599131410806974
1440341188016369665,negative,0.06557564526165682
1440341191220871171,negative,0.12210825560877149
1440341196149178379,neutral,0.5452230357236331
1440341196405030917,negative,9.119320867615459e-07
1440341200880291845,neutral,0.39477173582575703
1440341201836654600,negative,0.00013071332850592794
1440341204172820498,negative,0.009196262842054876
1440341204260966405,negative,0.00010464617369571212
1440341204915212288,negative,0.001868423844730301
1440341205447954434,negative,0.011721191995701742
1440341205586374658,negative,0.006744417116069987
1440341206022516752,negative,0.024601267775744576
1440341206987272207,negative,6.633153396171069e-08
1440341207461236738,negative,0.04707631527611764
1440341207880593408,negative,0.0025811162898898015
1440341208044163086,negative,0.0021003174100710526
1440341208472031235,negative,0.1821378976959473
1440341209222762502,negative,0.009196262842054876
1440341214113320964,negative,9.086755715376878e-05
1440341217867223045,neutral,0.49789225920557484
1440341218282524673,negative,0.02767555270867449
1440341218798366722,negative,0.07429522210644815
1440341219419181056,negative,0.30213070943512593
1440341221436657675,negative,0.05468062030695855
1440341221931556881,negative,0.035960871772439174
1440341222292279298,negative,0.02142564404714981
1440341222585888770,negative,0.009196262842054876
1440341222942408711,negative,0.0005145379945926277
1440341223475073027,negative,0.010115462277992794
1440341225408634890,negative,0.00043627644897610915
1440341226708881426,negative,1.7511897618329544e-08
1440341228046807048,negative,0.17747251010522705
1440341230403997700,negative,0.08622836336233744
1440341230815043608,negative,1.6356466653360838e-05
1440341235470778377,negative,0.29902536316000267
1440341235596599301,negative,0.3218612733064528
1440341240310951939,negative,0.265490943696957
1440341241179242512,negative,0.3169632515317915
1440341241758040068,negative,0.234936155512837
1440341243389644807,negative,0.02007120198281002
1440341244580827154,negative,0.0012679925049447938
1440341244698267654,negative,0.00020229791026431368
1440341245159567379,negative,1.1806013370108475e-05
1440341248099819523,negative,3.3161295503512776e-05
1440341249467191296,negative,0.08443116153614347
1440341250356355082,negative,0.11700780811160286
1440341251740499968,positive,0.6824837810859113
1440341252776493058,negative,0.00012856381759751285
1440341254886215681,negative,3.503393074841224e-10
1440341256714928137,negative,0.04810612162202492
1440341260133228553,negative,0.0002298396277033423
1440341260238086152,negative,0.2864145558920463
1440341260946980868,positive,0.9997516949572613
1440341262138150929,negative,0.26375198539881145
1440341262331105284,neutral,0.49789225920557484
1440341262620520461,negative,0.0006756125729621245
1440341263299973130,negative,0.00010011452502029831
1440341263501312001,negative,0.0005134429335787006
1440341264721842188,negative,0.017128721214550884
1440341264914812938,negative,0.32734151342471274
1440341266932264975,negative,0.14957293357942913
1440341270514176013,negative,0.0007090639669966105
1440341273420828677,negative,0.06525781025480551
1440341274511376390,negative,0.08443116153614347
1440341276109336586,negative,0.0013116026263711993
1440341276553973763,negative,0.18920942336772928
1440341281373257733,negative,2.981622489123632e-06
1440341282862219264,negative,0.04295636050546059
1440341284535762951,negative,0.0007598183135762794
1440341284808380419,negative,0.009196262842054876
1440341285554974723,negative,0.06706771508690225
1440341288977502216,negative,0.001322662434652492
1440341289996677134,negative,8.636227347194359e-06
1440341290646786068,negative,0.023093421536274986
1440341290659418119,negative,0.006628959730732072
1440341292316196878,negative,0.11582156252989177
1440341292471386118,negative,0.0057962145442139856
1440341292622311428,neutral,0.5101226214277461
1440341293800980480,negative,1.075408159977698e-08
1440341293939380228,negative,0.07387732721957979
1440341297362046976,negative,0.013153233355020059
1440341297391448064,negative,3.826371168129689e-05
1440341297655545862,negative,0.00011091429393385076
1440341297831845888,negative,3.730288536103523e-05
1440341297945001984,negative,0.003561399176946646
1440341298196611073,negative,1.2150433561414715e-05
1440341298355925003,negative,0.08719359693097367
1440341299320684554,negative,0.023093421536274986
1440341305012285445,negative,0.00046001139986834647
1440341305163321357,negative,0.0006398863862134894
1440341306245484552,negative,0.0001917540678776228
1440341308560658440,negative,0.03294836940456867
1440341309869346825,negative,0.29686488588359483
1440341312595582989,positive,0.9999991891168795
1440341315598766081,negative,0.09045044436639572
1440341316177575948,negative,0.0023235974743574107
1440341316651548686,negative,0.07677236356460744
1440341317846847514,neutral,0.35061710699735354
1440341318727729161,neutral,0.49789225920557484
1440341320552173576,negative,0.005245804825196847
1440341325929320463,neutral,0.46994541624162156
1440341326164152325,negative,0.0016918753621103949
1440341342219997199,negative,0.014439171751582767
1440341358229659656,neutral,0.49789225920557484
1440341361039851520,negative,0.027108161885082964
1440341363132813317,negative,3.3161295503512776e-05
1440341363367702532,negative,0.03750512774756221
1440341366039478281,negative,0.0009054000174505948
1440341366119174162,negative,0.0007962786588509733
1440341366827929600,negative,4.1303960703320486e-05
1440341370321862669,negative,0.05503631880595557
1440341373446623242,negative,0.00542532018104595
1440341373496934402,negative,0.0007962786588509733
1440341375094980622,positive,0.7930278279754032
1440341376793661448,negative,0.017128721214550884
1440341394028072971,positive,0.7825177816789103
1440341396003557387,negative,6.401679837107055e-05
1440341399182864384,negative,0.09798543284296665
1440341400030113803,neutral,0.5566158832013915
1440341401665871875,negative,0.04273756356701137
1440341404048257025,negative,0.0001472891169083274
1440341408531959811,negative,0.30031826067822254
1440341408762630156,neutral,0.49789225920557484
1440341410872324096,neutral,0.5141334700449899
1440341414055866372,neutral,0.49789225920557484
1440341414643044367,negative,4.423674844898242e-09
1440341418954788874,negative,1.234074609285392e-05
1440341426986835985,negative,2.3283410241110745e-07
1440341431604822029,negative,0.0871748070415516
1440341436671541249,negative,3.762090984304301e-05
1440341439217426434,negative,0.07303312831625203
1440341439615954964,negative,0.11105863664769862
1440341442367418376,negative,0.014524257104408222
1440341452970549249,negative,0.046815682824174754
1440341454887424007,neutral,0.49789225920557484
1440341463888367620,negative,0.00020887895374678694
1440341466153308163,negative,0.00010260926926032539
1440341475796029440,neutral,0.49789225920557484
1440341475938631686,neutral,0.49789225920557484
1440341476454453249,neutral,0.49789225920557484
1440341476660051974,negative,0.06525781025480551
1440341483748421641,negative,0.013508130560360085
1440341484843069447,negative,0.09760298622649946
1440341491751157762,negative,0.0007090639669966105
1440341492891934735,negative,0.00013071332850592794
1440341494842359812,negative,0.053233210445508175
1440341495664427011,negative,0.0001917540678776228
1440341496310366208,negative,0.02007120198281002
1440341498193580044,negative,0.04006195630799977
1440341498394935308,negative,0.07275353150605603
1440341498529157125,negative,0.0002845208705977353
1440341498596257804,negative,3.012201666180672e-06
1440341503906238471,negative,0.03142217875588344
1440341508125691915,negative,0.18333428132215154
1440341508780032012,negative,0.011781999760073186
1440341511141421060,neutral,0.4909152599591337
1440341511632154626,negative,0.0036553021946206577
1440341512701710343,negative,0.04278114222740597
1440341513498619910,negative,7.823564122524346e-05
1440341513662124048,negative,0.0006756125729621245
1440341514379399183,negative,0.02767555270867449
1440341514966618121,negative,0.009196262842054876
1440341515750895627,neutral,0.47697210391394973
1440341516115873795,negative,0.013216729445035073
1440341517793521670,negative,1.2269766826179158e-05
1440341518464655371,negative,0.000194198610414854
1440341520368881668,negative,3.5773429847264856e-09
1440341524374441988,negative,0.02767555270867449
1440341526089854986,negative,0.06043217299602261
1440341527817908225,negative,0.02767555270867449
1440341528283467776,negative,2.1658067718422444e-05
1440341528702951440,negative,0.014947893326467421
1440341529164279827,negative,0.000942878037137946
1440341529541820432,negative,0.18340381596007213
1440341532721102860,negative,0.00999314178861097
1440341532817514507,negative,0.07429522210644815
1440341533702508544,negative,0.19696756804979074
1440341533790593033,neutral,0.3599131410806974
1440341536202362886,positive,0.6798053907957199
1440341536214896644,negative,1.8772125803987934e-07
1440341537695563783,negative,0.06043217299602261
1440341538031083528,negative,0.08878946170869388
1440341538324639756,negative,0.0007090639669966105
1440341538546933778,negative,0.009196262842054876
1440341540090486791,neutral,0.49789225920557484
1440341540166008832,negative,0.007357578366045678
1440341540669300738,negative,0.008780369871850113
1440341541021646864,negative,0.22526532685473644
1440341544595197954,negative,4.796850779835516e-05
1440341546545549318,negative,0.0004011140856962932
1440341549930278914,negative,0.2369710931082333
1440341551742271490,positive,0.7306176065909764
1440341553227071493,negative,0.04518834073658099
1440341556444028931,positive,0.7715170301790862
1440341569257701396,negative,6.247275209895151e-05
1440341569387655180,negative,0.1901668750240578
1440341571803648002,negative,0.06043217299602261
1440341572491505676,negative,0.051786092471565036
1440341575645556748,negative,3.1550656966708236e-05
1440341576157327378,negative,0.01930031544253059
1440341576492879884,negative,0.06525781025480551
1440341578199941136,negative,0.011561408539817743
1440341583086305299,negative,0.24064011113407777
1440341585145724929,negative,0.015767988791122057
1440341588761214983,negative,0.1592151548911961
1440341589222514696,negative,0.06964551372421585
1440341590543769608,negative,1.227477260646926e-08
1440341591713931283,positive,0.9995845597596971
1440341598751969282,negative,0.22369974264140127
1440341599058235419,negative,0.05827078693059308
1440341601042124800,negative,0.0033176131190351915
1440341601310543881,negative,0.015767988791122057
1440341604464619522,neutral,0.35061710699735354
1440341614640041997,negative,0.17681869179821197
1440341616129019911,negative,0.00017595375530701622
1440341617605369859,negative,0.00010260926926032539
1440341617966084112,neutral,0.49789225920557484
1440341618951798794,negative,0.0008503726190808642
1440341625566162957,negative,0.09760298622649946
1440341627499810833,negative,0.0008506930357203393
1440341634869121041,neutral,0.4909152599591337
1440341635099873299,negative,1.2671059034494067e-05
1440341635116589073,neutral,0.5214613339497428
1440341637322792970,neutral,0.47371072416927557
1440341651281436680,positive,0.6693636436943569
1440341655752560646,negative,0.02793266425366768
1440341656880893960,positive,0.7715170301790862
1440341657593864199,negative,0.0009978338409613648
1440341670604652548,negative,0.2685048787357587
1440341671414153223,neutral,0.5556424010871375
1440341674161442825,negative,0.18812299635875782
1440341674962526211,negative,1.1044782551675996e-12
1440341676073963533,negative,0.030385284313067727
1440341676321435649,negative,0.05793048455769026
1440341680863866884,negative,7.367462506505943e-05
1440341680960401417,neutral,0.40669539420415435
1440341682130542596,negative,0.0002342014547127585
1440341684429025282,negative,0.0006662785996098143
1440341685263736833,negative,3.6534896767536683e-07
1440341687776137220,negative,0.0017972405902792106
1440341688854089754,negative,1.2557301252246572e-07
1440341689852252160,negative,0.11328161278534599
1440341692138225688,neutral,0.6507118826843382
1440341695908876305,negative,0.023093421536274986
1440341696156295173,negative,0.13924083246349173
1440341699176198158,negative,0.008510827890504774
1440341700233232387,negative,0.007967496193088057
1440341702779150338,negative,0.14439631432748823
1440341703299252225,negative,2.932861370277368e-07
1440341705882931213,negative,6.247275209895151e-05
1440341712379867145,neutral,0.5141334700449899
1440341712996474885,negative,0.2993414921403885
1440341714439327749,negative,0.009196262842054876
1440341725591965703,negative,0.15423155134273484
1440341726275661826,negative,0.04053967005866632
1440341733808635909,negative,0.00015059077340966623
1440341739114418182,positive,0.9999678265451979
1440341750929711108,negative,3.571391597226545e-05
1440341751676375050,negative,0.010372902421662217
1440341757900718081,negative,0.0017223026753523747
1440341758907273230,negative,0.006744417116069987
1440341759280627715,negative,0.015921343038467886
1440341760417222674,positive,0.9995845597596971
1440341763722342402,negative,0.0003279108465578282
1440341764112408580,negative,0.00017595375530701622
1440341771586662414,negative,0.002481771323068843
1440341776624021518,negative,0.014977379205980646
1440341778012332049,negative,0.006744417116069987
1440341781099339781,negative,0.014783609518961321
1440341781820829703,negative,8.762289817302182e-08
1440341784672886786,negative,8.418563640186048e-09
1440341786086436883,neutral,0.5780405187860294
1440341791199227909,neutral,0.35542902631260076
1440341794739216392,negative,0.2914857001113112
1440341796094038019,negative,0.05719699796849624
1440341798396645385,negative,2.5963835564475344e-06
1440341810832830474,negative,0.029012790675179603
1440341815131983875,negative,0.0005276829338505487
1440341822522363908,positive,0.7564131092240273
1440341826095833100,neutral,0.3599131410806974
1440341826523697167,negative,0.015747690998940262
1440341829166112769,negative,0.0001009552425764416
1440341832743849984,negative,6.539940072343356e-06
1440341838435545091,neutral,0.49789225920557484
1440341840708866062,negative,3.919168604880156e-05
1440341845226049540,negative,0.17228317679827085
1440341846509572098,neutral,0.4071538235890296
1440341850498371590,negative,0.015767988791122057
1440341856772968455,neutral,0.4071538235890296
1440341857653780480,negative,0.0005842588747321761
1440341860002660357,negative,0.00020825703820713558
1440341865220304899,neutral,0.49789225920557484
1440341873172746241,negative,0.00023266436116063844
1440341874342961162,negative,0.2503580983661048
1440341874493980675,negative,0.01333974630675285
1440341877979422731,negative,0.000942878037137946
1440341890650415105,negative,0.12837880486727152
1440341898279849992,negative,1.3098165824045046e-05
1440341898997092370,neutral,0.5125846670749056
1440341900695769101,neutral,0.4959987967743442
1440341902306332674,negative,0.1857082388642105
1440341902629302278,negative,0.11804965753960495
1440341903732396039,negative,0.0029248433705717823
1440341910397227020,negative,0.2743372094271813
1440341910720114702,negative,0.0002601074247952986
1440341911772925965,neutral,0.3599131410806974
1440341912095920134,negative,0.19081397515932483
1440341912318185474,negative,0.014771905082728586
1440341914650177539,negative,0.0008043244716828752
1440341914687967245,negative,0.16743974834092937
1440341915451289606,negative,0.0006248667314748146
1440341917930115080,negative,0.11064226544767945
1440341918676750337,negative,0.04956026847406002
1440341922128621576,negative,0.00262174311068807
1440341922841706501,neutral,0.5136446707795853
1440341924301344776,negative,0.00010011452502029831
1440341925240795143,negative,0.1054667319987044
1440341926603984904,negative,0.07387732721957979
1440341927015055367,neutral,0.6088895603656357
1440341930051727364,negative,0.002304670485187871
1440341930366291978,negative,0.023093421536274986
1440341933981765641,negative,0.16427597653130074
1440341935244283907,negative,2.2920919959472334e-05
1440341935818870792,negative,0.02190420716221645
1440341937345626117,negative,0.004100575214619434
1440341938620624903,negative,0.04434058729433155
1440341940659113994,negative,0.0004365425188275651
1440341940763914245,negative,0.013316165570005804
1440341941141471232,negative,0.17959209253746744
1440341942101889031,negative,0.03215627003272188
1440341943284736016,negative,0.0033218636610871785
1440341943406399488,negative,4.7546513196046665e-08
1440341943452516364,negative,0.009745750715248467
1440341944169734156,negative,1.9782625999503626e-06
1440341944266211335,negative,0.00020229791026431368
1440341944429731845,negative,0.00020229791026431368
1440341947613270034,negative,0.11354273318404648
1440341948506595334,negative,5.19822576804475e-06
1440341948951269380,negative,0.1603706279544933
1440341950062755849,negative,0.0006024018949824986
1440341951983669255,negative,0.2176302143840405
1440341952549978120,negative,0.00045645086769902543
1440341953191628804,negative,0.23702407670132233
1440341954953244685,negative,0.0001746018768880361
1440341955800539138,negative,0.04650870653666818
1440341957931257860,negative,0.0044376574757416945
1440341959403397128,negative,3.3030250725159742e-06
1440341959487340550,neutral,0.3716865861804028
1440341960275857418,negative,0.17347180340090818
1440341961001496589,negative,0.15779466257008606
1440341961227919373,negative,0.06257493545955749
1440341962071031817,positive,0.8844876349572268
1440341962830139406,negative,0.014947893326467421
1440341966642765830,negative,0.04829630306151827
1440341967863304203,negative,0.04829630306151827
1440341970044416000,negative,0.002155429238112638
1440341971579539458,negative,0.09763088867268409
1440341975081775119,negative,0.2683997110052617
1440341978378498056,negative,0.0033218636610871785
1440341978500067341,negative,0.00021361547068888086
1440341978940469257,negative,2.3154425327361913e-07
1440341980505018376,negative,0.0014161131318279133
1440341981612294155,neutral,0.5425813081463247
1440341981687730178,negative,0.0033218636610871785
1440341981901639693,negative,0.004189472513642932
1440341982757351435,negative,0.0008727960657917153
1440341985638764558,negative,0.010808214898938961
1440341987824062479,negative,0.00031948422103118254
1440341988230844432,negative,0.15960559452264758
1440341988352544781,negative,0.015767988791122057
1440341989631746053,neutral,0.5722760231400871
1440341992496459776,negative,0.000437233176274091
1440341992936861712,negative,0.06595789823423918
1440341993549230080,negative,0.033424862847613986
1440341997617762307,positive,0.8580079112808033
1440341997936463882,negative,8.509153011919757e-05
1440341998020358154,negative,0.11648577484195811
1440341998846689280,negative,5.042394112863841e-06
1440341998947352584,negative,0.0044376574757416945
1440342000583069705,negative,0.0023235974743574107
1440342001539379214,negative,0.05054998092060075
1440342007302352913,negative,2.1658067718422444e-05
1440342007927300105,positive,0.7715170301790862
1440342007973433351,neutral,0.49789225920557484
1440342010146136069,negative,0.003377294564195613
1440342010829819908,positive,0.8580079112808033
1440342012692033547,negative,0.18920942336772928
1440342013128298516,negative,0.027642174402116755
1440342015405789199,negative,0.02712787613170573
1440342016034967559,negative,0.10934301572775203
1440342016777330697,negative,1.3036171033950036e-06
1440342017356152835,neutral,0.582773407102226
1440342018010456068,negative,0.07457763590578802
1440342021009412109,negative,0.0005617202651929188
1440342021621776394,negative,0.012462458561433671
1440342021642743811,positive,0.8366855574905548
1440342023081316366,negative,0.12179899075858944
1440342024452861959,negative,0.06097153143234633
1440342026357145615,negative,0.002410544363340588
1440342026482962433,neutral,0.49789225920557484
1440342026495528969,negative,0.2621435295041906
1440342026583613457,negative,0.3277544444976672
1440342027279876097,negative,0.20698553495384012
1440342029184106508,negative,0.009196262842054876
1440342032757637123,neutral,0.47697210391394973
1440342035433615365,negative,0.12285750158828722
1440342038948376582,negative,0.017128721214550884
1440342042647810056,negative,2.541907425616313e-07
1440342055050379273,negative,0.0011322800200133346
1440342056304398338,negative,0.015767988791122057
1440342059051671563,negative,2.5963835564475344e-06
1440342061786435586,negative,0.0013257312054954188
1440342063833182212,negative,0.2844683779868196
1440342069772361734,negative,0.007718827079273803
1440342070212759555,neutral,0.5054756433081563
1440342078270017549,negative,0.13292378603408783
1440342081709375495,neutral,0.46127768308170247
1440342082392973312,negative,0.30031826067822254
1440342083781349383,negative,4.6482678323732524e-05
1440342088684474382,neutral,0.49789225920557484
1440342089317847042,negative,2.254128889821845e-06
1440342105759490061,negative,0.012502023720145165
1440342109802827777,negative,0.008510827890504774
1440342113833545734,negative,0.021958552926965812
1440342114454233095,negative,5.772484175183816e-14
1440342123421728788,negative,0.015767988791122057
1440342128979107842,negative,2.9198476211721173e-12
1440342129167921161,negative,4.711072597916885e-07
1440342129243406350,neutral,0.3599131410806974
1440342133462892552,negative,2.2920919959472334e-05
1440342135111225355,negative,0.1268639409681538
1440342140295344135,negative,0.2706192954092362
1440342144087035919,negative,0.01071439381898005
1440342145735401487,negative,0.13292378603408783
1440342150785294354,negative,0.00513889688106529
1440342153662648321,negative,0.0002734061226116133
1440342154014953477,negative,0.11989822291040736
1440342155482910728,negative,0.1637662204294673
1440342155487178764,neutral,0.41760660904893704
1440342156657315841,negative,0.12739346299943383
1440342159840854017,negative,0.00025232585188152183
1440342159928872970,negative,0.003998245492695822
1440342161954725896,neutral,0.49789225920557484
1440342163947024396,negative,0.002410544363340588
1440342164148404226,negative,0.15960559452264758
1440342165033340936,negative,0.11750775611100003
1440342165788381192,negative,1.9782625999503626e-06
1440342168460148745,positive,0.99969254110398
1440342169567383552,negative,0.0007090639669966105
1440342170439872518,negative,0.13924083246349173
1440342173388447745,positive,0.7715170301790862
1440342174105702404,negative,0.00020229791026431368
1440342174294413312,negative,0.00012485073380793502
1440342177972842500,negative,0.00974895314295733
1440342181588336651,negative,0.032802410607236626
1440342182645272582,negative,0.00020887895374678694
1440342185648418822,negative,0.0021956887896139414
1440342189914017798,negative,0.023093421536274986
1440342190211813376,negative,0.0012679925049447938
1440342190614478855,negative,0.00015059077340966623
1440342191621038090,negative,0.0010272306823098669
1440342192560635920,negative,0.18679572297615055
1440342193856598041,negative,0.00022247011991886287
1440342194192203777,negative,0.23436564808509694
1440342194271887372,negative,0.00010011452502029831
1440342195534397452,neutral,0.5556424010871375
1440342198701019148,negative,0.0007962786588509733
1440342198789160963,positive,0.7988652044118636
1440342200198467593,negative,7.299390695121483e-06
1440342201209266184,negative,0.00020229791026431368
1440342202782081039,positive,0.7831646856026168
1440342204069781506,negative,0.023093421536274986
1440342204078120975,negative,7.37452867213842e-07
1440342204359143438,positive,0.8293198584856798
1440342206548623368,negative,0.04956026847406002
1440342206678634498,negative,3.3161295503512776e-05
1440342206728925198,negative,0.06043217299602261
1440342207026774019,negative,0.11989822291040736
1440342207077097481,neutral,0.4016064463626461
1440342207215509504,negative,0.00015059077340966623
1440342210713505804,negative,0.1583543543411277
1440342212085108745,negative,0.0006989957680069353
1440342212525506571,negative,0.03321616348306035
1440342213599191045,negative,0.008761003008833654
1440342215180492802,neutral,0.556894451680746
1440342219362234368,negative,0.038485247349623275
1440342219584507919,negative,0.21010739843585488
1440342220423401489,negative,0.05710838805833773
1440342222486966282,negative,0.00031739047584328743
1440342224856707073,negative,0.001949545414846824
1440342225297166338,negative,4.667238003550553e-05
1440342227385929729,negative,0.17427009704681926
1440342227536936969,negative,5.268239029542613e-09
1440342228174475269,negative,0.04767768644787923
1440342230577729537,neutral,0.5620316524069738
1440342232502923265,negative,0.017128721214550884
1440342233870336005,negative,0.04295636050546059
1440342234344296450,negative,0.265490943696957
1440342234981814276,negative,0.04810612162202492
1440342236768575490,negative,3.3030250725159742e-06
1440342237280288778,negative,7.367462506505943e-05
1440342239448760333,negative,0.007254390058033015
1440342239532617737,negative,0.00010273932752497117
1440342240312786944,negative,0.2060413005592192
1440342243504656411,negative,0.026143193351998707
1440342245169766409,negative,0.0009230289870182714
1440342247145308161,negative,0.13924083246349173
1440342247778648067,negative,0.023093421536274986
1440342249162739719,negative,0.04956026847406002
1440342249783455745,negative,0.15465331260575516
1440342250462933004,negative,0.009911994903032243
1440342251192799232,negative,0.3029968537174699
1440342252266483714,negative,0.13492408208146592
1440342252463611917,negative,0.023093421536274986
1440342252736303117,negative,0.17747251010522705
1440342253294088195,negative,0.009119306942438244
1440342257245122568,negative,0.009151729245609981
1440342257568149508,negative,0.00012349518237232026
1440342257761017866,negative,0.006006432939926224
1440342258910306306,negative,0.04875222816939978
1440342259124244482,neutral,0.49789225920557484
1440342260671909891,negative,0.16625507404718293
1440342260822937602,negative,0.009911994903032243
1440342263075205133,negative,8.08966086195656e-06
1440342266648817664,negative,0.19081397515932483
1440342267265380353,positive,0.9844453983430719
1440342269299621892,negative,0.13924083246349173
1440342273179353092,negative,5.614407624982994e-07
1440342276748681222,neutral,0.49789225920557484
1440342278304763905,negative,0.000942878037137946
1440342280041218050,negative,0.0026776252324246137
1440342285498023945,negative,0.08370578174423442
1440342285783166985,neutral,0.4061869735425644
1440342289746841608,negative,0.2791239189695207
1440342289801310212,negative,0.0017167541466001906
1440342290610868225,positive,0.7715170301790862
1440342292057919490,negative,0.0044376574757416945
1440342292808671255,negative,0.042685160483381
1440342294197010438,negative,0.04956026847406002
1440342295396564997,negative,0.20575728659250037
1440342296386408452,negative,7.018704557978896e-05
1440342297300791299,negative,0.032869923040908085
1440342302560440320,neutral,0.556894451680746
1440342305953570822,neutral,0.5083257222267761
1440342306607960067,negative,1.1082932401409908e-12
1440342307287359498,negative,0.07429522210644815
1440342308617031685,negative,0.028828033346504037
1440342309602615300,negative,0.023093421536274986
1440342310303113229,negative,0.30725793206365803
1440342310659657742,negative,0.12279167466125734
1440342311989252107,negative,0.023093421536274986
1440342312693874693,negative,0.2580559172602703
1440342313352400906,neutral,0.49789225920557484
1440342317198569485,negative,0.01333974630675285
1440342319127875600,negative,0.04810612162202492
1440342319505424390,neutral,0.34344651061985515
1440342321371881475,neutral,0.3472290389240519
1440342321376096261,positive,0.8489804387998326
1440342322063892492,negative,0.2582446485092512
1440342322252693506,negative,0.0026776252324246137
1440342323510976523,negative,0.04810612162202492
1440342324832178186,negative,0.017139774196721237
1440342328959324170,neutral,0.5734576952979002
1440342331505315856,negative,0.0010546600972991505
1440342332222566403,neutral,0.49789225920557484
1440342332658753545,negative,0.010372902421662217
1440342335276027905,negative,7.186769865359509e-11
1440342335858962437,negative,0.00045645086769902543
1440342338077818892,negative,0.017128721214550884
1440342338992107521,negative,0.026143193351998707
1440342340858638336,negative,0.00020229791026431368
1440342345782759432,negative,0.1765709549872744
1440342347917660166,neutral,0.5101226214277461
1440342348035026947,negative,0.24085532904319343
1440342348228005895,negative,0.13539761503821932
1440342349637316625,positive,0.7715170301790862
1440342350539096067,negative,0.0043027848237724925
1440342354645315605,negative,0.1592151548911961
1440342355261804552,negative,0.009732698401039625
1440342355513544712,negative,0.009196262842054876
1440342358348861455,negative,0.22595918022078348
1440342358986407941,negative,7.2449734124990766e-09
1440342360664072194,negative,0.009196262842054876
1440342362660610051,negative,0.00010011452502029831
1440342363029733381,negative,0.006309730552341944
1440342363159760900,negative,0.20547179712270142
1440342364137013261,negative,0.00015550816435666177
1440342366913658881,negative,0.10010085894347064
1440342368226451456,neutral,0.3641228075610855
1440342368507465738,negative,0.0609000200755725
1440342368629059607,negative,0.04266786343671286
1440342370013237248,negative,0.0006287543779531469
1440342370084552708,positive,0.6818268472768254
1440342372001337351,negative,0.11328161278534599
1440342372559114247,negative,0.14622288293529362
1440342372638879751,negative,0.22526532685473644
1440342373423214594,neutral,0.4198061668357613
1440342378301190155,negative,0.15960559452264758
1440342378594717698,negative,0.0044376574757416945
1440342381463621648,negative,0.015767988791122057
1440342385037246467,negative,0.18920942336772928
1440342386102530052,negative,0.00010011452502029831
1440342388312969226,negative,0.1733198615490139
1440342390724694019,negative,5.290880824318066e-06
1440342391362252815,neutral,0.4477611773909976
1440342391546789901,negative,0.02332813790255687
1440342393320919041,negative,0.26161801677116525
1440342393614581775,negative,0.0034728705601620993
1440342396068249610,negative,0.01512920471734331
1440342398588968968,neutral,0.396340609487562
1440342398735839234,neutral,0.36358204352955886
1440342399121649677,negative,0.0031751776734605434
1440342399826337801,negative,0.017897954655047576
1440342401273323530,negative,0.005095139236736712
1440342401315266569,negative,0.0042904332506579065
1440342401910931457,neutral,0.5101226214277461
1440342402523283470,neutral,0.3499352441185855
1440342402707771394,negative,0.03750512774756221
1440342403848687629,negative,0.023093421536274986
1440342405094383617,negative,0.002290688451618871
1440342406826651649,neutral,0.4461393264032371
1440342408772808707,neutral,0.49789225920557484
1440342410194604034,negative,2.5663888834255076e-05
1440342410706362376,neutral,0.3499352441185855
1440342414816780293,negative,0.2609122610031921
1440342415827632130,negative,0.15960559452264758
1440342418105143300,positive,0.8293198584856798
1440342418709106691,negative,0.00016584381593269765
1440342418931388419,negative,0.0002298396277033423
1440342419342381056,negative,0.1054667319987044
1440342419443118085,negative,0.0005781199142632173
1440342420231581699,negative,0.0005049824928443743
1440342421108191235,negative,0.017717271246326178
1440342422915989512,negative,0.19031476383678517
1440342423612190725,negative,0.11055871378827269
1440342424019034124,negative,0.2582446485092512
1440342424878944259,neutral,0.37410201109036517
1440342426271379456,negative,7.501295748721939e-05
1440342429924687884,negative,0.02767555270867449
1440342431065534487,negative,0.2186366811851303
1440342431132569618,negative,0.005025691535231157
1440342432848113664,negative,1.512280096519524e-10
1440342435209482264,negative,2.6857314435500363e-07
1440342436400676866,negative,0.001949545414846824
1440342437801566212,negative,0.015818863304765816
1440342440490061830,negative,3.5739297175581346e-07
1440342441094123531,negative,0.0001157397450156213
1440342442021060613,positive,0.9380998420606763
1440342442474029057,negative,0.018409115860283796
1440342444583706630,negative,0.0007962786588509733
1440342446861209616,negative,0.009745750715248467
1440342447201009664,negative,0.01512920471734331
1440342449012969484,negative,0.0007090639669966105
1440342449201680384,negative,1.1820396412642478e-06
1440342449751162880,negative,0.011393224020796873
1440342451051372544,neutral,0.3749282873152068
1440342452905209859,negative,0.13637596937923618
1440342454763352067,positive,0.6947994382299444
1440342455400878098,negative,1.595937178111197e-14
1440342458236162053,negative,0.21074633588201144
1440342458534035469,negative,0.04295636050546059
1440342459616153601,negative,0.029400370639505822
1440342460555661319,positive,0.9844453983430719
1440342461318983693,negative,0.030018853109579535
1440342463193903110,negative,6.579242537569963e-05
1440342464041152513,negative,0.13924083246349173
1440342464380817413,negative,0.06043217299602261
1440342466939346953,positive,0.774378866808659
1440342467602108420,negative,0.00045645086769902543
1440342467946041356,negative,0.17747251010522705
1440342469825097733,negative,0.010808214898938961
1440342471238504456,negative,0.3029968537174699
1440342472140328966,neutral,0.5143447214613424
1440342473713217555,negative,0.30774419587640817
1440342475864883211,negative,3.58970140946474e-05
1440342479291645952,positive,0.9051453946628876
1440342482659676164,negative,0.00017595375530701622
1440342488850468877,neutral,0.396340609487562
1440342490377121795,neutral,0.4461393264032371
1440342490683371527,positive,0.7234528947198554
1440342490779832328,negative,0.3117211992195706
1440342491253772290,negative,0.07573601161511469
1440342492784726025,negative,0.177406132190233
1440342493216661505,negative,9.346352745307564e-06
1440342493241905163,negative,0.0024386984480431625
1440342493262872583,negative,0.22794317342619888
1440342493917188101,negative,0.09016866033386009
1440342494286204932,negative,0.2683997110052617
1440342495942963200,negative,0.027367024023137586
1440342496177889282,negative,7.206516146897397e-05
1440342497410965509,negative,0.000803646871559311
1440342500066004998,negative,0.005609311284901666
1440342501303349262,negative,0.19081397515932483
1440342503396241421,negative,0.00020229791026431368
1440342503740239879,negative,0.000892032404849648
1440342504230899716,negative,0.12279167466125734
1440342504339959824,neutral,0.4959987967743442
1440342504373510166,neutral,0.49789225920557484
1440342504738471943,negative,0.009196262842054876
1440342504935608322,negative,0.001654203989315814
1440342506189705223,negative,0.03289826676766138
1440342506227449860,negative,3.3030250725159742e-06
1440342506546163732,negative,0.022848626691772712
1440342507087220766,neutral,0.4985928500860049
1440342507196354566,negative,0.014947893326467421
1440342508706271235,negative,0.00013544761705304152
1440342509398360068,negative,8.08966086195656e-06
1440342511730397190,negative,6.247275209895151e-05
1440342512363655169,negative,0.00865757163338121
1440342512539815938,neutral,0.3511555207346793
1440342513366093838,negative,0.024316745271232145
1440342514217615364,negative,0.09159838109470014
1440342514456621069,negative,0.00997255693066628
1440342514632777736,negative,6.68856437046678e-05
1440342516427988999,negative,0.00010011452502029831
1440342520907513861,negative,0.0006078473109531227
1440342521326882826,negative,0.009196262842054876
1440342525261193225,negative,0.0009950130542340195
1440342525626048514,negative,0.0006797195212776753
1440342525860933639,positive,0.837639930805884
1440342527500972040,negative,0.00010011452502029831
1440342527530340356,negative,0.0011766678418415415
1440342531988852747,negative,0.12504369518740155
1440342533658214416,negative,0.22503257983983638
1440342534601908227,negative,0.13507275129746701
1440342535415627777,negative,0.00019876447235509746
1440342535935692809,negative,3.519455284378035e-05
1440342536900407302,negative,0.018007790199660447
1440342537089130501,negative,7.083875681783742e-06
1440342537944723461,negative,0.05793048455769026
1440342538078937092,negative,0.023093421536274986
1440342538267729926,negative,0.13924083246349173
1440342538309668873,negative,3.8375361030500015e-06
1440342539119181836,negative,0.07429522210644815
1440342544026464256,negative,0.1592151548911961
1440342544080982025,negative,0.015767988791122057
1440342544341090305,negative,0.001059692195544645
1440342544634703879,negative,0.10709205287111714
1440342545209257995,negative,1.368026891451687e-07
1440342552159219729,negative,0.001654203989315814
1440342552352198666,negative,0.06525781025480551
1440342552918380551,negative,0.05212027825058998
1440342554596155397,negative,5.178841371915869e-06
1440342555074314247,negative,0.0020300216074724976
1440342555728752641,negative,0.006110567833853877
1440342555808477184,negative,0.00012395081650331153
1440342555875438605,negative,0.012749160657915998
1440342558282977282,negative,4.347760325442345e-06
1440342559931322369,negative,0.12471372352075354
1440342563483832320,neutral,0.37319282394708025
1440342564800847875,negative,3.1173349537255603e-07
1440342569402060811,neutral,0.5556424010871375
1440342570471546894,negative,0.009665407466687662
1440342571692167169,negative,0.04679445649627617
1440342572505829380,negative,0.02436929255307008
1440342572598120461,negative,0.03535284986059824
1440342575693459458,negative,0.015264291213956713
1440342579288047620,negative,0.0002845208705977353
1440342581083193362,negative,0.030018853109579535
1440342581477445642,negative,0.25220334291980373
1440342582790295558,negative,0.265490943696957
1440342583234859010,negative,0.0668642710847093
1440342583297732608,neutral,0.4507454498615163
1440342585126490113,negative,0.06043217299602261
1440342585311055879,negative,0.0033141733346566597
1440342585818509318,negative,0.007967496193088057
1440342586225397760,negative,0.001654203989315814
1440342588788150273,neutral,0.5212084554669985
1440342589576663056,negative,0.0008255104913095362
1440342591556386829,negative,1.4110124699647653e-08
1440342592059674626,negative,0.0018116469447468197
1440342594228142101,negative,7.072028482011595e-05
1440342597348651016,negative,0.001406817761166791
1440342600225988611,negative,8.08966086195656e-06
1440342600687370242,negative,0.04590709125609295
1440342601383645185,positive,0.7715170301790862
1440342605410103299,negative,0.011941725357000964
1440342608841117698,negative,0.013316165570005804
1440342614088163342,negative,8.412498317950106e-07
1440342614423662597,negative,0.00020887895374678694
1440342614977380352,neutral,0.49789225920557484
1440342615262523396,negative,0.10707172173983344
1440342615560359945,negative,0.04295636050546059
1440342616873193482,negative,0.00854642427208888
1440342617347084290,negative,0.006744417116069987
1440342618756419589,negative,0.18333428132215154
1440342619129663489,negative,0.06043217299602261
1440342619423268875,negative,0.001654203989315814
1440342623554662404,negative,0.03765643244128598
1440342623697309710,positive,0.9119001248974878
1440342626293608460,neutral,0.49789225920557484
1440342626335555589,negative,0.005479207009737639
1440342626591379456,negative,0.000324247707844289
1440342628118118407,negative,0.2369710931082333
1440342630114594824,negative,0.11617603774324901
1440342631406440461,neutral,0.37142605093897746
1440342632153042947,negative,0.2186366811851303
1440342633713258499,negative,1.909194751382854e-14
1440342634258518027,negative,0.1583543543411277
1440342634573152257,neutral,0.5908618181140313
1440342634917105668,negative,0.012819097513515952
1440342634979991553,neutral,0.33901889464347806
1440342635902693376,negative,0.26375198539881145
1440342636317999107,neutral,0.47837303468572906
1440342636951265280,positive,0.7395895344884501
1440342637404246028,negative,3.209886159133001e-05
1440342639035883524,negative,0.17436218534737688
1440342639203680258,neutral,0.3499352441185855
1440342640017362954,negative,1.2232908952174163e-08
1440342641233649669,negative,8.241596847015754e-06
1440342641699213312,negative,0.07573601161511469
1440342641980284936,negative,0.023093421536274986
1440342642773004296,negative,0.0007962786588509733
1440342643695751174,negative,5.828823106715564e-07
1440342645285343234,negative,0.001949545414846824
1440342646770200582,neutral,0.5101226214277461
1440342649345437697,negative,0.00019628629342677788
1440342649504890882,negative,2.2770534321089676e-05
1440342649546756102,negative,6.67384903052376e-05
1440342650717040646,negative,0.04956026847406002
1440342651140595712,negative,0.08879956541753184
1440342652709339151,negative,0.001949545414846824
1440342653216821254,positive,0.9633894245446962
1440342654051512330,negative,2.921254370530416e-07
1440342654118629390,negative,0.00038507849086319196
1440342654772908038,negative,0.04167810552363461
1440342656261914637,negative,1.0249166176662184e-05
1440342657226604546,negative,6.861674723183008e-05
1440342658262581258,negative,0.001654203989315814
1440342658648399888,negative,0.003319214214720548
1440342659474747404,negative,0.023093421536274986
1440342661232148486,negative,0.0003396706043073675
1440342661626433543,negative,0.06043217299602261
1440342663958462475,negative,7.240478240065206e-05
1440342665485185041,negative,0.29150453131543796
1440342669561978883,positive,0.9142546951362402
1440342670740627469,negative,1.4308813365793918e-09
1440342674079318029,negative,0.013144929105451017
1440342676897894404,negative,0.0005481071919327833
1440342677539622921,neutral,0.5651703174880546
1440342681767448580,negative,0.0010695973977393359
1440342683919126529,neutral,0.3385252644667176
1440342684548288516,negative,0.01512920471734331
1440342684812464137,negative,0.08445132958142092
1440342687853400068,negative,0.023558141598493263
1440342693129846788,negative,0.006744417116069987
1440342693293400077,negative,0.15146354687600624
1440342693406666752,negative,6.861674723183008e-05
1440342696682410001,positive,0.6934630423130381
1440342698523721740,neutral,0.49789225920557484
1440342703380721676,negative,0.24426119796829865
1440342704987066377,negative,0.02553994232356336
1440342713061163024,negative,0.0042419176782431955
1440342724679327745,negative,0.003436546312736938
1440342725153280010,negative,0.08456470124415878
1440342735420944390,neutral,0.3726847435457324
1440342739829198854,negative,0.0010695973977393359
1440342740550631428,negative,0.22493346794813412
1440342741607534607,negative,0.027108161885082964
1440342755843067904,negative,0.011511292870796464
1440342757029990405,negative,0.00014087550891298396
1440342759097835522,negative,0.1619490686516377
1440342762486853633,negative,0.12723294801323434
1440342763417968649,negative,0.113114234930009
1440342765884239873,negative,0.2049895751210851
1440342766135906306,negative,0.0042419176782431955
1440342766546915350,negative,0.05914987847413999
1440342769701036034,negative,0.015767988791122057
1440342771282296838,negative,1.7331652836612832e-06
1440342774671306754,negative,0.29150453131543796
1440342778114822153,negative,0.014947893326467421
1440342784506949637,negative,0.006484903824837213
1440342786088177673,negative,0.22145439309676007
1440342790156685321,neutral,0.37874993579954885
1440342798142623757,negative,0.029243997396310888
1440342799937802251,negative,0.003706392283974267
1440342814831693825,negative,0.003711896260936164
1440342814911385602,positive,0.668739310434145
1440342820900855813,negative,0.19081397515932483
1440342829771808773,negative,0.0004609385888474606
1440342832221286404,negative,0.19118851141457796
1440342832938504192,negative,0.002898309601077754
1440342836470181897,negative,0.036402563063229865
1440342838798028804,neutral,0.5212990816196356
1440342838902870016,negative,0.005372249426676649
1440342843675987982,negative,0.0038932412569813325
1440342846645563404,neutral,0.4737554465528978
1440342848583323656,negative,0.0865413694190118
1440342850609188879,negative,0.05856298951889591
1440342850898579461,negative,0.00035886921626240907
1440342852173635597,negative,0.14622288293529362
1440342852353986569,negative,0.025895426302890188
1440342854497304589,negative,0.30371130375260563
1440342856321826822,negative,3.387532494633847e-06
1440342860411244551,negative,0.1445976117710086
1440342860499329030,negative,0.033424862847613986
1440342861057122304,negative,0.03686250516829616
1440342861673730049,negative,0.0010272306823098669
1440342861728260101,negative,0.0013411818152547737
1440342864450392064,negative,0.009119306942438244
1440342866379689985,negative,0.04956026847406002
1440342868711784455,neutral,0.6266906395675641
1440342870381105164,negative,0.19642227650959765
1440342870490116110,negative,0.08622836336233744
1440342870498496529,negative,0.0334797208409995
1440342870976696337,negative,0.0001584873285048229
1440342873937825804,positive,0.8448267647066751
1440342874122428416,negative,0.14023617652914044
1440342874592141317,negative,0.03425843726271117
1440342875305168903,negative,0.007402411899534764
1440342877381402635,negative,0.0009505783330615453
1440342877939200010,negative,0.0003853384623732257
1440342880820731909,positive,0.8293198584856798
1440342881101705224,negative,0.018692968091929843
1440342882838200337,negative,0.003313169164236593
1440342883769339906,negative,0.005025691535231157
1440342885447004174,negative,0.006022885248935453
1440342887141502979,negative,9.156238525961825e-05
1440342888559173643,negative,0.234936155512837
1440342889846824973,negative,0.08814160435271383
1440342890442416140,neutral,0.3762259281466196
1440342893219049476,negative,4.337799525629271e-09
1440342896079564808,negative,0.30725793206365803
1440342897077800967,negative,7.367462506505943e-05
1440342897295970304,negative,0.11709694541669367
1440342900747816971,negative,0.001361149395652324
1440342900965998607,negative,0.29150453131543796
1440342900986974212,negative,0.0019148229178619321
1440342906343067667,negative,0.02007120198281002
1440342908968701953,neutral,0.49789225920557484
1440342909258108933,negative,0.00020887895374678694
1440342909706899460,negative,0.0026806865268151773
1440342911875354628,negative,0.0020495826038098163
1440342913603411970,negative,0.13635782105405433
1440342914022862863,negative,0.29150453131543796
1440342917151748105,negative,0.09760298622649946
1440342917856464904,negative,0.06272328021779014
1440342920788262916,negative,0.2715986399098022
1440342922314977298,negative,0.00010260926926032539
1440342923002802195,negative,3.333736939378131e-08
1440342928610627584,negative,0.004194556148618918
1440342929961148417,negative,0.02684544154300831
1440342935472541699,negative,0.0013257312054954188
1440342935543767050,negative,0.1947486165211348
1440342936374239233,negative,0.013311172226390965
1440342939180277766,negative,0.13924083246349173
1440342942305062917,negative,9.720238423465396e-08
1440342952698544128,negative,0.00022809697519557802
1440342953801621512,negative,0.31732489718339985
1440342954346876932,negative,0.24316738294179951
1440342958478221316,negative,0.00017415533286923657
1440342958599925760,negative,0.015767988791122057
1440342958914433028,negative,0.0005140508822575727
1440342958935449620,positive,0.668739310434145
1440342959287783432,positive,0.7715170301790862
1440342960898412547,negative,0.0024129951871068958
1440342965772189698,negative,0.013508130560360085
1440342967634436117,negative,0.1466716355603242
1440342972470489091,negative,0.00010260926926032539
1440342974026551302,negative,3.00550216629359e-05
1440342974194335761,negative,0.015767988791122057
1440342974206939138,negative,0.0008506930357203393
1440342978376048644,negative,1.4103015899177191e-06
1440342980997500932,negative,0.00043627644897610915
1440342985078566928,negative,0.00043924459807615055
1440342989646094354,neutral,0.49789225920557484
1440342990661111816,negative,0.0002695872689069915
1440342991483256837,negative,0.0018972765892645348
1440342992607330309,negative,0.23914464850749545
1440342994750607365,negative,0.09433456612316915
1440342997732773891,negative,0.30031826067822254
1440343005597106176,negative,0.16310265746128633
1440343008910536710,negative,0.11700780811160286
1440343010680602624,neutral,0.49789225920557484
1440343014883291138,negative,0.13128708293074048
1440343017710239751,negative,0.06320575662810483
1440343020558176263,negative,0.00015143724022034213
1440343026438606854,neutral,0.49789225920557484
1440343036555186183,negative,0.029243997396310888
1440343045354835985,negative,4.838645741887527e-05
1440343045589716992,negative,0.0002499434670016348
1440343048861351941,negative,2.1826939698993265e-09
1440343050098659331,negative,5.5947827681157446e-08
1440343050610352146,negative,0.026143193351998707
1440343053512839181,negative,0.15146354687600624
1440343056746647552,negative,0.0025858840169539344
1440343057203822606,positive,0.6651166646704891
1440343058113974279,negative,0.0027134258053837304
1440343059082801157,negative,0.07753869503594527
1440343059128930306,negative,0.0005152472975620496
1440343060051685385,negative,2.157102468418287e-05
1440343061486202884,negative,0.013144929105451017
1440343063444946950,negative,0.05844959160801308
1440343063767838728,negative,1.6755062826480906e-09
1440343063830827018,negative,0.00010260926926032539
1440343066171244546,negative,0.05771664864205034
1440343066259308545,negative,0.0524608368303151
1440343066267697163,negative,0.008910069399301506
1440343067060412422,negative,0.2573799854610862
1440343069606383618,neutral,0.4898631585877994
1440343071535689730,negative,0.1595307110896395
1440343071741280268,negative,0.026143193351998707
1440343073171537923,negative,0.04956026847406002
1440343073762938880,negative,5.099623825644097e-06
1440343074115178509,negative,0.04810612162202492
1440343078502420488,negative,0.023093421536274986
1440343078749962245,negative,0.0016919115061948874
1440343082587676678,neutral,0.49789225920557484
1440343082646474759,neutral,0.48219639939142045
1440343083254566912,negative,3.571391597226545e-05
1440343083976065025,neutral,0.5601318691695236
1440343084907171844,negative,0.00013107896211714024
1440343087297929225,negative,1.728014979187611e-05
1440343090049343500,negative,0.015767988791122057
1440343091420954631,negative,8.024685904102423e-05
1440343092033249296,negative,0.051454156347726376
1440343093694271501,negative,0.004731570354469104
1440343095439028230,positive,0.9542860388598376
1440343096189874176,negative,0.01086353554014013
1440343101944385539,negative,0.2715220889220143
1440343103274041348,negative,0.11804965753960495
1440343103508860930,negative,0.0007962786588509733
1440343115626209288,negative,0.00040668553412978077
1440343116146360337,negative,0.0027134258053837304
1440343123629010955,negative,2.3950774127254124e-17
1440343124635619335,negative,0.06525781025480551
1440343125000482819,negative,0.009132626572862354
1440343131010916370,negative,2.570721126036062e-05
1440343131338133511,negative,0.04666311941419168
1440343135071080451,negative,0.0007240697848391842
1440343152829730816,negative,0.0015142353803118725
1440343156394921997,negative,0.00017415533286923657
1440343156709494796,neutral,0.5976391073968749
1440343157430882306,negative,0.1791153079403097
1440343162363408386,negative,0.0004838418360685706
1440343164003360785,negative,0.2224276534798429
1440343165622382607,negative,3.571391597226545e-05
1440343166117244955,negative,3.0294189302942953e-06
1440343169053298691,neutral,0.6522114186372636
1440343170055741444,negative,0.0008610075938002537
1440343173490900996,negative,0.316469533656467
1440343178079453190,positive,0.7715170301790862
1440343178226253837,negative,0.06043217299602261
1440343190251261967,negative,0.016874379496387853
1440343191950028807,neutral,0.49088097130161373
1440343198593736707,negative,4.838645741887527e-05
1440343204847439874,negative,0.00017415533286923657
1440343209373155329,negative,0.00017595375530701622
1440343220022505485,negative,0.004504060445367899
1440343226225885197,negative,0.017128721214550884
1440343226578202634,negative,4.30211691188967e-06
1440343226641117192,negative,0.30107336680902475
1440343232081121282,negative,0.00017415533286923657
1440343233016446980,negative,0.020482935337275094
1440343236191555592,neutral,0.4188857323101202
1440343242906554369,negative,8.389524048743905e-05
1440343248392777728,negative,0.00403209141990116
1440343258224234499,negative,0.0007962786588509733
1440343265362919437,negative,0.015694718825152644
1440343266143064073,negative,0.0003853384623732257
1440343278327500815,negative,0.03905228447589333
1440343280974065674,negative,0.003188681605747088
1440343281645219842,negative,0.0002013386888131608
1440343285013180421,neutral,0.3924821243354084
1440343286619668487,negative,0.10736451282939143
1440343286930051085,negative,3.3003036393807966e-05
1440343287026520079,negative,0.025659128041996087
1440343287752101888,negative,0.030505321650565312
1440343288729333769,negative,1.8163915821554378e-06
1440343289006211089,negative,0.02007120198281002
1440343289148764174,negative,0.011876164893926023
1440343289870254090,negative,4.421672695362029e-08
1440343289887002624,negative,0.00013295759960249042
1440343295029231631,negative,0.023093421536274986
1440343296564293649,negative,2.7106012708876495e-07
1440343299424800768,negative,0.15960559452264758
1440343300251156494,negative,0.0033110271256283383
1440343300460797969,positive,0.8489804387998326
1440343300683169792,negative,0.0007106656603805604
1440343301505241097,negative,0.03246401914886084
1440343302113357837,negative,0.02007120198281002
1440343302713212942,negative,0.010121931381629444
1440343303484960786,negative,0.04956026847406002
1440343304197992451,negative,0.00195878142781671
1440343304210563076,negative,0.020840765486248542
1440343304499990543,negative,0.015767988791122057
1440343305905008656,neutral,0.5101226214277461
1440343310330073089,negative,0.16427597653130074
1440343311076577286,neutral,0.49789225920557484
1440343311814836233,negative,0.009136362391681687
1440343311840002055,negative,0.00249911749635092
1440343312909541382,negative,0.004139105973897805
1440343313194774536,negative,0.21104975648066632
1440343313656082437,negative,0.1592151548911961
1440343313991680020,negative,0.02894833173607452
1440343316390764546,negative,0.0004270630931154907
1440343316436901888,negative,0.30484029355244935
1440343319070994434,negative,0.039512028518057615
1440343319544885250,negative,2.037424574222317e-05
1440343319985332229,negative,0.0027688553640712425
1440343322250211345,negative,0.0036335997924700787
1440343322522910723,negative,0.023456534775690912
1440343323009433607,negative,8.119147049247406e-05
1440343324003430413,negative,0.0027428464089112765
1440343326746501129,negative,0.0033218636610871785
1440343327455383557,negative,0.15423155134273484
1440343327648276501,negative,0.04810612162202492
1440343328495583235,negative,0.00021510079622994946
1440343329351208964,negative,0.0013213859340696179
1440343331284807687,negative,2.2920919959472334e-05
1440343331939049475,negative,0.28491510276845433
1440343338419310593,neutral,0.3620349028511916
1440343340000501764,negative,0.009196262842054876
1440343341149790226,negative,0.00020229791026431368
1440343341397266448,negative,0.015818863304765816
1440343341766377476,negative,0.005479207009737639
1440343342567419906,negative,8.144684766543554e-05
1440343342894616579,negative,0.19784632195083224
1440343342898827271,negative,0.10381886803388085
1440343343423098884,negative,0.00020887895374678694
1440343343561515013,negative,0.02545445313493427
1440343344052244489,negative,0.06386738632855975
1440343344597532680,negative,0.14616428919169558
1440343346057080835,negative,2.2784339833328232e-07
1440343348829581321,negative,1.1484029495681888e-05
1440343352222699534,negative,0.0030347566056843395
1440343352596000784,negative,0.0007101156343310262
1440343352977752072,negative,0.1592151548911961
1440343353250353166,negative,0.11827660521886252
1440343353917280258,negative,6.1148833470499465e-06
1440343357985726473,negative,0.20761694273130657
1440343358665203727,negative,0.04295636050546059
1440343360493867013,negative,0.00045919631395263856
1440343360699441165,neutral,0.49789225920557484
1440343363450916864,neutral,0.35062716053209303
1440343364113600527,positive,0.8985367729524671
1440343364218417161,negative,0.04295636050546059
1440343364390440962,negative,0.0011155813023765847
1440343364390440966,negative,0.00555220765671961
1440343366206513162,negative,0.1592151548911961
1440343366860894215,negative,0.08275041630039104
1440343366927982597,negative,0.02767555270867449
1440343372988747792,neutral,0.34754261738804654
1440343375165624324,negative,8.027602720524636e-06
1440343375274647555,negative,0.006744417116069987
1440343377967419398,negative,0.010865923580777068
1440343378579779589,negative,0.014780046529599043
1440343378604945414,negative,3.9211546112809164e-05
1440343380119019528,negative,0.04810612162202492
1440343383516450819,negative,0.265490943696957
1440343383659061260,negative,0.0038855284459481726
1440343383956803596,negative,0.1908942153374937
1440343385156448261,negative,0.05793048455769026
1440343385701715968,negative,0.0019283639856012595
1440343385802375170,negative,7.367462506505943e-05
1440343388411228170,negative,0.07628073905581889
1440343389799469061,negative,0.17436218534737688
1440343391754076163,neutral,0.5514410120991461
1440343392832032768,negative,0.002952811581682287
1440343393981239309,negative,0.016207483392219564
1440343395252072460,negative,8.378114200862246e-05
1440343400570523653,negative,0.07223704798985854
1440343401149259791,negative,0.00021127316178715805
1440343401707180042,negative,2.7002261798096574e-06
1440343405465198599,neutral,0.5101226214277461
1440343413853884432,positive,0.6748776071792137
1440343417536409607,neutral,0.46511884455441777
1440343422745726980,negative,0.0003853384623732257
1440343423114899456,neutral,0.5911967418929769
1440343426696843268,negative,0.00555220765671961
1440343427745390593,negative,2.206673741187656e-05
1440343428290600965,negative,0.19121999831568517
1440343428319961088,negative,0.005926179953547598
1440343434678571017,negative,0.015767988791122057
1440343434817007624,negative,0.003028110189885474
1440343435639066628,negative,0.19081397515932483
1440343441083285509,negative,0.0009391730519647096
1440343444547768324,negative,0.009119306942438244
1440343449320890373,neutral,0.5495922250151081
1440343451451592708,negative,0.007622529709049522
1440343454102417419,negative,0.0003733435129522132
1440343461039783944,negative,0.015886900678547807
1440343463849967629,positive,0.668739310434145
1440343465921970192,negative,0.025000379253520114
1440343468790849551,negative,0.029243997396310888
1440343469520605188,negative,0.011045104348052124
1440343469533237251,negative,2.5963835564475344e-06
1440343470720176138,neutral,0.4909152599591337
1440343478668386306,negative,0.0010695973977393359
1440343479880585217,negative,0.0022102131464088255
1440343483286376448,negative,0.0016918753621103949
1440343486343962637,negative,5.9926132742607794e-05
1440343490123091975,negative,1.4797053694569796e-05
1440343490815148042,negative,0.06525781025480551
1440343491033272320,negative,0.19612474473094213
1440343502563393544,negative,0.0005000894123908372
1440343504043986949,negative,0.0006684319851880063
1440343504723472397,negative,0.017128721214550884
1440343505902047244,negative,0.002952811581682287
1440343514169032708,neutral,0.49789225920557484
1440343519361568772,negative,0.0004142823079306434
1440343525145538565,negative,8.912271624708893e-05
1440343532967849993,negative,0.24559335856522774
1440343537992691722,negative,0.00010475118922689486
1440343538592403468,negative,0.016874379496387853
1440343540194627591,negative,0.08622836336233744
1440343544615505937,negative,0.00023266436116063844
1440343547203383303,negative,0.0016918753621103949
1440343548595900422,negative,0.1592151548911961
1440343550101626891,negative,0.3076217238180062
1440343553234780162,negative,0.016874379496387853
1440343558628659213,negative,0.0032994785041692994
1440343558884454414,negative,0.07429522210644815
1440343559110987780,negative,0.003706392283974267
1440343560021102597,negative,0.04246408300974053
1440343560537079808,negative,0.010626918907318601
1440343560612503560,negative,0.0010272306823098669
1440343560750919695,negative,6.7568107237638e-07
1440343561191313416,negative,0.024889991582082136
1440343562558705667,negative,0.005072479851248314
1440343562890072069,negative,0.0016805097416630929
1440343563288539148,negative,0.054984971463986336
1440343563556982794,negative,0.024889991582082136
1440343564467138562,negative,0.11154443292387338
1440343564681052170,negative,0.003222538965588384
1440343565293346816,negative,0.1679095104877978
1440343566874599428,negative,0.11648577484195811
1440343567147229194,negative,6.579242537569963e-05
1440343567868653573,negative,0.00010484181635422777
1440343568837529608,negative,0.003177236159824995
1440343569319940099,negative,0.0496789683653407
1440343571140202503,negative,0.19081397515932483
1440343571794595843,negative,0.007402411899534764
1440343571798757378,negative,0.3069459091230173
1440343574273425417,negative,0.0003930538284635348
1440343574697033742,neutral,0.6308457976466544
1440343575808536581,negative,0.1856807530172181
1440343575888158720,negative,0.00019628629342677788
1440343577230381056,negative,0.16272226595375297
1440343577255501835,positive,0.6748776071792137
1440343579042349065,negative,0.000735898765154133
1440343583366676487,neutral,0.5059383390413523
1440343584692072453,negative,0.01782673668868753
1440343588450172931,negative,0.00045645086769902543
1440343594250895375,negative,0.010808214898938961
1440343595479752717,negative,0.02688908279303541
1440343595991461900,negative,0.0014676768351758573
1440343596733927426,negative,0.0002513152158848448
1440343597346291722,negative,0.0296007002410879
1440343598856212483,negative,0.18920942336772928
1440343598986264579,negative,0.2580728121337024
1440343599535689733,negative,0.07030102789914991
1440343601599291396,neutral,0.4507454498615163
1440343602152968202,negative,0.039512028518057615
1440343607378997257,negative,0.2541726641076113
1440343607446171658,negative,3.423574402801138e-05
1440343608549261327,negative,0.023093421536274986
1440343610818322441,neutral,0.49789225920557484
1440343612248657924,negative,1.9782625999503626e-06
1440343613959917590,negative,0.00012917002060688025
1440343615465668615,negative,0.19612474473094213
1440343616501649411,negative,0.12222688296385707
1440343622273044485,neutral,0.37786815202329305
1440343622897991680,negative,0.005479207009737639
1440343623921373195,negative,0.0001296964009952035
1440343625741729794,negative,0.04956026847406002
1440343626274390016,negative,0.003305256385167365
1440343629394972679,negative,0.030680013723275314
1440343632054157328,negative,4.321992069897839e-11
1440343634302234626,neutral,0.4718131188562645
1440343634402963460,neutral,0.3692017139779661
1440343634885234706,negative,0.13924083246349173
1440343635929698304,negative,0.009119306942438244
1440343636017750029,negative,0.0002298396277033423
1440343638622412800,negative,0.006744417116069987
1440343646654513153,negative,0.003305256385167365
1440343652711030806,negative,0.005684999537450314
1440343652799111178,negative,0.06298563244829895
1440343655189868547,positive,0.6748776071792137
1440343656326569988,negative,1.2823546168901902e-06
1440343657974960143,negative,0.037435535869823795
1440343659925311499,negative,0.00555220765671961
1440343666128605185,negative,0.013622522454958284
1440343667072331780,positive,0.9944742122825354
1440343670721445889,negative,0.00010260926926032539
1440343671153381378,negative,0.0008805876245188289
1440343671828725772,negative,0.00010260926926032539
1440343672818528262,negative,7.86278537571274e-06
1440343674177523714,negative,0.06043217299602261
1440343676685750275,negative,0.003305256385167365
1440343678023725063,negative,4.337188486622401e-05
1440343681752436743,negative,0.0019283639856012595
1440343682591297538,negative,0.00017415533286923657
1440343683606343691,neutral,0.3599131410806974
1440343690409492486,neutral,0.49789225920557484
1440343693479735310,negative,6.979094991491503e-06
1440343694406606849,negative,0.00555220765671961
1440343696600223748,neutral,0.49789225920557484
1440343699003637783,negative,0.04658475203500864
1440343701922799620,negative,0.00019872726767169926
1440343702048624645,negative,0.23276629695797113
1440343703483084814,negative,0.0025286732006203545
1440343704116482056,negative,0.00010260926926032539
1440343708017180675,negative,0.000942137628145214
1440343711234215939,negative,4.8139879680063704e-05
1440343713247498240,negative,0.31088210341413597
1440343714128220163,negative,0.007705469049601611
1440343719794798594,negative,0.007705469049601611
1440343725205377025,negative,0.14763909321450158
1440343735003271170,negative,0.10337742865680179
1440343737062752265,negative,0.21074633588201144
1440343742951526417,negative,0.19081397515932483
1440343743052140550,negative,0.016078806679039194
1440343747334598656,negative,0.017128721214550884
1440343748378955783,negative,0.0037701181868880157
1440343751310807045,negative,0.013508130560360085
1440343752577409027,negative,0.0013257312054954188
1440343753122738180,neutral,0.49789225920557484
1440343753227530249,negative,0.00010260926926032539
1440343753781174288,negative,0.011045104348052124
1440343755249225737,neutral,0.3555020765084176
1440343759590354952,negative,4.337188486622401e-05
1440343762379575304,negative,0.00020887895374678694
1440343764631916554,negative,0.0881277700849504
1440343770852036612,negative,0.0019283639856012595
1440343775058939904,negative,0.11525125809151204
1440343775377719303,negative,0.0027858436790286125
1440343775381917696,negative,0.1733198615490139
1440343775495147529,negative,0.0070762743096608495
1440343776073900048,negative,0.00555220765671961
1440343778724745220,negative,0.14290475121759885
1440343781732077572,negative,7.339455303195809e-05
1440343782000529414,positive,0.779399146390165
1440343784655503374,negative,0.0003930538284635348
1440343798718943236,negative,0.20109793513259905
1440343800040157192,neutral,0.3599131410806974
1440343807510265858,negative,4.337188486622401e-05
1440343807690559491,negative,0.00555220765671961
1440343807778721800,negative,3.0497434301928902e-05
1440343810609856521,negative,0.00028503837995133953
1440343813994713088,positive,0.9987642714654174
1440343814615437316,negative,0.1669589149697508
1440343817224212488,negative,0.00010260926926032539
1440343817891115008,neutral,0.48439634580644964
1440343822844588032,negative,6.429659036031694e-05
1440343826908868621,negative,1.3338180937216415e-05
1440343832764190729,negative,0.19612474473094213
1440343835440140295,negative,0.00023266436116063844
1440343838027964429,negative,0.05600175126290978
1440343838736875529,negative,6.8265123817893e-05
1440343845711933451,negative,0.0010107014680515668
1440343846450204672,negative,4.971758164665195e-06
1440343851865042951,negative,0.10712328096962105
1440343855363096580,negative,0.00555220765671961
1440343857879683073,negative,0.11592780363855204
1440343859540627458,negative,0.10713450846300597
1440343867534888967,negative,1.1731054635376812e-09
1440343883225841690,negative,5.224920020636616e-05
1440343884576407570,negative,0.0019283639856012595
1440343895498362883,negative,0.1592151548911961
1440343896395894792,negative,0.022462354256301727
1440343897465520139,negative,3.4117044104664033e-10
1440343904927113228,negative,0.28432213500654485
1440343906055430153,negative,0.3279087456646945
1440343912170745870,neutral,0.5230271910277728
1440343915962396672,negative,8.201502025504167e-05
1440343918994804744,negative,0.00021574656212209735
1440343929778368512,negative,0.005274374860760029
1440343930948624395,negative,0.14085150171394326
1440343931011567627,negative,0.18340381596007213
1440343944697499651,negative,0.0034698887902030492
1440343944940830735,negative,0.00838563099430909
1440343946161377301,negative,0.00010260926926032539
1440343948929560584,positive,0.9881462444857382
1440343949542002689,negative,4.838534830691098e-05
1440343949801975815,negative,0.00904343597352282
1440343950280167429,negative,0.07387732721957979
1440343952213766148,negative,0.1299124830638462
1440343952226336778,negative,1.4739998489964333e-06
1440343954470289412,negative,0.19612474473094213
1440343955707551754,negative,0.04448897444247323
1440343957456572421,negative,0.00012395081650331153
1440343963626401796,negative,0.0001746018768880361
1440343976226131972,negative,0.052288298010119624
1440343985310949378,neutral,0.49789225920557484
1440343987219431427,negative,3.3161295503512776e-05
1440343995343724546,neutral,0.49789225920557484
1440344007498862593,negative,0.19612474473094213
1440344011445735428,negative,0.031721653849989304
1440344012754341893,negative,0.013508130560360085
1440344014926999559,negative,0.014780046529599043
1440344015094747137,negative,0.00035298722076333565
1440344018768957447,negative,0.025424649868393944
1440344025630863363,negative,0.006036933514724648
1440344025748234244,negative,0.2900050858475019
1440344027996381184,positive,0.7131854388658802
1440344028021551121,negative,0.06914096384885494
1440344030559162368,neutral,0.4461393264032371
1440344030898884614,neutral,0.49789225920557484
1440344031297302531,negative,0.04810612162202492
1440344035319640072,negative,0.00020229791026431368
1440344035349053451,negative,5.399452955868895e-07
1440344035516764165,negative,0.002475058775314796
1440344037840412673,negative,0.00555220765671961
1440344039857942528,positive,0.9963590189789714
1440344042366136335,negative,0.027108161885082964
1440344048594657296,negative,0.029400370639505822
1440344049722920962,negative,0.04448897444247323
1440344051161579520,negative,3.181743660545401e-05
1440344051677483009,negative,0.0023235974743574107
1440344051757170694,negative,0.0065893641705108575
1440344052101042181,negative,0.007835849523577304
1440344053120323589,negative,0.003501141504376159
1440344053636218895,negative,0.026760446102286645
1440344053669773322,negative,0.32634242480154974
1440344055045492739,negative,0.028222339637298643
1440344057092329472,negative,0.04448897444247323
1440344057104928776,negative,0.0004134707621241425
1440344058623258630,negative,1.1887307767269485e-08
1440344060405837825,positive,0.7203454409145219
1440344062427484169,negative,0.00033101578585975605
1440344062754627604,negative,0.04295636050546059
1440344064818225163,neutral,0.42507619662732005
1440344067947130894,neutral,0.3663911719276795
1440344068416937993,negative,0.04803835333639443
1440344071344590853,negative,0.001059692195544645
1440344071407431689,negative,0.013073472485865987
1440344071973732357,negative,0.3069459091230173
1440344072225320973,positive,0.6824837810859113
1440344072443420676,negative,0.0014284075677919346
1440344072497995779,negative,7.367462506505943e-05
1440344072992870418,positive,0.6747245585116303
1440344074167283712,negative,0.030526327410669924
1440344077308882946,negative,0.265490943696957
1440344078084755469,negative,0.0004314069107695783
1440344078349062150,negative,0.2387503100063948
1440344080165130255,negative,0.015767988791122057
1440344080651730951,negative,0.3147487766489516
1440344080953667589,neutral,0.5533970533999424
1440344081041747971,negative,0.006366922906388695
1440344084002979842,neutral,0.6567552400637309
1440344085152206862,positive,0.787961036597761
1440344086465056778,negative,0.0035721610641491286
1440344086813102085,negative,0.036402563063229865
1440344086817296388,negative,0.036402563063229865
1440344088159473669,negative,0.005618146631533376
1440344091737214989,negative,0.0005668102194965273
1440344091913379853,negative,0.00013606397351217792
1440344093909942285,negative,0.00020229791026431368
1440344094144823296,negative,0.013144929105451017
1440344095159840773,negative,0.00017595375530701622
1440344096095158286,negative,0.07382953457990245
1440344096728498191,negative,0.13390977578262162
1440344097789603844,neutral,0.40351103155207263
1440344098506883085,negative,0.0009511607013342868
1440344098968272896,positive,0.7019270984583794
1440344100071374854,negative,0.20491366081506368
1440344103036719106,negative,0.003501141504376159
1440344103548456962,negative,0.0007090639669966105
1440344103682646031,negative,0.009196262842054876
1440344103741374474,negative,0.0019283639856012595
1440344105192591370,negative,0.04448897444247323
1440344106794815497,neutral,0.3764050022346118
1440344107029651466,negative,0.13035664033899422
1440344109802131458,negative,0.11526321610764931
1440344110993264647,negative,0.0034168426451623235
1440344111056187403,negative,9.854757429629533e-13
1440344111056252938,negative,0.1510564228994416
1440344111429476353,positive,0.9963590189789714
1440344114378121231,negative,0.05196829894024612
1440344114738839556,negative,0.29576914939625176
1440344119461646342,negative,0.023531445034356554
1440344122032672781,neutral,0.49789225920557484
1440344124696129544,negative,1.728014979187611e-05
1440344126088564741,negative,0.0001595365547005911
1440344135077031939,negative,0.0039720455216558795
1440344135207043083,negative,0.056305791671699475
1440344138512166926,negative,0.017128721214550884
1440344143402713099,positive,0.7715170301790862
1440344144249978881,positive,0.7715170301790862
1440344150746959888,negative,0.0007482287850437854
1440344163946401794,negative,0.11592780363855204
1440344173035417612,neutral,0.42389676260805603
1440344173937188866,negative,0.00010260926926032539
1440344175463964682,negative,0.007402411899534764
1440344186436276225,negative,0.0005725381650561811
1440344191817506828,negative,2.1658067718422444e-05
1440344198943625218,positive,0.9963590189789714
1440344201770668039,negative,0.04093391278645765
1440344215133638660,negative,0.24913404441119985
1440344215683096590,positive,0.955363676907195
1440344218203934727,negative,0.03410048366705551
1440344220267470857,negative,0.29150453131543796
1440344221995581446,negative,0.022510080079881662
1440344223178313744,negative,0.31088210341413597
1440344230765817860,negative,0.0005725381650561811
1440344234955984905,negative,0.13292378603408783
1440344236390371334,negative,0.00012171177737900043
1440344240802840580,negative,0.001322662434652492
1440344246137987073,negative,0.1922032357937945
1440344253847064576,negative,4.178020661352122e-07
1440344255382257669,negative,0.00555220765671961
1440344255784837123,negative,1.408301663409718e-06
1440344260591554580,negative,0.1625474198447548
1440344261216522252,negative,7.008130475505983e-09
1440344264345489411,negative,0.005095139236736712
1440344267331825675,negative,0.0014161131318279133
1440344269332516864,negative,0.2933275950121153
1440344269454073861,negative,0.08914393781591728
1440344270913753104,negative,0.04295636050546059
1440344271534526465,negative,0.009136362391681687
1440344273245782027,neutral,0.46127768308170247
1440344273673601036,negative,0.07393886478111271
1440344274810200081,negative,0.04295636050546059
1440344277490421765,negative,0.0319882906294042
1440344277792411658,negative,0.19081397515932483
1440344278094413825,negative,0.265490943696957
1440344282414518290,negative,0.00010552705512243249
1440344288282349568,negative,0.017038647511323193
1440344291147071496,negative,0.0003286308033101769
1440344293508403205,negative,0.2186366811851303
1440344295945367555,neutral,0.49789225920557484
1440344299703394315,negative,5.645336457296366e-05
1440344301284720649,negative,0.008630401310691987
1440344304451346433,negative,0.06914096384885494
1440344305369972738,negative,0.010622093661330722
1440344306238124046,negative,0.04365741833257031
1440344308587003911,positive,0.7554575127624344
1440344311623602180,negative,1.757726253617561e-05
1440344312613523457,negative,8.176804329886052e-09
1440344313313910791,negative,4.337188486622401e-05
1440344313620099090,negative,0.005358362700363053
1440344314106707971,negative,0.08390706114192491
1440344314727452672,positive,0.9963590189789714
1440344314739970061,negative,0.029400370639505822
1440344316472217614,negative,5.5947827681157446e-08
1440344317340667904,negative,0.27299027259349334
1440344317495627783,negative,0.0009804014030061232
1440344317504016384,positive,0.9957914467014052
1440344317684371466,negative,0.01868514549425644
1440344320188448775,negative,0.006762011256632582
1440344321467695119,negative,1.6375361075087456e-06
1440344322000388107,negative,0.04956026847406002
1440344323728445446,negative,0.005025691535231157
1440344324378546186,negative,0.0558330579047568
1440344324533719058,negative,0.13924083246349173
1440344325343223814,negative,0.00015059077340966623
1440344325527801860,negative,0.07393886478111271
1440344326886748169,negative,0.265490943696957
1440344327796899844,negative,0.11368217043589632
1440344328287633414,negative,0.02007120198281002
1440344328350560259,negative,0.0030347566056843395
1440344329906577409,negative,0.00010260926926032539
1440344331676577798,negative,6.191999987557854e-06
1440344336630108184,negative,0.07393886478111271
1440344339809406984,neutral,0.5159436667231726
1440344342384689155,neutral,0.5556424010871375
1440344342627979265,negative,0.00013504487478645545
1440344343823327239,negative,0.2186366811851303
1440344344137854995,negative,0.03411404890524173
1440344344972595204,negative,0.18640935453745394
1440344345509433353,negative,6.781246885136368e-05
1440344347866591237,negative,1.4063389011333175e-05
1440344348923625485,negative,5.0073190491041865e-05
1440344349875707906,negative,0.26037498461859954
1440344350962028557,negative,8.591998217509718e-11
1440344352232931329,negative,0.07382953457990245
1440344353046601749,negative,6.731983134137399e-07
1440344354594324492,negative,0.05196829894024612
1440344356154580996,negative,0.0007138367163038132
1440344358704730114,neutral,0.5695902964175389
1440344359824609282,positive,0.8598945226243512
1440344362731245573,negative,0.11592780363855204
1440344363305881604,neutral,0.4461393264032371
1440344363708530693,neutral,0.4938013795412572
1440344363792437250,neutral,0.38355829007163905
1440344364408922118,positive,0.6651166646704891
1440344366669709313,negative,0.2186366811851303
1440344371337969666,negative,0.2186366811851303
1440344373581922306,negative,0.024576217820079578
1440344373934260226,negative,0.017717271246326178
1440344376832512005,positive,0.7988652044118636
1440344377319063558,negative,0.14200124909300085
1440344377637761025,negative,0.002410544363340588
1440344378594115589,negative,0.00022247011991886287
1440344386110308361,negative,0.07387732721957979
1440344400219947022,negative,0.0020209188418532924
1440344405437661190,negative,0.02160043164333775
1440344406427508741,negative,0.1625474198447548
1440344406884712451,negative,0.0019283639856012595
1440344407656464387,negative,0.04448897444247323
1440344409283780608,negative,3.3548280485673826e-06
1440344422978183181,negative,0.0668642710847093
1440344423330508801,negative,0.014947893326467421
1440344423347359747,negative,0.005800930479449428
1440344423678709766,positive,0.9923715789483564
1440344426270760965,negative,0.05573315722051008
1440344427176759308,negative,0.00555220765671961
1440344431530438664,negative,0.0035302056307098878
1440344431647866885,negative,0.00044631160319255094
1440344432331550726,negative,0.18840554408471027
1440344434936188937,negative,2.9019760807085203e-05
1440344435842187269,positive,0.8293198584856798
1440344438518075394,neutral,0.49789225920557484
1440344439101136901,negative,5.754709959146908e-06
1440344440791465990,negative,0.2458696654196623
1440344444948008966,neutral,0.4209123307147861
1440344446382448642,negative,0.006629042783160403
1440344448357978119,negative,0.06525781025480551
1440344452606820373,negative,0.0018884312263084105
1440344459078619145,negative,0.0007414573402385587
1440344465261031430,negative,0.005257349724154649
1440344467429494788,negative,0.013508130560360085
1440344473213435904,negative,4.6482678323732524e-05
1440344480326975489,neutral,0.49789225920557484
1440344480385667078,negative,0.0043765745462335985
1440344484324077579,negative,0.02675059354931382
1440344489088880640,negative,0.0033929186671585506
1440344493731975175,negative,1.6253873324148094e-08
1440344494809878548,negative,9.298234240256469e-05
1440344496575684631,negative,0.0003853384623732257
1440344510563700736,negative,5.017930181445398e-05
1440344511780065287,negative,1.6061074380287146e-07
1440344517668794370,negative,0.00035321153472728733
1440344526476877832,negative,0.31088210341413597
1440344526917275662,neutral,0.3403391890910929
1440344528997666818,neutral,0.49789225920557484
1440344535633063939,negative,0.020547801496276552
1440344544759869445,negative,0.00781308804455623
1440344547234500608,negative,0.0007962786588509733
1440344549331668994,negative,0.013959528348692461
1440344557279846400,negative,0.015230671847015695
1440344558273925127,negative,0.19081397515932483
1440344561419649025,negative,0.0008506930357203393
1440344562237464585,negative,0.005621478811357939
1440344566163382277,negative,0.0004134707621241425
1440344569950846979,negative,0.04448897444247323
1440344570739396616,negative,0.1592151548911961
1440344573931184128,negative,0.04448897444247323
1440344573998293000,negative,0.13292378603408783
1440344574619054081,negative,0.0010083624787428382
1440344577001459717,negative,0.0023235974743574107
1440344583280357376,neutral,0.3599131410806974
1440344586639929361,negative,0.02190420716221645
1440344586702843917,negative,0.0040069841903250525
1440344586983862285,negative,0.02793266425366768
1440344587034267653,neutral,0.4960875190851314
1440344591677358085,negative,5.5947827681157446e-08
1440344599180939264,negative,0.022125719875325724
1440344600841883652,negative,8.471421940313983e-06
1440344607745740808,negative,0.004138360741460947
1440344608450306061,neutral,0.49789225920557484
1440344609641533444,negative,0.036763927263729734
1440344610354524170,negative,0.001949545414846824
1440344614116814857,neutral,0.6343198904265422
1440344614163005447,negative,0.0012211328361184486
1440344614775365632,negative,0.01250068335545965
1440344614980907014,negative,9.156238525961825e-05
1440344615245082626,negative,0.2642989205609141
1440344617354858501,negative,1.1336854395137421e-07
1440344617816231947,negative,0.00017738992563559594
1440344619544285184,negative,0.16350320619358802
1440344624749375513,negative,0.04956026847406002
1440344628457136135,negative,0.013244553207571542
1440344630654955522,negative,0.17137162429129033
1440344632571826179,negative,0.005307874378417735
1440344641090428933,negative,1.4103015899177191e-06
1440344641748885504,negative,0.0013257312054954188
1440344641790832641,negative,0.00017415533286923657
1440344646106812421,negative,0.00021411040073210125
1440344647692275732,negative,0.0016926056223584803
1440344650418561025,neutral,0.49789225920557484
1440344653446860804,negative,0.05432264305964654
1440344654726111234,negative,0.0220129584574763
1440344656915566609,neutral,0.33208590979778607
1440344658706526218,negative,9.759518785735578e-06
1440344659797020673,negative,0.009321770765155318
1440344659797020679,negative,3.8522324714967156e-05
1440344660686245894,negative,0.006629042783160403
1440344660707188736,negative,0.1625474198447548
1440344671432019972,neutral,0.4737554465528978
1440344683134128130,negative,0.0035212798589143827
1440344684358897675,negative,0.0009548111056399387
1440344686942556166,negative,0.038670689536248574
1440344688708386816,negative,0.013254364870439342
1440344688716779520,negative,0.015921343038467886
1440344692512595976,negative,2.5963835564475344e-06
1440344693624111112,positive,0.8293198584856798
1440344694324543489,negative,5.535730976111945e-05
1440344699877822474,negative,0.0003853384623732257
1440344707888939009,negative,0.011812870766327276
1440344713496694796,negative,0.029551545146871725
1440344714864062481,negative,0.2235776775113256
1440344730248749069,neutral,0.3599131410806974
1440344731595141129,negative,0.029596821042635446
1440344734992519170,negative,0.00020887895374678694
1440344735709728774,negative,0.018965692933877645
1440344736988946437,negative,0.029596821042635446
1440344738637352972,neutral,0.5710211662525364
1440344741363683330,negative,0.0024129951871068958
1440344742454198273,neutral,0.4886805846737526
1440344743372750852,neutral,0.49789225920557484
1440344747483164673,positive,0.7745982578167736
1440344751333527566,negative,0.15328663055331584
1440344754827382785,negative,4.2488683522544504e-05
1440344757914390528,negative,0.002261323302988031
1440344759457910787,negative,0.16075323844992134
1440344760258945035,positive,0.9963590189789714
1440344766068051970,neutral,0.3748761242813881
1440344767498375169,negative,0.04295636050546059
1440344767557038091,negative,0.00030990646385414095
1440344768127533064,negative,0.026143193351998707
1440344772112052243,negative,0.0031980007008993233
1440344772355395591,negative,0.00011369343947084701
1440344773211033602,negative,0.004499667937322132
1440344775907889160,neutral,0.49789225920557484
1440344777002684425,negative,0.163590934970255
1440344777132699649,negative,0.008510827890504774
1440344779779305474,negative,0.0006344345183727673
1440344782841073674,negative,0.00012485073380793502
1440344783176683526,negative,0.0003206681191837101
1440344785248604162,negative,0.017128721214550884
1440344785575768076,positive,0.9999569977251235
1440344785605201924,neutral,0.43805945345672864
1440344789073870856,negative,0.1592151548911961
1440344789178744836,positive,0.7191017733861276
1440344790806122510,negative,0.0001517242295728211
1440344790885752843,negative,0.0001421319036280339
1440344791217106945,negative,0.003998245492695822
1440344794450907143,negative,9.30889113357736e-08
1440344795667259401,negative,0.20775304090921026
1440344795772186635,negative,0.19081397515932483
1440344798427160584,negative,0.00020229791026431368
1440344800327208977,negative,0.008869868621378318
1440344801979736070,negative,0.0006344345183727673
1440344802764095488,negative,0.02031888565456615
1440344803334496268,negative,0.00021510079622994946
1440344804374708232,negative,0.004435636150858999
1440344804425035797,negative,0.2186366811851303
1440344804831891457,negative,0.015767988791122057
1440344805335130120,negative,0.0008057621459885639
1440344806652215297,negative,0.23998727042985107
1440344808707395588,negative,0.00011343305097491454
1440344810292871188,negative,5.042394112863841e-06
1440344810578087950,negative,0.003257408101133054
1440344814273249301,negative,0.008275457155678002
1440344815737081864,negative,0.022657668688553612
1440344816668196867,negative,0.00046919143779994564
1440344817083445257,negative,0.07429522210644815
1440344817796407296,negative,0.0020495826038098163
1440344818496856082,negative,0.32410823691843127
1440344819906187266,positive,0.7715170301790862
1440344821269368839,negative,0.01404942138906573
1440344822414413838,neutral,0.33861374222754576
1440344822808674306,negative,0.0033141733346566597
1440344823018315782,negative,0.2817358435028113
1440344823647510542,negative,0.008009957837269635
1440344823865561094,neutral,0.48439634580644964
1440344826369642504,negative,0.031064434378812247
1440344826407313415,negative,0.03232913357462069
1440344828861054982,negative,5.042394112863841e-06
1440344829934784515,negative,0.00020229791026431368
1440344830807216135,negative,0.009196262842054876
1440344831134351370,negative,0.007357578366045678
1440344831255932941,negative,0.0019283639856012595
1440344832057102339,positive,0.6947994382299444
1440344833768316937,positive,0.668739310434145
1440344835093712903,negative,0.00555220765671961
1440344836842786820,negative,0.12157288721162351
1440344838952534034,negative,0.30107336680902475
1440344839850135570,negative,0.3133464205025645
1440344842756755458,negative,0.00555220765671961
1440344848217755656,negative,0.015127430558916272
1440344852734955526,neutral,0.35785643069366135
1440344854521782274,negative,0.00010260926926032539
1440344856421814281,negative,0.13035664033899422
1440344859785646083,negative,0.00028503837995133953
1440344867402485760,negative,0.0008727960657917153
1440344877175214090,negative,0.00010260926926032539
1440344878257299456,negative,0.00017595375530701622
1440344882061590539,negative,0.2056789785288842
1440344889166745617,negative,3.836643479031204e-06
1440344892190834698,negative,0.21782822309963426
1440344901577633794,negative,0.05308938670886328
1440344906367569923,neutral,0.35057987415612096
1440344907470700548,negative,0.05503631880595557
1440344908301172748,negative,0.0016918753621103949
1440344909853065224,negative,0.0032227448449820523
1440344920061976592,negative,0.0005276829338505487
1440344921416761353,negative,1.768813452853138e-05
1440344922536615941,negative,0.0003221199103337686
1440344923367038984,neutral,0.49789225920557484
1440344926189879309,negative,0.08301405969364485
1440344928622546953,negative,0.0806134000126171
1440344931260719123,neutral,0.5592139993815718
1440344932565147653,negative,0.010372902421662217
1440344937552220167,neutral,0.49789225920557484
1440344938160422921,negative,0.12504369518740155
1440344939284418562,neutral,0.3653665362852833
1440344943692640261,negative,0.011644017786226658
1440344957982674946,negative,0.008150608333239521
1440344958993506311,neutral,0.6597768253658766
1440344960557936655,neutral,0.5533041904638033
1440344968548155392,negative,0.0004365425188275651
1440344970209021964,negative,0.008391275657265846
1440344974680150017,negative,0.009070646513515907
1440344975510687759,negative,0.0033218636610871785
1440344980095000583,positive,0.9963590189789714
1440344987871285254,negative,0.009132626572862354
1440344993252532233,negative,0.0020209188418532924
1440344996167647234,negative,0.012044787170883565
1440344996729671691,neutral,0.49789225920557484
1440344998034042894,negative,0.0065465728417252594
1440345000668061712,negative,0.30725793206365803
1440345002433941508,neutral,0.5136446707795853
1440345002966589447,neutral,0.3599131410806974
1440345003314712580,negative,0.0001296964009952035
1440345004124229644,negative,0.00012302470113874456
1440345004648452105,negative,0.0018563455274052231
1440345005789356048,negative,0.010217573857302218
1440345006523379717,negative,0.0006989957680069353
1440345006590496782,negative,6.579242537569963e-05
1440345008020721667,negative,0.04295636050546059
1440345010717671429,negative,0.0008534922547184695
1440345012261113862,negative,0.0031980007008993233
1440345014731612162,negative,0.10182792736064882
1440345017093033999,negative,0.21074633588201144
1440345017210458115,neutral,0.49789225920557484
1440345019018215430,negative,0.0005951153073297157
1440345019311788042,negative,0.026143193351998707
1440345019706003462,negative,0.003427040185731216
1440345021090177040,negative,0.0017662930475215272
1440345023564824586,neutral,0.46488149295792963
1440345024022016010,negative,0.10157190862797229
1440345027360673799,negative,0.04295636050546059
1440345027595489282,negative,0.001654203989315814
1440345029487169551,neutral,0.33861374222754576
1440345029583663116,negative,2.3738397238270267e-06
1440345030439231490,negative,0.02334543991066454
1440345030959325191,neutral,0.6359704516343516
1440345032083456009,negative,0.00555220765671961
1440345032729395204,positive,0.6907372809600184
1440345034323156998,negative,3.836643479031204e-06
1440345036047015938,positive,0.9607655494113894
1440345037930303495,negative,0.0029662311692187754
1440345039847124993,negative,0.0014161131318279133
1440345040077799427,negative,0.009196774383629454
1440345042804043798,negative,0.021904950943408174
1440345043248635913,negative,0.06120462612748977
1440345043496149000,neutral,0.49789225920557484
1440345043861065732,negative,0.14072426569166022
1440345044427296774,positive,0.9929294462968072
1440345044519583745,negative,3.514742500497078e-06
1440345045492588546,negative,0.026143193351998707
1440345046297899008,negative,0.011097359062901936
1440345051289178113,negative,0.0011524987811760599
1440345051868000264,negative,0.04295636050546059
1440345052505509898,neutral,0.33402218903110614
1440345052874612757,negative,0.18718569924638945
1440345054334230530,negative,0.051386108889477505
1440345054808215556,negative,0.10182792736064882
1440345055441547274,negative,0.00013071332850592794
1440345055772905476,neutral,0.47384692295042546
1440345057454800900,neutral,0.35629046916267293
1440345059392569350,negative,1.3390436803660467e-10
1440345060579549184,negative,0.00035916324425824315
1440345063997857797,negative,0.12482974041364932
1440345067303030792,negative,2.9724444544573108e-06
1440329976805421061,neutral,0.6297779249249934
1440329977455538183,negative,0.0005344764460356822
1440329977506025473,neutral,0.6433439868276961
1440329978084610057,positive,0.753360450257073
1440329981234581516,negative,1.799107688305762e-06
1440329983235264514,negative,0.0017825403733532006
1440329984267145216,neutral,0.5038364933154622
1440329987261874176,negative,8.115161893652855e-10
1440329989447028736,negative,0.08817024046380965
1440329990495633420,neutral,0.4817941977662462
1440329998372466692,negative,0.132645722571605
1440329998460612612,negative,0.0001166488776713537
1440330004278099987,negative,0.04969286841109181
1440330014495371266,negative,0.027141617871111513
1440330014600273936,negative,0.132645722571605
1440330016361832463,negative,0.132645722571605
1440330016957472777,negative,0.03882894185705914
1440330023999705101,positive,0.8869474622334889
1440330044170137604,negative,0.132645722571605
1440330056878882820,negative,3.1754235399937915e-08
1440330058497884174,neutral,0.383230445284723
1440330061102542849,negative,0.022733696500411953
1440330062667018255,negative,0.24135390925019024
1440330079658131459,negative,0.024360081445185453
1440330079670657032,negative,0.00161073231577128
1440330080299806720,negative,0.026442732698143644
1440330096863113217,positive,0.7458903336832268
1440330103586578444,negative,0.2180548551037692
1440330108246495246,positive,0.8869474622334889
1440330111258021902,negative,2.5433917728095397e-05
1440330115410317334,negative,0.03882894185705914
1440330120930025479,negative,0.03204324323293091
1440330135714996239,negative,0.0001166488776713537
1440330145127022597,positive,0.8366855574905548
1440330153926619136,negative,0.029596821042635446
1440330154333540353,negative,0.015863660278122818
1440330164693454855,negative,0.0005344764460356822
1440330180543729672,negative,0.19940806330904287
1440330187711737862,negative,4.356748130770367e-05
1440330191541190668,negative,0.24135390925019024
1440330191922892814,negative,0.029596821042635446
1440330193890013185,positive,0.8366855574905548
1440330210151321603,neutral,0.48728019602140255
1440330218950967299,neutral,0.5390088940119361
1440330221270421517,negative,0.0024235137158615896
1440330225154334723,neutral,0.33539322886167144
1440330235522682880,negative,0.00021047828770032938
1440330237305184272,negative,0.0005853210337034973
1440330240480321546,negative,0.0017458946010240485
1440330241495367696,negative,0.0014983559379525718
1440330245328945153,negative,0.011853967531467053
1440330251452641281,negative,7.399372723652925e-06
1440330264119439371,negative,0.03882894185705914
1440330274458402820,negative,0.022733696500411953
1440330276966584326,negative,0.193388577857665
1440330312098086923,negative,0.06426352152493117
1440330319450632204,positive,0.8366855574905548
1440330329126961157,positive,0.9469385862713547
1440330329227595779,negative,0.0017458946010240485
1440330331022708739,negative,0.006900460633738839
1440330339931459589,neutral,0.5390088940119361
1440330349897080833,negative,0.0428893512518722
1440330359208513545,neutral,0.5390088940119361
1440330363486625794,negative,0.03882894185705914
1440330368398204938,negative,0.24135390925019024
1440330370776326156,negative,0.132645722571605
1440330389306822668,positive,0.816946690874554
1440330389399031812,negative,0.00021382117400186364
1440330398777556995,negative,0.010383141111428185
1440330399469621254,negative,0.011853967531467053
1440330401000476682,negative,0.21192963163523793
1440330403626184714,negative,1.0094394836684758e-07
1440330418356580357,negative,0.022733696500411953
1440330425113538562,negative,8.03560397153756e-05
1440330431560179713,negative,0.2007215415030313
1440330465148170249,negative,0.24135390925019024
1440330466788139016,negative,0.2180548551037692
1440330471938805762,neutral,0.5062700952855878
1440330480000192516,neutral,0.5390088940119361
1440330510970982411,positive,0.878299364073851
1440330511231053830,negative,1.7865784980815857e-06
1440330514938822662,positive,0.8869474622334889
1440330519846088708,negative,0.2180548551037692
1440330537554497542,negative,0.00021319821656880865
1440330538397487108,negative,0.011853967531467053
1440330543619395593,neutral,0.604771351706424
1440330548962942983,neutral,0.4353386312072571
1440330552683352064,negative,0.2384318973697074
1440330567455674387,negative,0.006782220353300889
1440330575500300295,negative,0.0026847578256538806
1440330577291276289,negative,0.16791007908990366
1440330577912086549,negative,0.2525142858063366
1440330579191361552,neutral,0.5390088940119361
1440330588464975883,negative,0.29632820658078934
1440330594047561736,negative,0.2525142858063366
1440330596207587359,negative,0.006039518155924807
1440330600859115532,negative,0.2180548551037692
1440330608132067335,negative,0.002272239402769525
1440330614008283138,negative,0.2300780878604213
1440330616566779921,negative,0.011724737227430823
1440330631045517314,negative,0.2180548551037692
1440330645314572298,neutral,0.42032085880662357
1440330645461356560,neutral,0.3948285005902687
1440330655498268680,negative,0.029596821042635446
1440330661483532308,neutral,0.48728019602140255
1440330662574100490,negative,0.15377188627856683
1440330680139870217,negative,0.0037137431284447148
1440330680370544647,neutral,0.4568697842107592
1440330682039869445,neutral,0.43344518926750547
1440330682052403212,neutral,0.44300051139487584
1440330690071957521,negative,0.004138289583979064
1440330690696937479,negative,0.002334152379639776
1440330714226970624,negative,0.24135390925019024
1440330719281041421,negative,0.08102179423376889
1440330720115707912,negative,0.004498633157222995
1440330721009168395,negative,0.0020637542984946545
1440330729301299205,negative,0.008787525787110336
1440330730010124291,negative,0.0009630591110134157
1440330730261737481,neutral,0.5390088940119361
1440330787971235843,negative,0.0005440502470811914
1440330794573045770,negative,0.0014493745770643048
1440330808535896064,negative,0.00021047828770032938
1440330809378947080,negative,0.01905981652535767
1440330812117815313,negative,0.0017458946010240485
1440330812629471232,negative,0.011853967531467053
1440330831239602193,negative,0.13448739294308948
1440330837954740234,positive,0.8869474622334889
1440330852269887498,neutral,0.43344518926750547
1440330866186539015,negative,0.022733696500411953
1440330869986660361,negative,0.043623730498273984
1440330870313807873,neutral,0.44300051139487584
1440330871471427588,negative,0.012733965306920133
1440330874034135046,neutral,0.5390088940119361
1440330876634632194,neutral,0.5660245081130308
1440330879457382423,negative,0.0017458946010240485
1440330886050824199,neutral,0.5390088940119361
1440330890924548105,negative,0.0005344764460356822
1440330897404747779,negative,0.17331857432392098
1440330900357541891,positive,0.8366855574905548
1440330902156963844,negative,0.0001166488776713537
1440330914077155336,negative,0.0055697064968619914
1440330925741539336,negative,1.8664550559441804e-10
1440330936697065478,negative,0.0013471773037932449
1440330938643189769,negative,0.08516813079031348
1440330940711010305,negative,0.004911271143903551
1440330940861931536,negative,0.029596821042635446
1440331001918410759,negative,0.03882894185705914
1440331003482959875,negative,0.24135390925019024
1440331013146636290,negative,0.011853967531467053
1440331014740447237,negative,0.2180548551037692
1440331025737936910,neutral,0.5390088940119361
1440331061913743371,positive,0.8509805833044661
1440331064027713544,positive,0.8869474622334889
1440331070512111626,neutral,0.4549575098834069
1440331073972359178,negative,0.0012727159428583593
1440331075083898889,negative,2.079808308757685e-10
1440331090200125454,neutral,0.4568697842107592
1440331092616105996,positive,0.6678720109084623
1440331092985204747,negative,0.13878120250352657
1440331100992131083,negative,0.00161073231577128
1440331122475339784,negative,0.21192963163523793
1440331126803812355,neutral,0.42032085880662357
1440331141123227653,negative,0.10841387640663533
1440331148991754253,positive,0.872908331363816
1440331152884056066,negative,7.399372723652925e-06
1440331167543152658,negative,0.051930708664521985
1440331169984225284,neutral,0.37348858388144207
1440331170122665993,negative,0.2180548551037692
1440331199138828290,negative,0.00021047828770032938
1440331200657170445,positive,0.9231728391030306
1440331202792091658,negative,0.004498633157222995
1440331222182293528,negative,0.006900460633738839
1440331231871242240,negative,0.0010829449511062788
1440331241845190667,negative,0.08658381207462833
1440331242331787271,negative,0.0014983559379525718
1440331243401318412,negative,0.000530435137083332
1440331246022782988,negative,0.0019472867102723985
1440331256487501825,negative,0.024046317109496302
1440331259335479299,negative,0.004498633157222995
1440331261801754632,negative,0.00010196264265604914
1440331281296805889,negative,0.011853967531467053
1440331285092724741,negative,0.13878120250352657
1440331288704012288,negative,0.00021047828770032938
1440331291514134531,negative,0.00021319821656880865
1440331306953412619,negative,0.30144994880392373
1440331311978139655,negative,0.011853967531467053
1440331313597214724,negative,0.0001166488776713537
1440331321172135950,negative,0.19851770933392573
1440331332064727042,negative,0.03882894185705914
1440331337139847169,positive,0.8869474622334889
1440331337764728837,negative,0.0007505504347874893
1440331351832489990,negative,0.00021047828770032938
1440331362792214542,negative,0.21778478971237009
1440331369553354769,negative,0.00010196264265604914
1440331371847688199,neutral,0.5390088940119361
1440331374389391367,neutral,0.5390088940119361
1440331374993424387,negative,0.0054316203107176286
1440331381595250697,neutral,0.5390088940119361
1440331400301854728,negative,0.2600792020115977
1440331403938332685,negative,0.2180548551037692
1440331408853979140,negative,0.03681421800140568
1440331410091298832,negative,0.11228171933129973
1440331422548455429,negative,0.0015301144635187745
1440331430932869121,negative,0.0428893512518722
1440331432807657487,negative,0.06351327435006848
1440331448783826948,negative,0.0001157198331861075
1440331450889302017,negative,0.0017458946010240485
1440331475262447631,negative,4.274197866111098e-06
1440331480547270673,negative,6.95400450445217e-06
1440331489414029317,negative,0.002334152379639776
1440331492312305670,negative,0.24135390925019024
1440331500264689664,negative,0.015840322525408946
1440331500818362370,neutral,0.5390088940119361
1440331526512599040,positive,0.9469385862713547
1440331529998110723,negative,0.0006716967396083767
1440331533621944322,negative,0.09377097731161824
1440331541234651144,negative,0.0001166488776713537
1440331560662667278,negative,0.11442258187382275
1440331570536075264,negative,0.06351327435006848
1440331580979834892,negative,0.0003135737541229132
1440331585039962125,negative,0.016797611723998584
1440331591402721283,negative,0.00161073231577128
1440331613800337411,negative,0.0027764139526012146
1440331627213639684,negative,0.2180548551037692
1440331637925957637,negative,0.00021047828770032938
1440331646851436545,neutral,0.5390088940119361
1440331670909964302,negative,0.011853967531467053
1440331677172002821,neutral,0.5390088940119361
1440331682528186380,negative,8.629153168121744e-06
1440331694473551873,negative,0.25401421255941126
1440331704556658688,negative,0.03882894185705914
1440331725356224524,neutral,0.5390088940119361
1440331734717894661,neutral,0.6578902851101225
1440331744259952646,negative,0.11262724050591488
1440331767177646089,positive,0.6894613662545391
1440331796453883908,negative,0.022733696500411953
1440331804951519235,positive,0.8366855574905548
1440331809049374724,negative,0.022733696500411953
1440331812295745540,neutral,0.5390088940119361
1440331817085587471,negative,0.0017458946010240485
1440331841626460171,negative,0.004498633157222995
1440331842670923777,neutral,0.5062700952855878
1440331848228376583,negative,0.016797611723998584
1440331856709255182,negative,0.0005344764460356822
1440331857267027968,neutral,0.3675454957369304
1440331858743422987,neutral,0.36148600543418064
1440331877802385419,negative,0.0037137431284447148
1440331879278805005,negative,0.0612365408530818
1440331883552800779,neutral,0.4513605618894927
1440331909670731783,negative,0.13448739294308948
1440331914955554834,negative,0.0005837518544512464
1440331926393405440,negative,0.0026847578256538806
1440331926896713738,neutral,0.49028129170244217
1440331958022672388,negative,0.00161073231577128
1440331966025371651,neutral,0.42229895931535033
1440331966117597187,negative,0.0001166488776713537
1440331981015846922,negative,0.03882894185705914
1440331992969584643,positive,0.8869474622334889
1440332000506699779,negative,0.03997312579862628
1440332000515084306,negative,0.24135390925019024
1440332001119064085,negative,0.0014055269281817904
1440332001861455881,negative,0.16357139131522708
1440332002679422981,negative,0.0002049871212127166
1440332004617113619,negative,0.00010196264265604914
1440332006005428232,negative,0.00010196264265604914
1440332006026407942,negative,0.00010196264265604914
1440332021071421458,negative,0.022757049756113236
1440332032177950727,negative,0.015803028247584363
1440332038679117826,negative,0.25441860726644233
1440332043804545024,negative,0.011853967531467053
1440332054164480001,negative,0.19940806330904287
1440332059470299155,positive,0.8869474622334889
1440332062188208139,neutral,0.5390088940119361
1440332064356659202,neutral,0.5390088940119361
1440332067317846027,negative,0.01905981652535767
1440332080118784004,negative,0.12476315723803569
1440332088931090437,negative,0.0006716967396083767
1440332098162753546,neutral,0.5390088940119361
1440332105620230144,positive,0.7836562197014951
1440332106421325827,negative,0.0015499070145280928
1440332110401658888,negative,5.262621725978987e-07
1440332112033239041,neutral,0.4946859740847987
1440332118735785991,negative,0.0005344764460356822
1440332127577382913,positive,0.9997368221811128
1440332133256417282,negative,0.2180548551037692
1440332134569316355,negative,0.0003043887658754689
1440332139208138761,neutral,0.35773227509696703
1440332153418514435,negative,0.004911271143903551
1440332163916840969,neutral,0.4139384724831576
1440332173723111442,negative,0.00011843801018125206
1440332179456675840,negative,0.0001166488776713537
1440332185278423045,neutral,0.36853573352422536
1440332189174943745,negative,0.03882894185705914
1440332195562852362,negative,0.016797611723998584
1440332196741406721,negative,0.03882894185705914
1440332202911297543,negative,0.0001166488776713537
1440332205083881472,negative,0.00161073231577128
1440332213711618063,negative,0.0005344764460356822
1440332226873344017,negative,0.07947446028198878
1440332230602100736,negative,0.03882894185705914
1440332231097024518,negative,0.2007215415030313
1440332233718460416,negative,0.016797611723998584
1440332237946306565,negative,0.05080026922999787
1440332240542523427,negative,0.2180548551037692
1440332241784033289,negative,1.100412510357799e-06
1440332245391183875,negative,0.2180548551037692
1440332250017452048,neutral,0.5062700952855878
1440332258020249610,negative,0.009792551360154085
1440332278459027472,negative,0.00161073231577128
1440332282242338824,negative,0.0001166488776713537
1440332294330351616,neutral,0.4549575098834069
1440332294997172240,negative,0.003786880947907371
1440332296830160906,negative,0.24135390925019024
1440332300399509514,negative,0.11991134156335213
1440332309505347597,negative,0.132645722571605
1440332311208235009,negative,0.003982565560215646
1440332315385679896,negative,0.004498633157222995
1440332323015200768,negative,0.015697092191378013
1440332342816489473,negative,0.016797611723998584
1440332358666784772,negative,0.21192963163523793
1440332359836962825,negative,0.19848193192406335
1440332362022211590,negative,0.00699746375640376
1440332370163355655,negative,0.07459355961923404
1440332375708213252,negative,0.0037137431284447148
1440332378459705352,negative,0.003786880947907371
1440332400576270340,negative,7.399372723652925e-06
1440332474807042055,negative,5.262621725978987e-07
1440332477986340867,negative,0.06351327435006848
1440332490934145028,neutral,0.47742041113276085
1440332501713489921,negative,0.08817024046380965
1440332504859176960,negative,0.00161073231577128
1440332509695254528,negative,0.11660239427995824
1440332536492687365,negative,5.262621725978987e-07
1440332541043511307,negative,0.011853967531467053
1440332546642874383,negative,0.21192963163523793
1440332548379271181,negative,0.3029968537174699
1440332580193067016,positive,0.8869474622334889
1440332589777108994,negative,0.00161073231577128
1440332608857018383,negative,6.694174222729913e-05
1440332617522442245,negative,0.003786880947907371
1440332630113742854,negative,0.016797611723998584
1440332635138519048,negative,0.0001166488776713537
1440332640272322569,neutral,0.5390088940119361
1440332640297439243,negative,0.026222759338977678
1440332651970187267,negative,0.008595580024465109
1440332662091051009,negative,0.2180548551037692
1440332669066219522,negative,0.2525142858063366
1440332678046175237,neutral,0.4946859740847987
1440332686028001283,negative,0.0001166488776713537
1440332698178895876,negative,0.18795859623648656
1440332699336511496,negative,0.04290129349626112
1440332727438376968,negative,0.00021047828770032938
1440332732400238596,negative,0.21192963163523793
1440332741661237264,negative,0.05335843110351587
1440332755036827664,negative,0.004498633157222995
1440332770543243269,positive,0.8869474622334889
1440332771495333894,negative,0.0026239539348386423
1440332774322278404,negative,0.015793704419557953
1440332775794491415,negative,0.008595580024465109
1440332776578768903,negative,0.022733696500411953
1440332793192452111,neutral,0.5390088940119361
1440332802650611716,negative,0.05335843110351587
1440332807742504961,neutral,0.5390088940119361
1440332813941673986,neutral,0.5390088940119361
1440332826834989062,neutral,0.5390088940119361
1440332827069857799,neutral,0.46127768308170247
1440332827287908354,negative,0.0003665648064281736
1440332839770230785,negative,0.019769429282090918
1440332847055720464,negative,0.0007268265407466115
1440332852692881409,negative,0.10247331018557314
1440332870426324997,negative,0.05335843110351587
1440332876180901896,negative,0.03882894185705914
1440332897030864903,negative,0.06351327435006848
1440332909446008841,negative,0.11935442657581266
1440332913040527368,positive,0.8561247381838074
1440332946158669826,negative,1.4606866567894846e-05
1440332947475730438,negative,0.00161073231577128
1440332953662341130,negative,0.006782220353300889
1440332963711893508,negative,0.0021539409258823786
1440332976093495296,neutral,0.5390088940119361
1440332986734440450,neutral,0.5390088940119361
1440332988336664582,neutral,0.3749451967950171
1440332995462717443,negative,0.21192963163523793
1440333001162780672,negative,0.05335843110351587
1440333008922243077,negative,0.007396361270935339
1440333011170381826,negative,0.0020695338861571708
1440333016937553920,negative,0.015416515464622737
1440333037208670211,negative,1.8812540010345952e-06
1440333044871663627,negative,0.036685603157484786
1440333051779698690,negative,0.0002049871212127166
1440333058062708755,neutral,0.5390088940119361
1440333061518815245,neutral,0.5390088940119361
1440333061552422925,negative,0.05335843110351587
1440333069215404039,negative,0.21192963163523793
1440333095014526981,negative,0.06351327435006848
1440333098109976596,positive,0.927891954683926
1440333101314416645,negative,0.06351327435006848
1440333102149111818,negative,0.24135390925019024
1440333107962400772,neutral,0.4249078703621843
1440333120062980110,negative,7.335678909796041e-06
1440333124030775311,negative,0.13878120250352657
1440333125414838276,negative,0.07222481063552842
1440333130515161088,neutral,0.4249078703621843
1440333130833874954,neutral,0.4249078703621843
1440333131811201034,negative,0.01649947110577672
1440333136705949707,positive,0.7423452713945289
1440333147380412418,negative,0.0007660637304567014
1440333155722948615,negative,0.21192963163523793
1440333155936845825,negative,0.007330602195213943
1440333159283920912,negative,0.029596821042635446
1440333160860897291,negative,0.06351327435006848
1440333168347795461,positive,0.9914890500852964
1440333175993999374,negative,0.03882894185705914
1440333187922554882,negative,0.011853967531467053
1440333191718469632,negative,0.0018324358517680358
1440333201134608394,positive,0.7429965634847574
1440333203869298699,negative,0.0022746996157041594
1440333216557113344,negative,7.399372723652925e-06
1440333223825838082,neutral,0.4777731100205559
1440333224559841287,negative,6.522111365989941e-05
1440333232726110216,negative,0.21192963163523793
1440333251306876933,negative,0.0001166488776713537
1440333270382567428,negative,0.04169843283151075
1440333276695044106,negative,0.000722579646038185
1440333278368567305,negative,0.03882894185705914
1440333278641147909,neutral,0.5390088940119361
1440333294273396746,neutral,0.42229895931535033
1440333322480095237,negative,0.003786880947907371
1440333331623649281,negative,0.003605542547541881
1440333332676366336,negative,0.11428604919483498
1440333342012968965,neutral,0.458452529704962
1440333350216998919,negative,0.03882894185705914
1440333355237609481,negative,0.0001166488776713537
1440333355967410180,negative,0.006782220353300889
1440333364150501392,negative,0.0037137431284447148
1440333368692936706,positive,0.8366855574905548
1440333415253884928,neutral,0.5908207564585758
1440333418965856267,negative,0.05335843110351587
1440333431171256340,negative,0.03882894185705914
1440333440558108673,negative,0.003605542547541881
1440333442546212869,negative,0.0003135737541229132
1440333454160187400,negative,0.04629370485453803
1440333457020751877,negative,0.2180548551037692
1440333481842667520,neutral,0.5390088940119361
1440333492500320260,neutral,0.5495922250151081
1440333504596770817,negative,0.004911271143903551
1440333519163564036,negative,0.026563847749004672
1440333528437190656,negative,0.00038804407824826094
1440333530949566465,negative,0.059700703377489825
1440333538406977537,neutral,0.5390088940119361
1440333539346563072,negative,0.06351327435006848
1440333552902545422,negative,0.24135390925019024
1440333555884691461,neutral,0.5390088940119361
1440333558657138693,negative,0.054908200702623346
1440333566110355467,neutral,0.5390088940119361
1440333578215182337,negative,4.659628933510914e-08
1440333585903341571,positive,0.7429965634847574
1440333609659879427,negative,0.05335843110351587
1440333612709138435,neutral,0.5390088940119361
1440333620074274820,negative,0.003786880947907371
1440333658729050122,negative,0.23375719555443347
1440333674617073672,negative,0.22441298887410863
1440333678949793811,negative,0.0020695338861571708
1440333688554745870,negative,0.007329713512377492
1440333699522785282,negative,0.05335843110351587
1440333720674725898,negative,0.027697700929137346
1440333726190227457,negative,0.2007215415030313
1440333733140197376,negative,0.0003135737541229132
1440333734373302274,neutral,0.34545276846720596
1440333752295559188,negative,0.0003135737541229132
1440333752886906880,negative,0.03882894185705914
1440333758033395717,negative,0.2180548551037692
1440333760487063564,neutral,0.4737554465528978
1440333765079822339,negative,0.00161073231577128
1440333774143688710,negative,0.00161073231577128
1440333775326498821,negative,0.00576859575757121
1440333804183298050,negative,0.03882894185705914
1440333810420178960,negative,0.0005344764460356822
1440333810562834434,negative,0.016797611723998584
1440333846872879106,negative,0.007329713512377492
1440333847648817156,negative,0.2180548551037692
1440333851956449280,negative,0.016797611723998584
1440333860512825352,negative,0.2180548551037692
1440333861305470980,negative,0.03882894185705914
1440333866804264966,neutral,0.5660245081130308
1440333870725926921,negative,0.011853967531467053
1440333882092441608,negative,0.09145449974151486
1440333917463080967,neutral,0.5390088940119361
1440333923817443338,negative,0.004852304198509258
1440333927709757448,negative,7.909123489497644e-05
1440333929102249992,negative,0.21192963163523793
1440333943278956544,negative,0.000825011509441694
1440333943601958920,negative,0.0017458946010240485
1440333964795731971,negative,0.00044420162715256347
1440333986174099466,negative,0.016797611723998584
1440333994592124929,neutral,0.43700193594599357
1440334004218056706,negative,0.132645722571605
1440334018654793749,negative,0.00161073231577128
1440334024958898181,negative,0.15135237946691557
1440334040662347779,negative,0.14489414222979427
1440334041639636996,negative,0.005399460502480211
1440334046127538176,neutral,0.5390088940119361
1440334050216923143,negative,0.007329713512377492
1440334064637014025,negative,0.07643108361131815
1440334070311915529,negative,0.05335843110351587
1440334075881934857,negative,0.007329713512377492
1440334085746933769,negative,0.016797611723998584
1440334097377677327,negative,1.4606866567894846e-05
1440334110761709570,negative,0.04629370485453803
1440334111151820808,negative,7.399372723652925e-06
1440334117992730625,negative,0.00161073231577128
1440334123462103043,negative,0.2180548551037692
1440334140973322254,negative,0.09337984980944268
1440334146992164867,negative,0.2363356696800841
1440334162221678611,negative,0.00161073231577128
1440334172069908480,negative,0.00044420162715256347
1440334175299522562,negative,0.04969286841109181
1440334200888983557,negative,0.002569799992158551
1440334203762081793,positive,0.8869474622334889
1440334222229585926,neutral,0.5390088940119361
1440334232304295952,negative,0.00161073231577128
1440334238100832256,negative,0.0101973694688716
1440334248779530245,negative,0.24135390925019024
1440334249916125192,negative,1.8607484449399508e-09
1440334260531970049,positive,0.87116353046182
1440334260762673153,negative,0.2180548551037692
1440334261228245003,negative,0.006782220353300889
1440334278177345549,negative,0.2180548551037692
1440334283328032768,negative,0.0007824390232851854
1440334297156571149,negative,0.07670678969990137
1440334300394582017,neutral,0.5390088940119361
1440334303146115086,negative,0.12977306967194863
1440334306451210251,neutral,0.5390088940119361
1440334314172862467,negative,0.2180548551037692
1440334324650242052,negative,0.0008782240295662844
1440334334234279943,neutral,0.5390088940119361
1440334359433678848,neutral,0.5390088940119361
1440334371030913027,negative,5.789844588505166e-06
1440334371127324678,negative,0.0020637542984946545
1440334371186110472,negative,0.05335843110351587
1440334374117908488,negative,0.06351327435006848
1440334380333879309,negative,0.0021406894005550304
1440334390458925065,negative,5.789844588505166e-06
1440334404505595916,neutral,0.5390088940119361
1440334405277347849,negative,0.0005468987984417604
1440334420922159115,negative,0.0019089590721531992
1440334441302265857,negative,1.3556620586588018e-07
1440334444657725446,negative,0.12977306967194863
1440334446897422341,negative,5.789844588505166e-06
1440334454615011329,negative,0.03882894185705914
1440334456334680066,neutral,0.5496234661379427
1440334461040672777,negative,0.004578834231457837
1440334474529497098,negative,5.789844588505166e-06
1440334480560967680,negative,0.2180548551037692
1440334486466490369,negative,0.12977306967194863
1440334491415842817,negative,0.0037137431284447148
1440334492057563145,negative,6.3923554696656105e-06
1440334495178104833,negative,0.0001166488776713537
1440334495257808897,negative,0.041081161006400975
1440334496449007626,negative,0.0025174626246831015
1440334499229749255,negative,5.789844588505166e-06
1440334500437757955,negative,2.6005003470625576e-06
1440334504061587461,neutral,0.5390088940119361
1440334504598540300,negative,9.539782513055214e-05
1440334534017372161,negative,5.789844588505166e-06
1440334538115223559,negative,0.011853967531467053
1440334541642600448,neutral,0.5390088940119361
1440334573397676043,negative,0.0019089590721531992
1440334578103689220,negative,0.0004808009033773346
1440334584726441985,negative,0.0003135737541229132
1440334585074630661,positive,0.926323329071261
1440334601390477325,negative,0.2180548551037692
1440334609477111810,neutral,0.5390088940119361
1440334613470085127,negative,5.789844588505166e-06
1440334624446500883,negative,2.4815801276733372e-14
1440334641005678608,neutral,0.5390088940119361
1440334646084923392,negative,6.3923554696656105e-06
1440334655115304974,negative,0.20838697936685613
1440334666985205761,negative,6.3923554696656105e-06
1440334670734843915,negative,0.011853967531467053
1440334686413213705,negative,0.12977306967194863
1440334698920611850,neutral,0.5390088940119361
1440334700019544085,negative,0.19522218089896984
1440334705170128910,negative,0.21192963163523793
1440334705904160782,negative,0.0009996660999082028
1440334713957203975,negative,0.00462784056139196
1440334720034689024,negative,0.12977306967194863
1440334726858899456,negative,0.002582656759495657
1440334740486115330,negative,0.12977306967194863
1440334748769947648,neutral,0.4353386312072571
1440334750212759554,negative,1.0107859539341466e-09
1440334759729664004,neutral,0.6569982027182941
1440334760547520527,negative,0.0020637542984946545
1440334763307331589,negative,0.2553762943759307
1440334763638738956,negative,1.576779912241234e-14
1440334765035429893,negative,5.792895042440856e-07
1440334768625700879,negative,0.05335843110351587
1440334769116434437,negative,0.25403292158903423
1440334775110098948,negative,0.0017458946010240485
1440334777521823752,negative,0.11991134156335213
1440334806827499529,negative,0.12977306967194863
1440334809851580422,neutral,0.5390088940119361
1440334814855323664,negative,0.004495972306925667
1440334816818335747,negative,0.007329713512377492
1440334825395666945,negative,0.0017825403733532006
1440334852759306249,negative,0.00161073231577128
1440334865048621056,neutral,0.4249078703621843
1440334872774471689,negative,0.00021319821656880865
1440334886536040456,negative,0.03882894185705914
1440334906119254022,negative,0.001007945012279475
1440334907583000583,negative,0.016797611723998584
1440334913413148682,negative,0.03882894185705914
1440334943775719424,negative,0.0012727159428583593
1440334944627089415,negative,0.058045168458746806
1440334947613511693,negative,0.038046543520656534
1440334960250867714,neutral,0.35773227509696703
1440334977959223310,neutral,0.5390088940119361
1440334983286067201,negative,0.15135237946691557
1440334992123432976,neutral,0.4248021417756691
1440335004744097793,negative,0.09337984980944268
1440335006266765312,negative,0.000175916750288184
1440335012784603144,negative,0.166948706876471
1440335015095648273,negative,0.132645722571605
1440335018065215500,negative,0.007601763955924849
1440335024172060684,neutral,0.5390088940119361
1440335032556535810,negative,4.274197866111098e-06
1440335036453044240,negative,0.0017825403733532006
1440335036612415491,neutral,0.5390088940119361
1440335040781578245,negative,0.0021435663869923877
1440335040789946373,negative,0.12977306967194863
1440335051506389006,negative,0.012072765461188467
1440335053775536135,negative,0.11635749989020586
1440335060356399107,neutral,0.37609422587007374
1440335065649614852,negative,0.061006394924504534
1440335094275731467,negative,0.06285256622133482
1440335104123957257,negative,0.10186714323547046
1440335106292400129,negative,1.16643857544229e-06
1440335129474334727,negative,0.24135390925019024
1440335130573238274,neutral,0.5817298318240581
1440335141134430208,negative,0.12977306967194863
1440335158138208256,negative,0.0005344764460356822
1440335169085341696,negative,0.029596821042635446
1440335172738580502,negative,0.04000984998899923
1440335181877968902,negative,0.0020637542984946545
1440335182934921216,negative,6.3923554696656105e-06
1440335194683174914,negative,0.12977306967194863
1440335196981628936,negative,0.0005408430569855467
1440335203394670620,negative,0.09861338607870698
1440335213305815048,neutral,0.5390088940119361
1440335216921366543,positive,0.8159927771866374
1440335231823712258,neutral,0.5390088940119361
1440335238605860864,negative,0.0017458946010240485
1440335249712418819,negative,0.2180548551037692
1440335249930539014,negative,0.03882894185705914
1440335252640047111,negative,0.0003135737541229132
1440335259514540034,neutral,0.5390088940119361
1440335263507517451,negative,0.0017825403733532006
1440335264501547019,negative,1.4606866567894846e-05
1440335273578020872,neutral,0.5390088940119361
1440335293190524935,negative,0.12977306967194863
1440335308105519116,neutral,0.5817298318240581
1440335315542020101,negative,0.20850093410925777
1440335316288638979,negative,0.2658419208194867
1440335323297239044,negative,0.0020637542984946545
1440335327642615811,negative,0.2180548551037692
1440335331270676487,negative,0.2180548551037692
1440335352229625863,negative,0.0020637542984946545
1440335355287244808,negative,0.054908200702623346
1440335363495448577,negative,0.0009469196872524658
1440335365328412685,negative,0.2180548551037692
1440335366343462920,negative,0.011853967531467053
1440335379907821568,negative,0.04845952140622889
1440335389047230466,negative,6.3923554696656105e-06
1440335389672099841,negative,6.3923554696656105e-06
1440335397184106504,neutral,0.6569982027182941
1440335427487993870,negative,2.5433917728095397e-05
1440335427639017479,negative,0.10186714323547046
1440335430273015808,neutral,0.5660245081130308
1440335431132848133,negative,0.2180548551037692
1440335434429566981,negative,0.000886944715910839
1440335439764676612,negative,0.2743897019858368
1440335453421330454,negative,0.13448739294308948
1440335459209527297,neutral,0.5390088940119361
1440335464792145934,negative,0.003786880947907371
1440335487487528961,negative,0.04425466069690704
1440335503954300935,negative,0.04845952140622889
1440335514926678022,negative,0.01667949993850667
1440335516809895939,negative,6.3923554696656105e-06
1440335546375495688,neutral,0.5062700952855878
1440335550808932356,negative,0.21192963163523793
1440335555577847820,negative,0.00161073231577128
1440335558845239306,negative,0.0014493745770643048
1440335558899687425,negative,0.00021047828770032938
1440335561420460043,neutral,0.5390088940119361
1440335564897542150,negative,0.0012896840952942243
1440335567103803402,negative,0.02149138573736392
1440335573923762178,negative,0.12977306967194863
1440335577031741448,negative,0.3288674264090895
1440335582605967364,negative,1.2446487758357193e-05
1440335598309429258,negative,6.3923554696656105e-06
1440335603774619666,negative,2.114754309778848e-06
1440335604575719425,negative,0.12977306967194863
1440335607226531856,neutral,0.5390088940119361
1440335612934979599,negative,0.2180548551037692
1440335614667149316,negative,0.0019089590721531992
1440335615468269576,negative,0.2007215415030313
1440335622040784901,negative,0.05335843110351587
1440335623143899145,neutral,0.5390088940119361
1440335623533957131,negative,7.399372723652925e-06
1440335636884451335,negative,0.21192963163523793
1440335639128330241,negative,0.011853967531467053
1440335641703686150,negative,7.319569231841984e-10
1440335652122345485,negative,0.26663533892194563
1440335657247723525,negative,0.03882894185705914
1440335664617123842,negative,0.21192963163523793
1440335670606643208,negative,0.006806182054597469
1440335682208034826,neutral,0.4550495277048151
1440335686733733903,negative,0.2180548551037692
1440335690730905607,negative,0.25994996559978367
1440335697953525760,negative,0.12977306967194863
1440335702747615243,negative,0.0020637542984946545
1440335706853806088,negative,0.002368296378668971
1440335707998851073,negative,0.0006742198089942309
1440335710716784642,negative,0.27843038859927105
1440335716936941575,positive,0.9174119370720787
1440335717981306882,negative,0.0005408430569855467
1440335719864553476,negative,6.3923554696656105e-06
1440335735823892483,negative,0.016797611723998584
1440335747001700365,negative,0.0007477206052862499
1440335748423581701,negative,0.008595580024465109
1440335752794030080,negative,0.051726124046076294
1440335756589862917,negative,0.016797611723998584
1440335771810951180,negative,0.21192963163523793
1440335799833153544,negative,0.26481468284673604
1440335810973224960,neutral,0.5660245081130308
1440335811002597382,neutral,0.5390088940119361
1440335813242286091,negative,0.2385961501388246
1440335820469071875,negative,0.21192963163523793
1440335827007983619,negative,0.05335843110351587
1440335828723458058,neutral,0.49789225920557484
1440335837661589504,negative,0.003995353017113035
1440335848520630278,negative,1.579446803063766e-09
1440335851548917765,neutral,0.5390088940119361
1440335856091365399,negative,7.671166062903039e-06
1440335877939466241,negative,4.985679837248644e-07
1440335893680717828,negative,6.3923554696656105e-06
1440335895048044548,neutral,0.44609147810168565
1440335895651962886,negative,0.061006394924504534
1440335900915814407,neutral,0.5390088940119361
1440335901075251210,negative,6.3923554696656105e-06
1440335911674269708,negative,0.0005408430569855467
1440335911762288648,negative,0.03882894185705914
1440335914765459471,neutral,0.3383059108447413
1440335921530892310,negative,0.14142384114260956
1440335922034200586,negative,0.021399238388570312
1440335927432286211,negative,0.0001370256889869897
1440335928787038219,neutral,0.5390088940119361
1440335932582817807,negative,0.029596821042635446
1440335945128038405,negative,0.013450178520540054
1440335951692120069,negative,3.3643892189178823e-07
1440335960382722050,negative,0.004498633157222995
1440335965512351753,negative,0.05725934503890714
1440335965633998864,negative,0.004862496001318289
1440335975826137110,negative,0.010093059771070834
1440335978233667603,negative,0.00161073231577128
1440335981329076234,neutral,0.5817298318240581
1440335990338424832,negative,6.3923554696656105e-06
1440336006272610315,negative,0.051726124046076294
1440336012694196224,negative,0.09688261513832677
1440336014044643336,negative,0.12977306967194863
1440336014061441038,positive,0.6800596915399941
1440336022382940160,neutral,0.5390088940119361
1440336027902562309,negative,0.0007660637304567014
1440336028858945538,negative,0.13448739294308948
1440336033468481538,negative,0.029596821042635446
1440336043887108096,neutral,0.5390088940119361
1440336044793090051,negative,0.03882894185705914
1440336050371457034,negative,2.4962126198677836e-05
1440336059011764240,negative,0.0037137431284447148
1440336059791859719,neutral,0.4248021417756691
1440336066439888906,neutral,0.5390088940119361
1440336070147641349,negative,0.12977306967194863
1440336084374749184,negative,0.00010036717062171486
1440336089311432711,neutral,0.44609147810168565
1440336100136865809,negative,0.06351327435006848
1440336104675180549,negative,0.007560120338497064
1440336111847411714,negative,0.16318989040550133
1440336117056737288,neutral,0.6569982027182941
1440336133427134470,positive,0.9315146614354696
1440336136916717570,positive,0.8492719421995726
1440336137990512648,negative,0.04334392201608515
1440336150099415050,negative,0.23871696831429615
1440336158622322695,negative,0.051726124046076294
1440336162376216586,negative,0.05725934503890714
1440336162850099213,negative,0.0001370256889869897
1440336171624665097,negative,0.0001370256889869897
1440336183658102790,negative,0.0001370256889869897
1440336189580472332,negative,0.2180548551037692
1440336191262318601,neutral,0.5390088940119361
1440336191262380039,negative,0.0001370256889869897
1440336198652731417,negative,0.031852086660219915
1440336203069329408,negative,0.0024235137158615896
1440336211814453262,neutral,0.5390088940119361
1440336221968818178,negative,0.003982565560215646
1440336233679364097,neutral,0.5390088940119361
1440336253438754817,negative,0.2180548551037692
1440336256852889606,negative,0.0001370256889869897
1440336263135981579,negative,0.0007660637304567014
1440336275597266952,negative,0.011853967531467053
1440336283239284740,negative,0.00020721028031248196
1440336284610793484,negative,0.06351327435006848
1440336293573971970,negative,6.523888606522138e-07
1440336301836750863,negative,0.2180548551037692
1440336310321889296,negative,0.03882894185705914
1440336315841597444,negative,0.0034019453207279654
1440336330613932039,negative,0.0001370256889869897
1440336332878798852,negative,0.0001370256889869897
1440336344421580810,negative,0.05725934503890714
1440336345856036879,neutral,0.5390088940119361
1440336350176182276,negative,0.3294481290831681
1440336374993862668,neutral,0.5390088940119361
1440336378626142225,negative,0.05730594417056085
1440336409299062792,negative,0.007481778679047025
1440336419432505345,positive,0.982489132880714
1440336429033222148,negative,0.0001166488776713537
1440336431453335563,negative,0.21346414086140272
1440336431608524826,neutral,0.3822991371875724
1440336455054729219,negative,6.3923554696656105e-06
1440336471328575494,negative,0.06948409872549123
1440336475472547850,negative,0.26663533892194563
1440336477427097600,negative,0.007442870814456017
1440336482309337101,negative,6.3923554696656105e-06
1440336486038003731,neutral,0.5660245081130308
1440336488206503943,negative,0.0002533148391544166
1440336512701251596,negative,0.010861866935090772
1440336526794100745,negative,0.00161073231577128
1440336529444925451,negative,0.19400895406264568
1440336540907962372,negative,0.0001370256889869897
1440336547954393099,negative,0.29728649452724143
1440336551230066690,negative,0.0005344764460356822
1440336557878120453,negative,0.11027970230737773
1440336585761771523,neutral,0.5390088940119361
1440336586927792136,negative,0.0001370256889869897
1440336592032264205,neutral,0.4946859740847987
1440336595308081154,negative,0.0001370256889869897
1440336608419475468,negative,0.2007215415030313
1440336614945820673,negative,9.539782513055214e-05
1440336616925458436,neutral,0.5519353462905171
1440336629747503116,negative,0.0001370256889869897
1440336630703812616,negative,0.05725934503890714
1440336636450017280,negative,0.00161073231577128
1440336637712470025,negative,0.05725934503890714
1440336639167922186,negative,0.19400895406264568
1440336645375488007,negative,0.00044420162715256347
1440336648688979981,negative,0.016797611723998584
1440336656528150543,negative,0.016797611723998584
1440336660458180618,negative,0.041006884605771565
1440336670935564290,negative,0.1456709374771473
1440336671778557964,negative,0.1456709374771473
1440336673716379651,negative,0.0001370256889869897
1440336677533143054,negative,0.2180548551037692
1440336692448165894,negative,0.022823956880456596
1440336697426731011,negative,0.0037137431284447148
1440336699351986181,negative,0.2580559172602703
1440336699360366608,negative,0.25994996559978367
1440336716133330953,negative,6.3923554696656105e-06
1440336716653494278,negative,0.0001166488776713537
1440336716988968969,negative,0.2180548551037692
1440336719220334594,negative,0.026522690216739794
1440336722135375882,negative,0.04089682102870074
1440336745359233026,negative,0.0001370256889869897
1440336753131282432,negative,0.13448739294308948
1440336753928249349,negative,0.12977306967194863
1440336760567844868,negative,0.24135390925019024
1440336766225973255,negative,4.0613854516360895e-05
1440336767551516674,negative,0.014431595596858688
1440336767656333312,negative,0.0142332236482322
1440336767719071752,negative,0.16051202628664507
1440336774547402766,negative,0.0020695338861571708
1440336786606026754,negative,0.12977306967194863
1440336789818863618,negative,0.004498633157222995
1440336793061130253,negative,0.12977306967194863
1440336793711173643,negative,0.0020637542984946545
1440336796311691277,negative,0.0003135737541229132
1440336812539473925,negative,0.04089682102870074
1440336813093113856,negative,0.0001370256889869897
1440336818784768007,negative,0.051930708664521985
1440336823973122054,negative,0.0006523511132190909
1440336828985270278,negative,0.21192963163523793
1440336849587761171,negative,0.05725934503890714
1440336858903318532,negative,0.0019089590721531992
1440336861356965891,neutral,0.4946859740847987
1440336863940673545,positive,0.8869474622334889
1440336865190576147,negative,6.3923554696656105e-06
1440336867837165572,negative,0.06351327435006848
1440336869930139660,negative,0.041081161006400975
1440336874434744324,neutral,0.5390088940119361
1440336875126812682,negative,0.07174362539377149
1440336883041538053,negative,0.21192963163523793
1440336887378440198,negative,7.2424947381465205e-06
1440336888682803208,negative,0.012285386484391828
1440336892235448326,negative,0.04986422971871581
1440336892264812550,positive,0.8869474622334889
1440336903723573248,neutral,0.5390088940119361
1440336904092717065,negative,0.0006523511132190909
1440336909620813834,negative,0.2180548551037692
1440336924766453760,negative,0.05725934503890714
1440336929245990912,neutral,0.5390088940119361
1440336930906853395,negative,0.0037137431284447148
1440336940469927943,neutral,0.37609422587007374
1440336941111648267,neutral,0.626945495763258
1440336944832008193,negative,0.0006620800129859157
1440336945352097803,negative,7.399372723652925e-06
1440336962930417670,neutral,0.5390088940119361
1440336968815026178,negative,0.01595241001898327
1440336980001259529,negative,0.0005408430569855467
1440336992877744139,negative,0.0019089590721531992
1440337002566598659,negative,0.0001370256889869897
1440337005796225043,negative,0.008702386756341137
1440337008723828743,negative,0.0001370256889869897
1440337009432612871,negative,0.07863678341080034
1440337021852000271,negative,0.12977306967194863
1440337048519397386,negative,0.0007660637304567014
1440337048838103046,negative,0.0288863260521162
1440337059017752594,negative,0.0001370256889869897
1440337070971494405,negative,6.080468193668188e-10
1440337076428312590,negative,0.07863678341080034
1440337077841711104,negative,0.0045286436155526355
1440337078542209032,negative,6.3923554696656105e-06
1440337082753290245,neutral,0.5062700952855878
1440337088981860367,negative,0.1456709374771473
1440337095378169865,negative,0.06351327435006848
1440337096162480142,negative,0.03882894185705914
1440337097756315653,negative,0.022757049756113236
1440337101376012296,negative,0.0007660637304567014
1440337117138153480,negative,0.00013299851290838048
1440337131642126347,neutral,0.5390088940119361
1440337140060094467,negative,0.03882894185705914
1440337165037178890,negative,0.03233670919237718
1440337179339747340,negative,0.02700718328872781
1440337181210337297,negative,0.006235513564948769
1440337184779685889,negative,0.0017458946010240485
1440337219529568260,negative,0.018318101212812143
1440337221098246146,neutral,0.3921805537285066
1440337233626611720,negative,0.0018808436264815544
1440337243101564944,negative,0.008873805705125389
1440337243239903236,negative,0.0001370256889869897
1440337254648463363,negative,0.0020695338861571708
1440337274147794947,neutral,0.5062700952855878
1440337285262626823,neutral,0.5390088940119361
1440337288274137091,negative,0.0002145796455409607
1440337304946499585,negative,0.04089682102870074
1440337305919647746,negative,0.21192963163523793
1440337306792038408,negative,0.2180548551037692
1440337310839496709,negative,0.00161073231577128
1440337313280651264,negative,0.15135237946691557
1440337343337009156,negative,0.05335843110351587
1440337353432653837,negative,0.01667949993850667
1440337355538243592,negative,0.05725934503890714
1440337376320974863,negative,0.0001157198331861075
1440337380288843776,positive,0.9422570717609251
1440337401709092873,negative,0.0007660637304567014
1440337402950680585,negative,0.25987771694709216
1440337411217657860,negative,0.00161073231577128
1440337415051173892,negative,0.029596821042635446
1440337429215383566,neutral,0.5390088940119361
1440337429555146759,negative,0.0010627536554422318
1440337431748694017,negative,0.03882894185705914
1440337437612412935,negative,0.031026100859277036
1440337441823494155,negative,6.3923554696656105e-06
1440337451952717831,neutral,0.5390088940119361
1440337455207444496,negative,0.0001370256889869897
1440337468998311944,neutral,0.5390088940119361
1440337482541789186,negative,2.133695920934434e-14
1440337488506089490,negative,4.837801766306845e-06
1440337492847181842,negative,0.19400895406264568
1440337501978173461,negative,0.05234931941095223
1440337512753295364,negative,0.0002049871212127166
1440337515571859471,negative,0.0001166488776713537
1440337517295800320,neutral,0.5390088940119361
1440337522526130176,negative,0.013081323877618399
1440337522886729736,negative,1.07901422067432e-06
1440337524375781377,negative,0.14446594657579256
1440337524463845385,negative,7.368874155296078e-09
1440337525709492226,negative,1.037183527148212e-07
1440337527127167000,negative,0.021940969701267004
1440337528230277129,negative,0.12213507124163835
1440337528616206351,negative,1.037183527148212e-07
1440337531736715277,neutral,0.37588793775478924
1440337540637097990,negative,0.04845952140622889
1440337541450764288,negative,0.004580735299152054
1440337553043832833,negative,0.0001370256889869897
1440337556512509969,positive,0.8366855574905548
1440337562233499654,negative,0.006782220353300889
1440337562912972805,negative,0.0036718952822237506
1440337574598373378,negative,0.0019089590721531992
1440337580424249360,negative,0.11162762197975168
1440337584589197313,negative,0.06649389766062737
1440337585977528329,negative,0.12977306967194863
1440337586409508869,negative,0.11162762197975168
1440337588288507907,negative,0.022733696500411953
1440337590624735241,negative,0.11162762197975168
1440337594244472848,negative,0.0001370256889869897
1440337595116900353,negative,0.11162762197975168
1440337598984060934,negative,0.11162762197975168
1440337603140542468,neutral,0.38187973450509977
1440337608215711753,negative,0.05725934503890714
1440337609113288719,negative,0.24803083723716363
1440337623973650443,negative,4.274197866111098e-06
1440337624137289736,negative,0.0015350709264350861
1440337624896446465,negative,0.0007660637304567014
1440337634216136712,negative,0.27409845313485165
1440337639459094538,negative,0.02295504779145648
1440337642718064664,negative,0.007330602195213943
1440337668756283396,negative,0.0003135737541229132
1440337669511213060,negative,0.1957714009824585
1440337670752784385,negative,4.046957561523094e-06
1440337674926125061,negative,0.21921412548362115
1440337676545101842,negative,0.04089682102870074
1440337689639723020,negative,1.889471042071466e-05
1440337693255159829,neutral,0.6569982027182941
1440337699865387009,negative,0.0001370256889869897
1440337717821206535,negative,0.03274900068503673
1440337722497896449,neutral,0.5390088940119361
1440337723957514250,negative,0.00161073231577128
1440337740692799497,negative,2.1805341865276294e-05
1440337748829765646,negative,0.02944960540063454
1440337748909445129,negative,0.25535124504808027
1440337757625221130,negative,6.3923554696656105e-06
1440337761970515980,negative,0.0349873404983567
1440337768769482754,negative,0.04089682102870074
1440337772909195268,neutral,0.5390088940119361
1440337779217469441,negative,2.1805341865276294e-05
1440337783172657157,positive,0.8366855574905548
1440337794375712778,negative,3.861846485660174e-05
1440337795063549959,negative,0.00161073231577128
1440337814189531150,negative,1.2857741014137015e-05
1440337816836198409,negative,0.004011092970918193
1440337818845286414,neutral,0.4248021417756691
1440337819113689102,neutral,0.5390088940119361
1440337833869266957,negative,0.004498633157222995
1440337835505057802,negative,0.05725934503890714
1440337836671062021,negative,0.0007660637304567014
1440337838256447495,negative,0.2180548551037692
1440337840571752458,neutral,0.5390088940119361
1440337843272896522,negative,0.0001370256889869897
1440337854215852042,positive,0.8692875055230538
1440337858363944971,negative,3.132690689989507e-05
1440337869030051841,negative,0.0017825403733532006
1440337869403353107,negative,0.04185540780540898
1440337871013957634,negative,0.12977306967194863
1440337891679375366,negative,2.7125076430344298e-05
1440337892258160657,negative,0.19848193192406335
1440337896314073088,negative,0.12977306967194863
1440337896901267470,negative,0.2180548551037692
1440337901816926208,negative,0.044421496334500675
1440337917700808711,negative,7.360045807352446e-18
1440337918254477319,negative,0.00012693760489974407
1440337924583616520,negative,0.19400895406264568
1440337949896241156,negative,1.889471042071466e-05
1440337963209003019,negative,0.0002049871212127166
1440338005206528013,positive,0.8366855574905548
1440338019253293068,negative,0.25535124504808027
1440338044385595392,negative,0.11162762197975168
1440338046373687303,neutral,0.39439463283712184
1440338049733304331,negative,0.1456709374771473
1440338059262791683,negative,0.002939627423926307
1440338087792439296,neutral,0.5390088940119361
1440338087851089922,neutral,0.5390088940119361
1440338088132177923,negative,0.021643421814124913
1440338103344926735,negative,0.00161073231577128
1440338104431169537,negative,0.011676435048104986
1440338108944293895,negative,0.004498633157222995
1440338115483226120,negative,0.0019089590721531992
1440338117563617286,negative,0.15135237946691557
1440338121816641537,negative,0.04141870951210043
1440338156620943361,negative,0.0020695338861571708
1440338159586349063,negative,0.12977306967194863
1440338165663895559,negative,0.04141870951210043
1440338173956014087,negative,0.04141870951210043
1440338174580912131,negative,1.889471042071466e-05
1440338183263166466,negative,0.02942868296546925
1440338191462981639,negative,0.0015350709264350861
1440338199994265605,negative,0.10113884140473946
1440338201227317255,negative,0.25535124504808027
1440338203022561281,negative,0.004498633157222995
1440338207845990404,negative,0.07863678341080034
1440338219304816645,negative,0.00016713533666870643
1440338225092972552,negative,2.1805341865276294e-05
1440338240431480850,negative,2.1805341865276294e-05
1440338241727594511,negative,0.02531870546025985
1440338266641735686,neutral,0.5600133071845332
1440338267707109378,negative,0.0015350709264350861
1440338274401226752,negative,0.0001370256889869897
1440338276959731727,negative,2.968282215221095e-05
1440338288120721412,negative,0.004498633157222995
1440338288569569281,negative,0.11162762197975168
1440338293040640004,negative,0.12977306967194863
1440338293900513291,negative,0.00044420162715256347
1440338305988452366,negative,0.11162762197975168
1440338316654571533,neutral,0.5390088940119361
1440338318227480586,negative,0.05302784527935343
1440338324284067844,negative,0.004498633157222995
1440338332723023874,negative,0.03882894185705914
1440338335352819727,negative,0.02007120198281002
1440338345263972352,negative,0.0001166488776713537
1440338360128573444,neutral,0.5390088940119361
1440338363190431753,negative,0.011068043361169028
1440338365811879941,negative,0.2180548551037692
1440338386435198987,neutral,0.5390088940119361
1440338393133555714,negative,0.0037137431284447148
1440338396694515713,negative,8.930520423766465e-06
1440338397852098577,negative,0.0007660637304567014
1440338403841568773,negative,0.2180548551037692
1440338409503920139,negative,0.004498633157222995
1440338410317631497,negative,7.671166062903039e-06
1440338415334002691,negative,0.25535124504808027
1440338416730722305,negative,0.011853967531467053
1440338421868744708,negative,0.0019089590721531992
1440338440168431633,negative,0.17507293804709045
1440338466122833932,negative,0.0953677221252284
1440338466303201297,negative,0.12368484586675066
1440338469906116612,negative,0.0011629695149642746
1440338471755796485,neutral,0.5390088940119361
1440338483680141325,negative,0.007330602195213943
1440338498263805957,negative,0.03882894185705914
1440338498557386756,negative,6.3923554696656105e-06
1440338502953025540,negative,0.02007120198281002
1440338505595457545,neutral,0.5390088940119361
1440338531293941776,negative,0.07863678341080034
1440338549740478467,neutral,0.39439463283712184
1440338554530402316,neutral,0.5390088940119361
1440338554673004544,positive,0.996734202839862
1440338557118259203,negative,0.0001370256889869897
1440338562256228361,neutral,0.5390088940119361
1440338565498503184,negative,0.12368484586675066
1440338569852178441,negative,0.10113884140473946
1440338570061836289,negative,2.1805341865276294e-05
1440338570812661777,negative,0.13114032356334313
1440338577380892691,negative,0.2180548551037692
1440338579318710277,neutral,0.5390088940119361
1440338608808861702,negative,0.11376074359696434
1440338617285578756,negative,0.038046543520656534
1440338619277844482,negative,0.12977306967194863
1440338628551462913,negative,9.799897798051073e-06
1440338637409771522,negative,0.09337984980944268
1440338638382907392,neutral,0.399810821320921
1440338643990691842,negative,0.24135390925019024
1440338649229398017,negative,0.02295504779145648
1440338666749001732,negative,0.03882894185705914
1440338679071797252,neutral,0.5390088940119361
1440338682209202182,negative,0.0009469196872524658
1440338686743248898,negative,0.0015350709264350861
1440338760227430418,negative,0.00161073231577128
1440338760709795850,negative,1.3556620586588018e-07
1440338769362636804,negative,1.9201212084304208e-05
1440338781429633051,negative,0.008920944376117833
1440338787930837006,negative,0.0001370256889869897
1440338792951390217,neutral,0.5390088940119361
1440338804418637843,negative,0.027737953509421587
1440338809791520773,negative,0.2580559172602703
1440338822064005128,negative,0.0001370256889869897
1440338828582023168,neutral,0.6287689620847758
1440338844046348297,negative,0.038459710860639026
1440338861305991177,negative,0.12977306967194863
1440338869753241602,negative,0.25535124504808027
1440338874870288400,negative,0.2516115157039778
1440338879563714566,neutral,0.5390088940119361
1440338890917744645,negative,0.21192963163523793
1440338895678296067,negative,0.25535124504808027
1440338907409776652,neutral,0.3499352441185855
1440338923771682817,negative,0.04089682102870074
1440338928641343489,neutral,0.5390088940119361
1440338949143101442,negative,0.053233210445508175
1440338960941666311,neutral,0.35613168696942554
1440338965014269967,neutral,0.5390088940119361
1440338984899518471,negative,0.1340073743447793
1440338993032228871,negative,0.04089682102870074
1440338993837535236,negative,3.430884550587903e-05
1440339009289392132,negative,0.0001166488776713537
1440339032488226816,neutral,0.42690686166099573
1440339035264729102,negative,0.2180548551037692
1440339043955331085,neutral,0.3403391890910929
1440339066814300165,negative,2.9284138424340366e-05
1440339079590125585,negative,0.00119157784534646
1440339111324258315,negative,0.132645722571605
1440339112045658127,neutral,0.5390088940119361
1440339118429327365,negative,0.0023161009744994895
1440339150243201035,negative,0.004498633157222995
1440339152944328706,negative,0.07848791375910483
1440339153430872064,negative,0.00362884221611247
1440339158333943814,negative,0.0017458946010240485
1440339169838993411,neutral,0.5390088940119361
1440339177845899273,negative,0.007867791523442328
1440339187232690183,neutral,0.454992317749301
1440339189946454019,negative,0.24135390925019024
1440339193327087618,negative,0.00161073231577128
1440339206081970180,negative,0.013451044545434759
1440339210527903745,positive,0.9914890500852964
1440339211484229634,negative,0.132645722571605
1440339214705430537,negative,0.004498633157222995
1440339234829701120,neutral,0.5390088940119361
1440339235127451662,positive,0.9989313773416282
1440339250642231303,negative,0.0002049871212127166
1440339251594350592,negative,2.1805341865276294e-05
1440339266886717440,negative,0.10186714323547046
1440339316085981198,negative,0.0015350709264350861
1440339319378505732,negative,0.03882894185705914
1440339323199447053,negative,0.2180548551037692
1440339330464055299,neutral,0.5062700952855878
1440339330786988034,negative,0.07863678341080034
1440339346394009603,negative,0.005739294493245369
1440339349791395848,negative,0.00021319821656880865
1440339369840103438,negative,7.505301489452295e-05
1440339376471298050,negative,0.016907722421947415
1440339376802729988,negative,0.24135390925019024
1440339387431063558,negative,0.004565663234352618
1440339391897948168,neutral,0.5390088940119361
1440339393621856267,negative,0.328451188441746
1440339401997897737,neutral,0.5390088940119361
1440339410852085768,neutral,0.5390088940119361
1440339414148812809,negative,0.3216430279456804
1440339420947775489,negative,0.04089682102870074
1440339421924974598,negative,0.24135390925019024
1440339424613527555,negative,0.05725934503890714
1440339447363489801,negative,8.140706761521887e-07
1440339460089024517,negative,0.029596821042635446
1440339469421342727,negative,0.011291457457821018
1440339488593506314,negative,0.03882894185705914
1440339502480850958,negative,0.004498633157222995
1440339503965605894,neutral,0.42032085880662357
1440339505320370180,negative,0.2180548551037692
1440339538816102405,neutral,0.5390088940119361
1440339550551740427,neutral,0.3499352441185855
1440339550778191880,negative,0.00161073231577128
1440339557220634628,negative,0.0015350709264350861
1440339595560767492,neutral,0.5390088940119361
1440339618763718665,neutral,0.5660245081130308
1440339626560917504,neutral,0.5390088940119361
1440339653379297287,negative,0.029596821042635446
1440339658630524929,negative,0.0001370256889869897
1440339662451593233,neutral,0.5062700952855878
1440339668935925764,neutral,0.5083257222267761
1440339682986848269,negative,0.15135237946691557
1440339697893449731,neutral,0.5390088940119361
1440339711873085443,neutral,0.5390088940119361
1440339729975635980,negative,0.00021319821656880865
1440339741564563467,negative,0.00013203880815194956
1440339743837802513,negative,0.3216430279456804
1440339752541057035,negative,0.27432300397992165
1440339769431523335,negative,8.706762178923886e-06
1440339774816993286,neutral,0.5660245081130308
1440339800540647424,neutral,0.33170584570310935
1440339803132755972,negative,0.018941611610614438
1440339804323913734,negative,0.21921412548362115
1440339814843179018,negative,7.73253934254571e-05
1440339817003323393,negative,0.2180548551037692
1440339822174900232,negative,0.17507293804709045
1440339831800811523,negative,0.004911271143903551
1440339845998465036,negative,0.00022914544657264363
1440339861261545478,negative,0.10113884140473946
1440339887773736970,negative,1.930760314688588e-05
1440339890445512709,neutral,0.5390088940119361
1440339937677623297,negative,0.2180548551037692
1440339942077394949,negative,0.27158145473687423
1440339967092224013,negative,0.00161073231577128
1440339968602218507,negative,0.09900383512038731
1440339986927128583,negative,1.930760314688588e-05
1440339995366100999,neutral,0.5390088940119361
1440340007928033284,negative,0.21192963163523793
1440340043013394432,negative,3.8084558039142153e-06
1440340044586176514,neutral,0.5726889043636055
1440340060256100354,negative,0.25535124504808027
1440340063552823312,negative,7.671166062903039e-06
1440340069433294849,negative,2.1805341865276294e-05
1440340073925394434,negative,0.13448739294308948
1440340079457628167,negative,0.0019177723177052734
1440340086541877251,negative,0.0007660637304567014
1440340086613106692,negative,0.0015350709264350861
1440340113586749457,negative,0.03882894185705914
1440340115973279750,neutral,0.5130605840822943
1440340124076703758,neutral,0.5390088940119361
1440340126438096902,negative,0.004498633157222995
1440340130514956293,negative,0.0003135737541229132
1440340135451660301,neutral,0.4299371657496221
1440340178518757378,negative,0.06032570115769532
1440340192515137550,negative,0.00027098654867640734
1440340202359193600,negative,6.3923554696656105e-06
1440340212563931154,negative,0.004498633157222995
1440340217991335940,negative,1.2746868237482555e-05
1440340233057304590,neutral,0.3687863943695472
1440340233187315716,positive,0.7130436737237676
1440340233547960331,negative,0.011853967531467053
1440340244939739139,negative,0.06482082089372841
1440340246223151112,positive,0.8366855574905548
1440340264841723909,negative,0.0001370256889869897
1440340272768970761,negative,3.670905245401084e-05
1440340288153604110,negative,0.031285435909027215
1440340289848152068,neutral,0.5692744285537372
1440340290867535872,neutral,0.498406221081816
1440340290900877328,neutral,0.33539322886167144
1440340313000714245,negative,7.399372723652925e-06
1440340341186445315,negative,8.706762178923886e-06
1440340345808572434,negative,4.211365734539918e-05
1440340347238764555,negative,0.027697700929137346
1440340350430695425,negative,0.03882894185705914
1440340360090189837,neutral,0.41956321267742214
1440340365374984202,negative,0.16541747817953326
1440340381116157956,negative,0.018388516101046606
1440340397507575808,neutral,0.5083257222267761
1440340403547361282,negative,0.06482082089372841
1440340407854919691,negative,9.746333418410393e-05
1440340412825169934,negative,0.00020397198138254487
1440340418395185160,negative,6.3923554696656105e-06
1440340423956832267,neutral,0.522901295206554
1440340428859981829,neutral,0.42229895931535033
1440340429942050823,neutral,0.35159909112508697
1440340438997614616,negative,9.287098711112695e-12
1440340442415972361,neutral,0.5390088940119361
1440340444940881924,negative,6.3923554696656105e-06
1440340446413148174,negative,0.0001370256889869897
1440340447121969159,negative,0.01264582738022114
1440340448103448577,positive,0.9989313773416282
1440340448866811915,negative,0.23763177084244141
1440340464243130371,negative,1.930760314688588e-05
1440340469263659013,negative,0.01844969764753445
1440340477136420867,negative,1.1926308081118498e-09
1440340484061237263,negative,0.0002049871212127166
1440340484535119881,negative,0.006782220353300889
1440340485244026885,negative,0.00161073231577128
1440340488897253388,negative,0.17507293804709045
1440340508400701452,negative,0.12977306967194863
1440340510246244361,negative,2.452492038778139e-05
1440340523093430272,neutral,0.5390088940119361
1440340531519758339,negative,0.0009219710620423711
1440340531641389070,neutral,0.5390088940119361
1440340537853153285,negative,0.0008430087521678958
1440340542454390784,negative,0.12703271384507175
1440340547214852101,negative,0.00012437187082368263
1440340552256405506,positive,0.9272003998262823
1440340553015590925,neutral,0.5390088940119361
1440340553124614155,neutral,0.3687863943695472
1440340556807241737,neutral,0.42229895931535033
1440340562536660994,negative,0.10113884140473946
1440340568488366081,negative,0.10113884140473946
1440340569952194563,negative,0.0051341833575271585
1440340586939121668,negative,1.1821995145700644e-05
1440340595201900555,neutral,0.3687863943695472
1440340606211878917,negative,0.029596821042635446
1440340615569416200,neutral,0.41956321267742214
1440340615779151873,negative,0.2553762943759307
1440340616118824978,neutral,0.5390088940119361
1440340619746897945,positive,0.8159927771866374
1440340642106777603,negative,0.07863678341080034
1440340648821813249,negative,0.241064782498013
1440340652521242634,negative,0.08348768981516652
1440340661614493696,negative,0.12977306967194863
1440340663988482059,neutral,0.37673204652903697
1440340669906575361,neutral,0.4064281066055449
1440340674633629697,negative,0.13448739294308948
1440340679134044169,negative,2.1805341865276294e-05
1440340681164144642,negative,1.930760314688588e-05
1440340685693984784,neutral,0.5390088940119361
1440340688781021187,negative,1.889471042071466e-05
1440340697643577354,negative,1.889471042071466e-05
1440340704098537484,negative,0.022757049756113236
1440340714554990601,neutral,0.522901295206554
1440340720779366405,negative,0.011853967531467053
1440340728622637057,neutral,0.522901295206554
1440340731667697679,negative,0.001397709360013378
1440340736528969739,negative,0.0001370256889869897
1440340743499902976,negative,0.01264582738022114
1440340749774512130,neutral,0.5390088940119361
1440340752295346182,negative,0.006782220353300889
1440340781982642185,negative,0.11672626886737264
1440340784843161605,negative,2.2706783604942828e-08
1440340792287973380,negative,0.01264582738022114
1440340801624571908,negative,0.0031712966319397628
1440340803964964869,negative,0.05319561358345783
1440340809723699217,negative,0.01264582738022114
1440340837116747789,negative,3.665646282940015e-05
1440340847149531141,negative,0.11660239427995824
1440340847866769413,positive,0.9989313773416282
1440340853587734539,negative,0.011853967531467053
1440340855127117827,negative,0.24135390925019024
1440340856804818945,neutral,0.4015980548827584
1440340884621434886,negative,0.09496905441668017
1440340892368269320,negative,1.930760314688588e-05
1440340896235462660,neutral,0.5390088940119361
1440340903349010437,negative,0.003786880947907371
1440340903504199688,negative,0.3216430279456804
1440340921749409804,neutral,0.5169191973525927
1440340930972700680,negative,0.11162762197975168
1440340932008628227,negative,0.010896147518772737
1440340940871196679,negative,4.903003977279544e-05
1440340944180580352,negative,1.930760314688588e-05
1440340946843885579,negative,1.1926308081118498e-09
1440340950488797200,positive,0.8159927771866374
1440340960961970182,negative,0.06351327435006848
1440341006080086017,negative,0.00576859575757121
1440341016758734850,negative,0.0002049871212127166
1440341032697151492,negative,1.930760314688588e-05
1440341047670833153,negative,1.2917181676176043e-08
1440341051844165632,negative,0.19978770352919117
1440341058643136515,negative,4.772085221255874e-05
1440341060517974016,negative,0.09203024573999177
1440341072123621376,negative,0.030645909985879283
1440341078184370183,negative,0.01264582738022114
1440341097272659983,negative,0.02004326196868081
1440341100036722697,negative,0.2180548551037692
1440341118638379013,neutral,0.522901295206554
1440341123373748229,neutral,0.5062700952855878
1440341129405165578,negative,1.6282612316768612e-11
1440341133305942016,negative,0.012320862730011902
1440341133809229829,negative,1.930760314688588e-05
1440341135071670284,negative,0.06351327435006848
1440341136623607812,negative,0.0349873404983567
1440341136946593797,negative,0.10113884140473946
1440341166315032588,negative,0.0017458946010240485
1440341176071057413,negative,0.006582871166244328
1440341180869267458,negative,0.00161073231577128
1440341199835959302,negative,0.0002049871212127166
1440341201958293511,negative,0.0024235137158615896
1440341207842897923,negative,0.21192963163523793
1440341207968673793,negative,3.0452260577281833e-06
1440341212620230657,negative,7.671166062903039e-06
1440341216713793537,negative,0.016581887131858188
1440341229556752387,negative,0.12977306967194863
1440341266261151752,negative,0.06351327435006848
1440341286909710339,negative,0.011853967531467053
1440341290785247243,positive,0.9989313773416282
1440341298100113412,negative,0.29094929210157
1440341298175561728,negative,0.02821772333403588
1440341311505121287,negative,0.01264582738022114
1440341312155242506,negative,0.21192963163523793
1440341313245769732,negative,0.19031476383678517
1440341313434447880,negative,0.0015350709264350861
1440341316064276503,negative,0.0021907735549031556
1440341321332314115,negative,1.930760314688588e-05
1440341321961463815,negative,0.12756356740681427
1440341330211655682,negative,1.930760314688588e-05
1440341332392747011,negative,0.04706710248543383
1440341334804471810,negative,0.09742758021025971
1440341335194566668,neutral,0.5390088940119361
1440341352315715584,negative,0.01264582738022114
1440341363933859848,neutral,0.437369725752128
1440341374679674888,negative,0.2180548551037692
1440341390974603272,negative,0.0009469196872524658
1440341399136718850,negative,1.930760314688588e-05
1440341402852855811,negative,8.3566719054126e-10
1440341404769665029,negative,1.2917181676176043e-08
1440341415767117840,neutral,0.5660245081130308
1440341418292101131,negative,0.2363356696800841
1440341428266156042,negative,0.04394719490232145
1440341429356687361,negative,0.06351327435006848
1440341450097524737,negative,0.02004326196868081
1440341454073724928,negative,0.06954343657720884
1440341456653225988,positive,0.9989313773416282
1440341487246401546,negative,0.05802771780800016
1440341523531382790,negative,0.05725934503890714
1440341525460783110,negative,0.004498633157222995
1440341528262500354,negative,0.2180548551037692
1440341551926833169,negative,0.01264582738022114
1440341556586631181,neutral,0.5390088940119361
1440341563867942927,positive,0.9999872829688764
1440341565751185410,negative,0.01264582738022114
1440341570725703688,negative,0.03882894185705914
1440341571639996429,negative,0.11162762197975168
1440341584680140806,negative,0.3190512001804995
1440341584952791040,negative,0.01264582738022114
1440341585070231567,negative,2.7125076430344298e-05
1440341595719553037,neutral,0.522901295206554
1440341597770551298,negative,0.0001370256889869897
1440341598353559566,negative,1.930760314688588e-05
1440341601323139073,negative,0.053233210445508175
1440341610051502086,negative,0.00020792489981286718
1440341618985357333,negative,0.04089682102870074
1440341625389993984,negative,0.01264582738022114
1440341627873083402,neutral,0.41956321267742214
1440341644843241481,negative,0.01264582738022114
1440341657153462275,negative,0.03882894185705914
1440341657971425291,negative,0.01264582738022114
1440341665399533573,positive,0.8869474622334889
1440341676430540802,negative,0.0024235137158615896
1440341696621936649,negative,0.1456709374771473
1440341709565542423,negative,1.889471042071466e-05
1440341726590242823,negative,0.2180548551037692
1440341732210581511,negative,2.1805341865276294e-05
1440341744856420356,negative,0.0005344764460356822
1440341746240540672,positive,0.7164122209145534
1440341759821713417,negative,0.25535124504808027
1440341765081288709,positive,0.8366855574905548
1440341768138944521,negative,1.4990062459729006e-05
1440341779820138500,neutral,0.522901295206554
1440341784987521031,negative,0.05234931941095223
1440341800586080259,neutral,0.5390088940119361
1440341801697611777,negative,0.0003669723697702333
1440341822585245701,negative,1.930760314688588e-05
1440341827404517394,neutral,0.5893169164048948
1440341828411092998,negative,0.1456843284510151
1440341830973857792,negative,0.19557209966420155
1440341838137753604,negative,0.016797611723998584
1440341845989412869,negative,0.00161073231577128
1440341852553576448,negative,0.0001464528486379294
1440341860271083525,negative,0.09543918104685063
1440341903384330249,negative,0.01264582738022114
1440341908304248844,neutral,0.522901295206554
1440341911861039108,negative,0.24135390925019024
1440341918357999621,neutral,0.522901295206554
1440341919482007558,neutral,0.4777731100205559
1440341923307286534,neutral,0.33402218903110614
1440341927291879427,negative,0.12977306967194863
1440341970535149586,negative,0.09543918104685063
1440341970866491397,negative,0.09543918104685063
1440341974179987465,negative,0.010011374202071278
1440341977258545153,negative,0.09543918104685063
1440341978776965131,negative,0.09543918104685063
1440341979695497224,negative,0.02779717829900709
1440341981243187209,negative,1.889471042071466e-05
1440341986993598468,neutral,0.4015980548827584
1440341994065174538,positive,0.8159927771866374
1440342015036645382,neutral,0.5017543432377519
1440342022452170758,neutral,0.5390088940119361
1440342023874043908,negative,0.00039927700240486154
1440342036956147716,negative,1.930760314688588e-05
1440342042672959493,negative,0.004498633157222995
1440342046464614414,negative,0.10875632659165237
1440342052818931728,negative,0.03882894185705914
1440342053750116360,negative,1.2917181676176043e-08
1440342055536844804,negative,0.0001464528486379294
1440342057361440768,negative,4.3277426659562995e-06
1440342062335889425,negative,6.3923554696656105e-06
1440342064323981318,negative,0.0007660637304567014
1440342067138285582,negative,0.029596821042635446
1440342070179164172,negative,0.07222481063552842
1440342075002605571,negative,0.02802765942759031
1440342084225888262,negative,0.05802771780800016
1440342084494393348,negative,0.11670341035795716
1440342087392645125,positive,0.9329312459950254
1440342088403410953,negative,0.10113884140473946
1440342091121315850,neutral,0.5390088940119361
1440342097710567426,neutral,0.41956321267742214
1440342124004732928,negative,0.25401421255941126
1440342125455937541,negative,0.10113884140473946
1440342127242739713,negative,0.061006394924504534
1440342146339401730,negative,0.018388516101046606
1440342159136231429,negative,0.030018853109579535
1440342161690484736,negative,0.005430710977290937
1440342164974669835,negative,0.2180548551037692
1440342172172054535,negative,0.06351327435006848
1440342173380009991,negative,0.019177259668602967
1440342180023836685,negative,0.0008603572428224505
1440342181290512408,negative,0.2180548551037692
1440342192287993858,negative,0.004498633157222995
1440342201263816706,positive,0.8561247381838074
1440342201414787072,negative,0.059488277097854675
1440342201788108800,negative,0.30531022540914704
1440342202643742734,negative,0.0001464528486379294
1440342208582803463,negative,0.0001464528486379294
1440342210109587465,neutral,0.399810821320921
1440342223833354253,negative,0.004498633157222995
1440342226291150851,negative,0.007105374536498482
1440342227780210693,negative,0.00161073231577128
1440342228262547461,negative,0.0001464528486379294
1440342228686163968,negative,0.2180548551037692
1440342230036672524,negative,0.04394719490232145
1440342243001335812,negative,0.01264582738022114
1440342287083393030,neutral,0.5390088940119361
1440342287209271298,negative,0.02598610353589267
1440342293546823686,negative,0.2363356696800841
1440342294649991185,negative,0.08604083417701366
1440342304150196224,neutral,0.3499352441185855
1440342313788604420,neutral,0.49789225920557484
1440342316825268224,negative,0.0001464528486379294
1440342324286918669,negative,0.030018853109579535
1440342334583894034,neutral,0.5390088940119361
1440342349054316550,negative,0.011853967531467053
1440342351600181256,negative,1.930760314688588e-05
1440342353244418049,negative,0.0001464528486379294
1440342361213583365,negative,0.002334152379639776
1440342386219970575,negative,0.2754104732179606
1440342391743934479,negative,0.20838697936685613
1440342412430245894,negative,0.2180548551037692
1440342425646481422,neutral,0.49789225920557484
1440342451596632076,neutral,0.5390088940119361
1440342466461265929,negative,0.03882894185705914
1440342472983388167,neutral,0.3499352441185855
1440342474522722312,neutral,0.522901295206554
1440342478054326272,negative,0.0001464528486379294
1440342488850452480,negative,1.930760314688588e-05
1440342498379907082,neutral,0.35731022276434227
1440342506000957457,negative,0.11672626886737264
1440342559398641671,negative,1.930760314688588e-05
1440342561143472145,negative,0.0001370256889869897
1440342562061967367,negative,0.12977306967194863
1440342581343260679,negative,0.01264582738022114
1440342581989179400,neutral,0.4248021417756691
1440342602025295880,neutral,0.5375004189858925
1440342617858863106,negative,1.930760314688588e-05
1440342631909785604,negative,7.747008295502595e-09
1440342636615725059,neutral,0.437369725752128
1440342676038033419,negative,0.01264582738022114
1440342685731016719,negative,0.2180548551037692
1440342686402183169,negative,0.003999978758100867
1440342692043522050,neutral,0.5062700952855878
1440342702722146316,positive,0.7128340807876249
1440342703028400131,negative,0.0001464528486379294
1440342704701902848,negative,0.048270004220512294
1440342705599434756,neutral,0.5375004189858925
1440342712243286038,negative,0.0017458946010240485
1440342712725630981,negative,0.0001464528486379294
1440342716009701382,negative,0.29094929210157
1440342727040798721,negative,0.02082207081845979
1440342741456601100,negative,1.705938531582004e-06
1440342742932996101,negative,0.0020695338861571708
1440342756077944838,negative,0.21287790485575164
1440342759399825416,negative,0.000982519811834594
1440342770627977231,negative,0.28854426538347494
1440342771978567680,negative,0.06057544233808463
1440342788592201734,neutral,0.41956321267742214
1440342798180315136,negative,1.930760314688588e-05
1440342840307945490,negative,0.26224240678487276
1440342848549785605,negative,1.711624307088084e-05
1440342856850296845,negative,0.0032283481023732963
1440342863598944269,negative,1.993281501327756e-05
1440342896083816454,positive,0.9989313773416282
1440342905508425732,negative,0.0001166488776713537
1440342919123116044,negative,6.250647152025018e-06
1440342926790303744,negative,0.018511426801335634
1440342941143220235,negative,0.00161073231577128
1440342941407465472,negative,0.1742356760714592
1440342952107118600,negative,0.0001464528486379294
1440342956230074378,neutral,0.5390088940119361
1440342957479972871,negative,0.02802765942759031
1440342958461517827,negative,0.23375719555443347
1440342959300300808,negative,0.005076007436566999
1440342974953492489,negative,0.32595338468293994
1440342986097758216,negative,0.00562919148160647
1440342988337475590,negative,0.0017458946010240485
1440342991906897927,negative,0.03882894185705914
1440342998286417928,negative,0.05771664864205034
1440343008289824774,negative,0.02802765942759031
1440343012463165446,neutral,0.391062365523664
1440343015592116230,negative,0.1742356760714592
1440343019962585092,negative,2.354493735819258e-07
1440343035129126918,neutral,0.49088097130161373
1440343039482888213,negative,0.0004324138320112869
1440343043127738374,negative,0.13131120433178445
1440343062085967874,negative,0.19654931200997114
1440343067773440005,negative,0.0001464528486379294
1440343075243524101,negative,0.0001464528486379294
1440343078028513288,negative,0.19446823077615
1440343079194554373,negative,0.13131120433178445
1440343089877422083,negative,0.0001464528486379294
1440343095602651148,negative,1.2917181676176043e-08
1440343095967563786,neutral,0.5390088940119361
1440343105564131328,negative,0.03882894185705914
1440343115445903370,neutral,0.5390088940119361
1440343119082373121,negative,0.0003669723697702333
1440343134769008648,neutral,0.49088097130161373
1440343136178372617,negative,0.05335843110351587
1440343140968271881,negative,0.005853608035152903
1440343147892985869,negative,0.0001370256889869897
1440343150258634756,negative,6.3923554696656105e-06
1440343155648303117,negative,0.022119484880198916
1440343168818434055,negative,0.0001166488776713537
1440343172966535176,negative,1.2917181676176043e-08
1440343175462154244,negative,0.011853967531467053
1440343181371920400,negative,0.0022673617162363904
1440343184945532943,negative,0.2180548551037692
1440343186317053955,negative,0.0007660637304567014
1440343189458612224,neutral,0.49088097130161373
1440343204335800324,positive,0.9897488902240603
1440343209977155593,negative,0.21192963163523793
1440343216058818563,neutral,0.49789225920557484
1440343240503271437,neutral,0.49088097130161373
1440343241727959059,negative,0.1459628508618612
1440343254973620230,negative,0.0019089590721531992
1440343263752318976,negative,0.016797611723998584
1440343276020584463,negative,1.889471042071466e-05
1440343278658805764,negative,0.005853608035152903
1440343284598018060,positive,0.7335115690134949
1440343304399323144,negative,0.03882894185705914
1440343312146198530,negative,0.07222481063552842
1440343318089531400,negative,0.2180548551037692
1440343319746211857,negative,0.00021047828770032938
1440343339304243211,negative,7.671166062903039e-06
1440343344920477699,negative,0.04969286841109181
1440343352281501718,neutral,0.5817298318240581
1440343358921011208,negative,0.07106846191044643
1440343380668547091,positive,0.9989313773416282
1440343382996307971,negative,0.0001166488776713537
1440343400771768323,negative,0.19400895406264568
1440343433210523658,negative,0.000895263217515451
1440343436020760576,negative,0.0001464528486379294
1440343437039976455,negative,1.930760314688588e-05
1440343442769408004,negative,0.0019089590721531992
1440343453368418308,negative,0.0001464528486379294
1440343455461347338,negative,0.0001464528486379294
1440343472976789510,negative,0.03108357058369836
1440343482850185220,neutral,0.5390088940119361
1440343483722526723,negative,0.03882894185705914
1440343485064749065,negative,0.00161073231577128
1440343493096792065,negative,0.0009469196872524658
1440343498067046405,negative,0.0001370256889869897
1440343512474537999,neutral,0.4139384724831576
1440343541729746961,negative,0.01264582738022114
1440343552525942797,negative,0.0001166488776713537
1440343557026451465,negative,2.1805341865276294e-05
1440343557332557829,negative,0.132645722571605
1440343578564202506,negative,0.016219197646110257
1440343590408839181,negative,0.13131120433178445
1440343601758674958,negative,0.005853608035152903
1440343623837511680,negative,0.054908200702623346
1440343628614815755,negative,0.029596821042635446
1440343643861098513,negative,0.17303469359899842
1440343644255371267,negative,0.04058536139841306
1440343660957077515,neutral,0.5726889043636055
1440343667252760576,negative,0.2180548551037692
1440343674076872704,negative,0.2180548551037692
1440343683845353481,negative,0.0001464528486379294
1440343686173237257,negative,0.029596821042635446
1440343689826422799,negative,0.0001464528486379294
1440343706700161037,negative,0.0001464528486379294
1440343730527957004,negative,0.2007215415030313
1440343745799417865,negative,0.005853608035152903
1440343746105593857,negative,0.028020207708951465
1440343747242332167,negative,1.889471042071466e-05
1440343754053853194,negative,0.12977306967194863
1440343757245730824,neutral,0.3687863943695472
1440343757799317513,negative,0.005853608035152903
1440343792150663168,negative,0.0020209188418532924
1440343797133496329,negative,0.0037137431284447148
1440343799088115715,negative,0.32595338468293994
1440343800396718091,negative,5.166270300655728e-07
1440343805639544834,neutral,0.437369725752128
1440343814254653448,negative,0.13779686904989497
1440343820009234432,negative,0.10186714323547046
1440343820088983560,negative,0.21997928693555124
1440343834127261702,neutral,0.391062365523664
1440343843472248842,neutral,0.34037046437983015
1440343855220420609,negative,0.012992064328809092
1440343868537380871,negative,0.07222481063552842
1440343868688326664,negative,0.019769429282090918
1440343890838491144,neutral,0.49088097130161373
1440343909612212225,negative,1.3930839938059213e-05
1440343920970403852,positive,0.9992387447533332
1440343923759538177,negative,0.0020209188418532924
1440343927064719367,negative,8.067904246428198e-07
1440343932571828229,negative,0.11376074359696434
1440343950431186950,neutral,0.522901295206554
1440343964607938568,negative,0.0020209188418532924
1440343975181774853,negative,0.0011693388440527062
1440343977362788355,neutral,0.49088097130161373
1440343978331676682,negative,0.03882894185705914
1440343984602116100,negative,0.01264582738022114
1440344047017611264,negative,0.0005344764460356822
1440344048112312323,negative,0.01905981652535767
1440344060200251400,negative,0.011853967531467053
1440344062335143945,negative,0.0017825403733532006
1440344095184932864,negative,0.029596821042635446
1440344102344687628,negative,0.18608674441506268
1440344105662369799,negative,0.002958787377454427
1440344111094005766,negative,0.15431621397768835
1440344114449436672,negative,0.0001464528486379294
1440344116739510278,negative,0.0001464528486379294
1440344129506926593,negative,1.930760314688588e-05
1440344150109392896,negative,0.1255073281475255
1440344154219769857,negative,0.2180548551037692
1440344196380954639,negative,0.0007660637304567014
1440344197572161549,negative,0.29094929210157
1440344209379115018,negative,0.21997928693555124
1440344212260589581,negative,0.00020312538410830486
1440344245810786304,negative,0.2180548551037692
1440344248415514633,negative,0.0006626881208799262
1440344249938055172,negative,0.0019089590721531992
1440344256963436547,negative,0.0006626881208799262
1440344264542605319,negative,0.011853967531467053
1440344278161526790,neutral,0.41956321267742214
1440344298067685381,negative,0.001609984132110695
1440344302178103308,negative,1.2917181676176043e-08
1440344305516744719,negative,0.24135390925019024
1440344309824319498,negative,0.2180548551037692
1440344315302088711,negative,0.13911642373213545
1440344318158389259,negative,0.0020209188418532924
1440344320498831367,negative,0.0001464528486379294
1440344344112730123,negative,0.1957714009824585
1440344353830965262,neutral,0.49088097130161373
1440344363578494980,negative,0.0012008486167611452
1440344365734391814,negative,0.0001464528486379294
1440344372071976960,negative,0.04089682102870074
1440344384436727813,negative,0.030018853109579535
1440344392154238983,negative,0.15655310417117166
1440344432121835521,neutral,0.458452529704962
1440344433614938125,negative,0.0012008486167611452
1440344444922777601,negative,0.057487514440223514
1440344475272826883,neutral,0.5390088940119361
1440344482650542083,negative,0.0001464528486379294
1440344523075317769,negative,0.14747578485994248
1440344533682716675,negative,0.01264582738022114
1440344537415618567,negative,0.14747578485994248
1440344538938101771,negative,0.0046916183664430485
1440344560207425542,negative,0.02076505916906318
1440344575545987082,negative,0.022823956880456596
1440344581086744577,negative,0.2180548551037692
1440344582823165962,negative,0.027496439721982045
1440344584899334148,negative,0.011853967531467053
1440344612162342914,negative,0.0019089590721531992
1440344626339016705,negative,0.00022936244524378676
1440344637391061008,neutral,0.45330597087403485
1440344640067031051,neutral,0.5390088940119361
1440344648178753554,negative,0.2180548551037692
1440344651156766723,negative,0.00022362693494521726
1440344680122634240,negative,0.0001464528486379294
1440344686342774785,negative,0.18830026110763712
1440344688767029251,neutral,0.5390088940119361
1440344702939656193,negative,0.07222481063552842
1440344725995733000,neutral,0.6113960974028383
1440344728130580482,negative,0.0019089590721531992
1440344738402496512,negative,0.0054316203107176286
1440344741581787143,negative,8.501721072451352e-08
1440344743771213836,negative,0.07670678969990137
1440344757805334534,negative,0.0003104742248628608
1440344766273626124,negative,0.1322574349570599
1440344767016046608,neutral,0.5390088940119361
1440344772804165638,negative,0.0020209188418532924
1440344780018307083,negative,0.18206315629965075
1440344782253944839,negative,0.09543918104685063
1440344790478909441,negative,3.661346517481805e-06
1440344792118878220,negative,0.030119431665212092
1440344829817278479,neutral,0.5390088940119361
1440344830509412358,negative,0.10113884140473946
1440344850717544449,negative,0.2180548551037692
1440344877598851075,negative,1.801766521976093e-12
1440344879935025169,negative,0.018511426801335634
1440344881419862019,negative,0.18707612558313536
1440344883529613318,negative,1.2917181676176043e-08
1440344883810619398,negative,0.18707612558313536
1440344894371885060,positive,0.7765654411902891
1440344912243744779,positive,0.7040863447036929
1440344917012729861,negative,0.18830026110763712
1440344934175809539,negative,1.889471042071466e-05
1440344939221581828,neutral,0.5390088940119361
1440344941255815177,negative,0.1224684986067576
1440344947706589187,positive,0.722626873170881
1440344947949924358,negative,1.930760314688588e-05
1440344953788375043,negative,0.21192963163523793
1440344965603725322,negative,0.004498633157222995
1440344978085998603,negative,0.01290779833837247
1440344990731833356,neutral,0.5390088940119361
1440344997790846985,negative,0.0003135737541229132
1440344998449324040,negative,0.0020637542984946545
1440345007810961410,negative,2.452492038778139e-05
1440345017147531269,negative,0.00161073231577128
1440345024055504903,negative,0.13258286561461502
1440345024315625481,neutral,0.40535959707326624
1440345035493363712,negative,0.00010168343645523665
1440345039809384458,negative,0.05723540554228996
1440345051071082502,negative,0.03882894185705914
1440345052123787267,negative,0.2180548551037692
1440345063440076810,negative,0.18830026110763712
1440345069068845059,negative,0.2180548551037692
1440330047437430802,neutral,0.494368430236352
1440330048305725442,neutral,0.4283562965630855
1440330051631783942,negative,4.57808637641198e-06
1440330051921203212,negative,0.0011489357382111027
1440330052260950023,negative,0.18961870164076497
1440330052533559303,negative,0.1631925605448014
1440330054823600135,negative,0.06617619399968155
1440330055612186639,negative,0.022043887920812535
1440330055637295117,negative,0.06043217299602261
1440330056161656835,negative,0.2588568533413188
1440330058569183241,negative,0.026788944690734673
1440330059433144338,negative,0.00013667825036650774
1440330059475132424,negative,0.0005389852018143682
1440330059496128512,negative,2.640884628903695e-07
1440330060414668813,negative,0.0028270095446105473
1440330061807173636,negative,7.545718200606466e-05
1440330063342288907,negative,0.0015477954904480052
1440330067482058763,negative,0.005025691535231157
1440330067914100737,negative,0.0023055168505600005
1440330071739232258,negative,0.16493242895511598
1440330073400221696,negative,0.3170864083514595
1440330074432016405,negative,0.017743386220526215
1440330075589668880,negative,0.002304410978198666
1440330078274031621,negative,0.0010272306823098669
1440330082854203393,negative,0.0036772707646987937
1440330083122642954,negative,0.0029514366458164767
1440330090450063362,negative,0.0018624654824921534
1440330091557376001,negative,0.07908206576720678
1440330092505284617,negative,0.03278387204740231
1440330092773732360,neutral,0.45058803376539225
1440330094988259351,negative,0.005025691535231157
1440330097299361802,negative,0.1316023557771571
1440330097559441410,positive,0.8582971439021186
1440330098192703494,negative,6.183947161299217e-11
1440330098289250306,negative,3.2742453194357285e-05
1440330099560116225,negative,0.052938807690618185
1440330100658954241,negative,0.31732489718339985
1440330101594341383,negative,0.0036772707646987937
1440330102273761283,negative,0.012808346323446828
1440330103737647108,negative,0.004961827475410116
1440330105713139720,negative,0.0041477052686063965
1440330106149302274,negative,0.00560892306848078
1440330107072040968,negative,6.579242537569963e-05
1440330109999747081,negative,0.029540985590475518
1440330112231084038,negative,0.00974895314295733
1440330113514491927,negative,0.0408908382854005
1440330115116765195,negative,0.002906323502406819
1440330115506835475,negative,0.15960559452264758
1440330115573960711,negative,0.32264179177728214
1440330117364936716,negative,0.06154436117493987
1440330117658537994,negative,0.036763927263729734
1440330120179302416,negative,2.7964281004854485e-05
1440330121626324994,negative,0.0002298028007695138
1440330122393907212,negative,0.10305679978169115
1440330123031420931,negative,0.00022572220253019097
1440330125396959240,negative,0.06275218106500374
1440330128890814473,negative,0.0425358779426744
1440330129809436678,negative,0.0008547745180754275
1440330129897492495,negative,0.008374745571348475
1440330130488913920,negative,0.013445176361546825
1440330130975444998,negative,0.23471732559421202
1440330131667513345,negative,0.04956026847406002
1440330132024029187,negative,0.0044376574757416945
1440330132036591624,negative,1.9782625999503626e-06
1440330132154044424,negative,0.20547179712270142
1440330132195921921,negative,0.00784478065073266
1440330138424541184,negative,0.00011144542598521387
1440330138852335628,negative,0.017494375538350388
1440330138973990921,negative,0.03278387204740231
1440330139175251983,negative,0.005437510116279327
1440330140202897428,negative,7.804424950535141e-05
1440330140634914817,negative,0.01793021566810153
1440330144707534869,negative,0.26753801005186445
1440330145030574088,negative,0.05990464807742599
1440330145433149451,positive,0.9455246011744152
1440330146351775754,negative,5.742984797411601e-07
1440330148205580303,negative,0.1540198574996729
1440330148532813825,negative,0.08187725349845304
1440330149401022474,negative,0.17638509995179275
1440330149426204679,negative,0.07839569446439199
1440330149723983887,negative,0.06427203504215322
1440330150009139203,negative,0.00024590178380774606
1440330150671880201,negative,0.0066207160728344915
1440330152039227403,negative,0.013141230020178685
1440330152320192514,negative,0.10951417316379913
1440330152961974288,negative,0.17010680590107932
1440330155591749637,negative,0.2592332720412186
1440330155981828109,negative,0.047012414267984894
1440330157089120272,neutral,0.5101226214277461
1440330158192222208,negative,0.0008718889328775544
1440330158313852944,negative,0.0018339668066503724
1440330160188768258,negative,0.036763927263729734
1440330160394293257,negative,0.0001335293280115724
1440330162818600973,negative,0.16350320619358802
1440330166039842825,negative,0.053319083951903726
1440330166236954633,negative,0.00015059077340966623
1440330166434033678,negative,0.16336685451180474
1440330168728309762,negative,0.10305679978169115
1440330171291029515,positive,0.9844453983430719
1440330175372140558,negative,0.021537606197104712
1440330177184026647,negative,0.00030806933553645095
1440330177880346635,negative,0.0028270095446105473
1440330180619214849,negative,0.19351706926576842
1440330180833071114,negative,0.036763927263729734
1440330181059616772,negative,0.06075059962313539
1440330183727140868,negative,0.0003206681191837101
1440330184020819970,negative,0.00030990646385414095
1440330188747776004,negative,0.0009781824884665235
1440330189125287950,negative,0.0023055168505600005
1440330319182241797,negative,4.19997901863865e-05
1440330321317142530,negative,0.07429522210644815
1440330321568796679,negative,0.01793021566810153
1440330321703047176,negative,0.010808214898938961
1440330324693581827,negative,0.010808214898938961
1440330325377179650,negative,0.0060488369234755575
1440330326534864908,neutral,0.6182833838735697
1440330328204210191,negative,0.12146426141732296
1440330329089212420,negative,0.036763927263729734
1440330330666258432,negative,0.11371706570834735
1440330331748397060,negative,0.2186366811851303
1440330331911966741,negative,0.03849870849728155
1440330334072041482,negative,0.3017114994810592
1440330335653220363,negative,0.08131513696376501
1440330336307605510,negative,0.002406767046683633
1440330339864375304,negative,0.005025691535231157
1440330340170493961,negative,0.1849541260303166
1440330340443176967,negative,0.10347547341719496
1440330340665495557,negative,2.8175174770228045e-08
1440330341470728204,negative,0.1306787640348744
1440330341865037827,negative,0.00020746903057740595
1440330342590603270,negative,0.23272381558264127
1440330343920242696,negative,7.073031158560755e-06
1440330347732815878,negative,4.945657604528919e-08
1440330348097720321,negative,0.0002071591587233507
1440330348693393411,negative,0.003913571573165229
1440330348911497230,negative,0.0009470651287720265
1440330350299795461,negative,0.22848499870738168
1440330352422047749,negative,2.4916364544789377e-06
1440330354007543808,negative,0.0009235282139006402
1440330354062073863,positive,0.952139731169205
1440330354687037442,negative,0.2186366811851303
1440330357392375808,negative,0.036597061400049063
1440330357706944517,negative,0.0008760207173087866
1440330357954342922,negative,0.0010946752852216623
1440330360277979136,negative,0.004813825776178883
1440330362828181520,neutral,0.4070526309525832
1440330363188899848,neutral,0.5101226214277461
1440330368171741206,negative,6.247275209895151e-05
1440330368695947271,negative,0.06043217299602261
1440330369031544832,negative,0.00015059077340966623
1440330369673269250,neutral,0.38355829007163905
1440330370344382480,negative,0.13924083246349173
1440330370625327117,positive,0.9859050244543763
1440330370755350535,negative,0.10305679978169115
1440330372294713347,negative,0.06481335750653376
1440330377973829650,negative,0.00010004404107586429
1440330380310036500,negative,0.005025691535231157
1440330380981145603,negative,0.0019115030288824949
1440330381006282755,negative,0.003618320292070659
1440330381778059272,negative,0.14439631432748823
1440330382591725575,negative,4.741501131574738e-05
1440330382851723270,negative,0.0007106656603805604
1440330383002800145,negative,0.2824741417105196
1440330384147763204,neutral,0.39666977909978585
1440330386479849475,negative,6.928436672422482e-14
1440330390581833739,negative,0.2186366811851303
1440330398932746244,negative,0.20819028964235262
1440330399364702217,negative,0.14326012743963268
1440330400958541827,negative,0.001406817761166791
1440330401528963078,neutral,0.46127768308170247
1440330401893867527,negative,0.031233077973143453
1440330403580022790,negative,0.0010272306823098669
1440330403668131842,negative,0.010808214898938961
1440330409301004291,negative,0.20575728659250037
1440330409921761283,negative,0.07393886478111271
1440330412279009291,neutral,0.6567552400637309
1440330418511777800,negative,0.062261782166653304
1440330423549132814,negative,0.010808214898938961
1440330424522141714,neutral,0.5101226214277461
1440330428632633351,negative,4.692201132577575e-08
1440330428645183490,negative,0.0015477954904480052
1440330428720631817,negative,1.8313744123754343e-06
1440330429278547968,negative,0.0006018536952254819
1440330433837682695,negative,0.04842394404239629
1440330435490291715,negative,2.5663888834255076e-05
1440330436492759052,negative,0.027867813598825567
1440330440007565325,negative,0.23008012669888162
1440330441580445699,negative,6.579242537569963e-05
1440330442129825792,neutral,0.5495922250151081
1440330444675817474,negative,0.2186366811851303
1440330445627875347,negative,3.838290498945046e-05
1440330447477633035,negative,0.19351706926576842
1440330450677821448,negative,0.2186366811851303
1440330450803707909,negative,2.428567858781431e-08
1440330451864850435,negative,0.026143193351998707
1440330453710368772,negative,0.004767412381806119
1440330457732632578,negative,0.012408836340332508
1440330461557891077,negative,0.010808214898938961
1440330465135587337,negative,0.032910849576420424
1440330467530600454,negative,0.09159838109470014
1440330468323315716,negative,0.1767667227696686
1440330472609828875,negative,2.0896280871841185e-07
1440330472987381773,negative,0.08094882338169956
1440330473310359555,negative,1.4788619440243018e-06
1440330473838813189,negative,0.28297514048407246
1440330474732220430,negative,0.19351706926576842
1440330476699459584,negative,0.0016631030183754097
1440330483724816399,negative,1.5919339853625407e-05
1440330484588826641,negative,0.0042105053524600835
1440330484697817106,negative,0.1318114865786737
1440330484731449356,negative,0.31732489718339985
1440330486476247055,negative,0.09158844015977584
1440330486639779845,negative,2.4504337464299794e-06
1440330488439205890,negative,1.4788619440243018e-06
1440330490058182666,negative,4.548134591755222e-05
1440330497146515459,negative,0.021611543099272608
1440330498652327946,negative,0.0758049885212099
1440330499927408646,negative,0.05111552688455651
1440330500636172297,negative,7.1154980125150035e-06
1440330501252796418,negative,0.32264179177728214
1440330501508583434,negative,0.0020495826038098163
1440330502225891349,neutral,0.46127768308170247
1440330568353214474,negative,0.06013189585838446
1440330568374259725,negative,0.004466924231741895
1440330568961433607,negative,0.24938200873265073
1440330569439604738,negative,0.05819310388870854
1440330570249035776,negative,0.00018642571524015835
1440330573193510933,negative,0.10347547341719496
1440330573541625860,positive,0.9417288232318796
1440330574514720781,negative,0.05819310388870854
1440330574778929154,negative,2.5663888834255076e-05
1440330575055765511,neutral,0.3956607708302597
1440330576204951556,neutral,0.35028342210989794
1440330577178071050,neutral,0.41855056094399673
1440330577312321541,negative,0.11500151720811623
1440330578474061844,negative,0.0003702698154064985
1440330578474070016,negative,2.5663888834255076e-05
1440330582332874754,negative,4.823641962468908e-05
1440330585344331782,negative,0.0005336243427449608
1440330587873505282,negative,0.19351706926576842
1440330588146192395,negative,0.00030990646385414095
1440330595582627846,negative,6.1148833470499465e-06
1440330596157321222,neutral,0.4889359715892164
1440330596937396233,negative,0.0011737101407220693
1440330597541416965,negative,0.10757785463410903
1440330598040571914,negative,0.11154443292387338
1440330598485139458,negative,0.1522619691811019
1440330599860899841,negative,0.13427707006181466
1440330600552955916,neutral,0.5109868601911466
1440330605879697410,negative,1.178177661772844e-07
1440330606361989122,negative,0.005025691535231157
1440330611491622914,negative,0.0015477954904480052
1440330611575590920,negative,0.11354273318404648
1440330611877560325,negative,0.0716285746798463
1440330612313710599,negative,0.013550182471781354
1440330613546835972,negative,0.00032346830857104365
1440330618043179012,negative,1.7535606138035277e-09
1440330618055761937,negative,0.3017114994810592
1440330618257100817,negative,3.35512787952173e-07
1440330619523796992,negative,0.004562463865221741
1440330621864185873,negative,0.32634242480154974
1440330622006816779,negative,0.0001958825811493696
1440330623307051014,negative,0.049740495251530875
1440330624481435653,negative,1.4788619440243018e-06
1440330625836220419,negative,0.23224339627818613
1440330626486337541,negative,0.025040501195772433
1440330628348608523,negative,0.0015477954904480052
1440330629443248136,negative,0.2186366811851303
1440330630215061514,negative,5.042394112863841e-06
1440330634916892680,negative,0.030401341141276596
1440330635395022849,negative,0.15667666603595237
1440330636980482049,negative,0.00741170067610777
1440330639199256584,negative,0.30725793206365803
1440330642294669313,negative,0.007233171317501983
1440330646199554051,negative,0.11500151720811623
1440330646413402124,negative,0.2186366811851303
1440330649441746949,negative,0.01807638131892528
1440330649529765894,positive,0.799502248229225
1440330651002048512,negative,0.005025691535231157
1440330653162098691,negative,0.20109793513259905
1440330654240047104,negative,0.0044376574757416945
1440330663723298828,negative,0.08878946170869388
1440330664469925890,negative,0.04301932444387587
1440330666063773707,negative,0.0020477621786326203
1440330668513185807,negative,0.05583092020426849
1440330672472612868,negative,0.0015477954904480052
1440330673236045824,negative,0.053319083951903726
1440330673366048779,negative,0.005095139236736712
1440330802626109452,negative,0.018291462788269097
1440330804647772161,negative,0.0008338787081495978
1440330805172080651,negative,0.004195813040454747
1440330805323046919,negative,0.08524267840808906
1440330806002544647,negative,0.00046097442554739236
1440330806979809283,negative,0.11500151720811623
1440330808053538838,negative,0.014549901161285047
1440330808221331460,neutral,0.5614152023143125
1440330808288428040,negative,0.17859555646349493
1440330812713365519,negative,0.0007101156343310262
1440330815095775237,negative,0.13924083246349173
1440330815825604622,negative,0.00030990646385414095
1440330816232460290,negative,0.0002298396277033423
1440330822192562183,negative,0.012044787170883565
1440330823983513600,negative,0.005025691535231157
1440330826172882959,negative,0.07626830921819505
1440330826210693139,negative,0.3108453595356801
1440330827762569218,negative,0.029400370639505822
1440330830262378496,negative,7.238724738508102e-08
1440330831617146881,negative,0.06595789823423918
1440330832162410504,negative,0.11154443292387338
1440330832296640527,negative,0.19351706926576842
1440330832346898434,negative,7.367462506505943e-05
1440330833366192142,negative,0.09987368674677669
1440330837929566217,negative,3.009535625533288e-11
1440330840064495624,negative,0.0003776863816722445
1440330840400039941,negative,0.23793427518356636
1440330842602029067,neutral,0.4359094108023057
1440330843679907850,negative,0.1747198905938493
1440330844875288582,neutral,0.49789225920557484
1440330845806493699,negative,0.026143193351998707
1440330847995916305,negative,0.17959209253746744
1440330848490778634,negative,0.06134926673321456
1440330855738531852,neutral,0.4619741558880597
1440330857911226373,negative,0.005025691535231157
1440330859748360200,negative,2.5663888834255076e-05
1440330861321154567,negative,0.011176170622398738
1440330861849632779,neutral,0.5495648171607374
1440330864957669382,neutral,0.6567552400637309
1440330869122600971,negative,0.16114615632367857
1440330870615728138,negative,0.1908942153374937
1440330870762602505,negative,0.004195813040454747
1440330872339664921,negative,4.006457581608996e-05
1440330872842899457,negative,0.026905089855370663
1440330873627287553,positive,0.9990326620878083
1440330882250797059,negative,0.10850878282428943
1440330884083638283,negative,0.00030990646385414095
1440330884087906314,negative,0.006662561815801279
1440330884113002498,negative,0.04956026847406002
1440330885555884040,negative,1.569308198416873e-05
1440330889313992708,negative,0.10347547341719496
1440330889670451220,negative,0.0014974819381313228
1440330890488385549,negative,0.15960559452264758
1440330891608293390,neutral,0.5746669230640745
1440330891931176965,negative,0.10751178938752774
1440330892258410499,negative,0.012044787170883565
1440330893957029901,negative,0.01702044694643967
1440330893978050564,negative,0.05891849316111055
1440330895362199565,negative,0.029400370639505822
1440330899510284299,negative,0.0010822473363541086
1440330900072394762,negative,0.06595789823423918
1440330903201275919,negative,1.7403372087805992e-07
1440330903889203208,negative,0.11154443292387338
1440330916182650880,negative,2.9001738805999074e-13
1440331316608704515,neutral,0.6567552400637309
1440331316726095872,negative,0.00938850751889868
1440331320148717572,negative,0.0016255710894769943
1440331321264336899,negative,0.05396124358304793
1440331321952260097,negative,3.0221249780204496e-05
1440331323793571849,negative,0.16427597653130074
1440331325638995974,negative,0.007357578366045678
1440331335520772103,negative,0.08851113295451758
1440331336938508299,negative,0.024495810770253996
1440331338112909327,negative,2.2830683622523146e-05
1440331342017753092,negative,0.0019351778175138363
1440331343292891146,negative,0.00015059077340966623
1440331344207179784,negative,0.001949545414846824
1440331347436793860,negative,0.015127430558916272
1440331351882809353,neutral,0.49789225920557484
1440331353296302081,negative,0.008070764399947743
1440331362049740823,negative,0.007357578366045678
1440331363207430147,negative,0.013492307551109795
1440331368878071815,negative,0.026143193351998707
1440331370207662084,negative,0.0010272306823098669
1440331372535554065,negative,3.8901906007811915e-17
1440331373185683467,negative,0.04956026847406002
1440331376348184583,neutral,0.5618450016397432
1440331377061216262,neutral,0.39919723429629295
1440331385667944451,negative,0.037193864267918014
1440331387614097411,negative,0.12471372352075354
1440331387731464202,negative,0.00046097442554739236
1440331388004143107,negative,0.026690892255915432
1440331388218064898,negative,0.00020229791026431368
1440331393335103492,negative,0.00020229791026431368
1440331393674846208,negative,0.005025691535231157
1440331394048094212,neutral,0.34109891413738336
1440331395507712006,negative,0.30725793206365803
1440331395671330818,negative,0.000153155202774804
1440331395679719430,neutral,0.3744968057181015
1440331395847516168,negative,0.026143193351998707
1440331396506001413,negative,0.0008718889328775544
1440331397927821316,negative,0.18310489181373377
1440331400549306372,negative,0.07429522210644815
1440331402759733252,negative,4.205870653530144e-06
1440331402927435785,negative,0.005025691535231157
1440331402973573120,neutral,0.49789225920557484
1440331403149807621,negative,3.3030250725159742e-06
1440331405574041602,negative,0.09322545843125805
1440331408552067086,negative,0.03643971445203045
1440331410351407123,negative,0.006726664260408836
1440331412675067914,negative,0.17010680590107932
1440331418349944833,negative,0.2186366811851303
1440331422007394304,negative,0.0004513297318388965
1440331427430555655,neutral,0.37410201109036517
1440331427699060737,negative,9.707123854352705e-05
1440331429934551050,negative,0.005025691535231157
1440331430286880770,neutral,0.5101226214277461
1440331439598301190,negative,0.2186366811851303
1440331442047700994,neutral,0.4896126761253707
1440331448385298433,negative,0.014684975105793202
1440331450235056140,negative,5.564179627875269e-08
1440331582124875781,negative,2.441172023426716e-07
1440331582636638212,negative,0.2186366811851303
1440331586260533256,positive,0.8782734338083794
1440331587799769095,negative,0.02010437148973572
1440331589444009984,negative,2.640884628903695e-07
1440331590777802754,negative,0.03674978357643355
1440331591515983876,negative,0.0005300596745820246
1440331595148193796,negative,0.00010276161951696805
1440331595374686221,negative,6.094244484857229e-11
1440331597224448016,negative,0.007357578366045678
1440331598797307904,negative,2.5734295100415727e-05
1440331599166332931,negative,0.00010108745838444729
1440331599296356358,negative,0.06667101804791595
1440331599426437127,negative,0.0011791408913222785
1440331600965685251,negative,1.1588378588629982e-05
1440331604086255619,neutral,0.49789225920557484
1440331604312801282,negative,0.08851113295451758
1440331604837031945,negative,0.27863109496054767
1440331605482950674,negative,0.1316023557771571
1440331611174621185,negative,0.2660853591020496
1440331616056840203,negative,0.013492307551109795
1440331617289969666,negative,0.007357578366045678
1440331618128850953,neutral,0.3365908548658694
1440331618300821511,negative,0.1603706279544933
1440331620917993484,negative,0.2186366811851303
1440331621031284737,negative,0.005025691535231157
1440331624491601920,negative,0.00013892709920001987
1440331625296920577,negative,0.05041799100593473
1440331625938649092,positive,0.9990326620878083
1440331627154972684,negative,0.006631354358703606
1440331628035801095,negative,0.007357578366045678
1440331631525449735,negative,0.001059509280474666
1440331636906758153,negative,0.2186366811851303
1440331638538264586,negative,0.0020495826038098163
1440331639146487819,negative,0.15960559452264758
1440331645513465867,negative,0.013349093693118423
1440331646062903309,negative,0.3131458438896516
1440331646859825169,negative,0.13928019806614872
1440331648340398087,negative,0.007357578366045678
1440331649456111618,neutral,0.5514410120991461
1440331649632256001,negative,0.009126746431309438
1440331650110345217,negative,0.06393310604969829
1440331651171569676,negative,0.13924083246349173
1440331653176434690,negative,0.00031982041264110603
1440331654686396424,negative,0.0368276826589921
1440331656166969357,negative,0.001949545414846824
1440331656607399957,negative,0.14213198985646058
1440331661338578962,negative,0.029540985590475518
1440331661523046413,negative,0.16625507404718293
1440331662332624906,negative,0.00015059077340966623
1440331664169725960,negative,2.7468885519001893e-07
1440331668393316362,negative,0.0006149421435736414
1440331668926070786,negative,0.12878139487040502
1440331671182594057,negative,0.23793427518356636
1440331671895609356,negative,0.001241586682665519
1440331673791459331,negative,0.2186366811851303
1440331673971740675,negative,0.00028454046424416
1440331674017882127,negative,0.00026987926722954854
1440331674772905990,negative,0.0010317575683530817
1440331674986762241,neutral,0.4938013795412572
1440331675435630596,negative,0.0010272306823098669
1440331679122395155,negative,0.001059692195544645
1440331680166780930,negative,0.07839569446439199
1440331681894789134,negative,0.08851113295451758
1440331682821730308,positive,0.9787302402923758
1440331688727310355,negative,0.009139424102170168
1440331690463797256,negative,1.4210240659391118e-06
1440331691264921603,negative,0.08851113295451758
1440331701591232526,negative,0.0238981798164125
1440331702681825282,negative,0.00015047819172222932
1440331703214432258,negative,2.011927530674161e-10
1440331703633936398,neutral,0.49789225920557484
1440331703956897797,negative,3.209886159133001e-05
1440331704393089041,negative,0.01855129187911659
1440331705747865600,negative,0.06275609732685251
1440331708100857856,negative,0.012044787170883565
1440331714362937347,negative,0.17010680590107932
1440331716611096585,negative,8.91702186850901e-05
1440331717366071301,negative,0.2186366811851303
1440331720687947784,negative,2.5663888834255076e-05
1440331723426779146,negative,0.06275609732685251
1440331725989572611,negative,0.026143193351998707
1440331726643871750,negative,0.042163425348871325
1440331727373668371,negative,0.20580580552098673
1440331730842357766,negative,0.0089118194048808
1440331731794468871,negative,0.000958929466864902
1440331731802853387,negative,0.28297514048407246
1440331733258231823,negative,0.12471372352075354
1440331733770010633,negative,0.01674695071999578
1440331734512398339,negative,0.1661018506370564
1440331735145730050,negative,0.1631925605448014
1440331736026533903,negative,0.005025691535231157
1440331738442453000,negative,0.1541126257678266
1440331739688095755,negative,0.0365943049121622
1440331741994962948,negative,0.021374031207144678
1440331742397698051,negative,0.0004111188028410424
1440331745597952012,negative,0.0001584873285048229
1440331745627238416,negative,0.003881808658173157
1440331746722004995,negative,0.00039566146113636873
1440331747531522060,negative,0.265490943696957
1440331748722626565,negative,0.0025811162898898015
1440331752203898891,negative,0.007357578366045678
1440331752883384327,negative,0.001949545414846824
1440331753982345216,negative,0.06275609732685251
1440331754540134411,negative,0.026143193351998707
1440331761540485121,neutral,0.46127768308170247
1440331763163680776,negative,0.005025691535231157
1440331766087098382,negative,0.0006021848174972618
1440331766342946824,negative,0.02010437148973572
1440331768515612679,negative,0.04118833883587133
1440331770486935557,negative,0.06370142448727825
1440331771548090381,negative,1.732837461738008e-06
1440331772894400517,negative,0.07004240819273713
1440331774152753162,negative,0.00020229791026431368
1440331774588981257,neutral,0.5706530733163441
1440331775255855110,negative,0.15960559452264758
1440331780045742088,negative,0.12986483931582823
1440331782944002060,negative,0.0028089314309111624
1440331783631826950,negative,0.007357578366045678
1440331785301213190,neutral,0.5514410120991461
1440331786307850243,negative,0.30725793206365803
1440331788547616772,negative,0.32401660712694225
1440331830272561163,positive,0.9999678265451979
1440331831887364096,neutral,0.5101226214277461
1440331831895736321,negative,0.0021474085060018966
1440331832197664773,negative,0.31120074105097767
1440331832667480071,negative,0.0020495826038098163
1440331833565007892,neutral,0.43217532164425376
1440331834357731333,negative,0.0001520457924073968
1440331834647216141,negative,0.3102329509245808
1440331835813208070,negative,2.5273564209075073e-05
1440331839688695814,negative,0.3017114994810592
1440331842301808656,negative,0.026143193351998707
1440331844126269452,positive,0.9787302402923758
1440331846160580620,negative,0.0006344345183727673
1440331848857448452,negative,2.640884628903695e-07
1440331849050443776,negative,0.16290980274326014
1440331849176256521,negative,0.21912990998937418
1440331849478246411,negative,0.007357578366045678
1440331849738317835,negative,1.569308198416873e-05
1440331855664861188,negative,0.007357578366045678
1440331855761272840,negative,0.010549380836717364
1440331858407948291,negative,0.24417937256456068
1440331860001787905,negative,0.005025691535231157
1440331861029371929,negative,0.2660853591020496
1440331863176798208,negative,0.03907085856039549
1440331865483661321,negative,0.0005460181733179658
1440331866813337604,positive,0.7974619278604246
1440331867912228868,negative,1.2391954971963798e-05
1440331869992542222,negative,0.30725793206365803
1440331871791898627,negative,0.1733198615490139
1440331873180291075,negative,0.014352171088362517
1440331873503170568,negative,0.20548918324682147
1440331874409144333,negative,0.13924083246349173
1440331874987962380,negative,0.007357578366045678
1440331884576198656,negative,0.005025691535231157
1440331886434275339,neutral,0.3589884083564037
1440331886950117378,negative,0.11328161278534599
1440331890506932228,negative,0.22665832700447616
1440331891735875594,negative,0.007357578366045678
1440331893090619397,negative,0.11500151720811623
1440331898635517962,neutral,0.49789225920557484
1440331899432361984,negative,0.006030022652928121
1440331900116094994,neutral,0.4507454498615163
1440331900803948558,negative,0.20547179712270142
1440331901793812480,negative,0.01250068335545965
1440331903190519816,negative,0.00015059077340966623
1440331903781912584,negative,0.008488297703941453
1440331905568690182,negative,0.06617619399968155
1440331906587844616,negative,0.010272778107247988
1440331910345945096,negative,7.545718200606466e-05
1440331912980008965,negative,0.007357578366045678
1440331916108992516,negative,0.006726664260408836
1440331921985183748,negative,0.3243573741993086
1440331922312290310,negative,0.12471372352075354
1440331922861813770,negative,0.014252426700264715
1440331923478364170,negative,0.0010272306823098669
1440331924300460041,negative,0.00458270838349919
1440331926171095041,negative,0.09780714653892288
1440331928964530180,negative,0.19351706926576842
1440331931229442057,negative,0.0007525845930743827
1440331931460128790,negative,0.2438744145778043
1440331932106063884,negative,0.00019047324069511212
1440331933439856651,negative,0.0365943049121622
1440331933897031697,negative,2.0722090108354477e-08
1440331937650905090,negative,0.11154443292387338
1440332033755025412,neutral,0.48628758084791984
1440332034983956481,negative,0.010808214898938961
1440332035113979906,positive,0.7221657641117433
1440332037089468418,negative,0.0029643037190688355
1440332037953441796,negative,0.013909944259844
1440332038620418058,negative,0.2186366811851303
1440332039970967553,negative,0.12932207649755115
1440332040797261828,neutral,0.5101226214277461
1440332047550087171,negative,0.06217039942805601
1440332047801716746,negative,0.00020229791026431368
1440332049055825921,neutral,0.4938013795412572
1440332049835913223,negative,0.07429522210644815
1440332053833154565,negative,0.007357578366045678
1440332055468855307,negative,0.00023413073178186423
1440332055523459082,negative,0.074949149902152
1440332059218644993,negative,0.001949545414846824
1440332061647130633,negative,7.367462506505943e-05
1440332062590861317,negative,0.00018766278157550178
1440332063983296522,negative,0.00037208866355929515
1440332064348196879,negative,0.00018766278157550178
1440332064817963008,negative,0.18609937229944443
1440332066147635205,negative,0.00018766278157550178
1440332068303478787,negative,0.08879956541753184
1440332073625997317,negative,0.0006856747272101972
1440332074683023370,negative,0.007357578366045678
1440332075433807889,negative,0.00026987926722954854
1440332075563819008,negative,0.0006457734107043139
1440332075937136657,negative,1.9782625999503626e-06
1440332076847296521,negative,0.021016460975017904
1440332077199593477,positive,0.9990326620878083
1440332080752193537,negative,0.056666470828735285
1440332084120145933,negative,1.492747648409725e-06
1440332086003437568,negative,0.31732489718339985
1440332086259306507,negative,0.0005199164953661534
1440332086934601740,negative,0.0017317797479545144
1440332087093972995,negative,0.00014043920906699425
1440332087710552071,positive,0.9202548324355474
1440332088851394560,negative,0.0065465728417252594
1440332089958678535,negative,0.2402589395112652
1440332091737055232,negative,0.00012607846386054834
1440332095226716173,negative,8.109986926059768e-10
1440332098192113665,neutral,0.49789225920557484
1440332098573721604,negative,0.3243573741993086
1440332098858979334,negative,0.0778756072364381
1440332099412656137,negative,0.0018774969569700685
1440332100066942981,negative,0.003861644889285569
1440332101266526215,negative,0.2186366811851303
1440332102063439882,negative,0.0005860321746683697
1440332102562504713,negative,0.011628913761847772
1440332107436363783,negative,0.016925038524641625
1440332107457331203,negative,0.001406817761166791
1440332110682738693,negative,0.0004682322692617186
1440332119503355913,negative,0.031527978537682785
1440332120434429970,negative,0.007357578366045678
1440332121529143312,negative,0.029540985590475518
1440332122389028864,negative,0.0016278015647497833
1440332124049985555,neutral,0.5781862449619991
1440332129041145861,negative,7.198085993328562e-05
1440332130270081036,negative,0.0012854400058619922
1440332130945433601,negative,0.007357578366045678
1440332132325335058,negative,9.170653876710046e-05
1440332132845375489,negative,0.009745750715248467
1440332135139667974,negative,0.014352171088362517
1440332137643708424,negative,0.010808214898938961
1440332140256714768,negative,0.26334197038488527
1440332141720526855,negative,0.13924083246349173
1440332141909331983,negative,0.009806117167154035
1440332142987210764,neutral,0.50847224090573
1440332144962793485,negative,0.09749915278724053
1440332145466097665,negative,0.07839569446439199
1440332146275540998,negative,0.0011828668920168108
1440332146539843592,negative,0.0018339668066503724
1440332147257008135,negative,0.0023877606426373752
1440332147668127745,negative,0.005025691535231157
1440332148024627207,negative,0.2186366811851303
1440332150964768778,negative,0.007357578366045678
1440332156199337995,positive,0.7418383245111835
1440332157851893762,positive,0.7397103647880767
1440332159944855561,negative,0.03278387204740231
1440332162276859905,negative,0.008009957837269635
1440332164940255242,negative,0.026155853792199105
1440332171558801419,negative,0.02010437148973572
1440332173542711298,negative,3.3030250725159742e-06
1440332173546909712,negative,6.002930566860505e-07
1440332174243221509,negative,0.004300274682053245
1440332305743024130,negative,0.04956026847406002
1440332309136175110,negative,0.00015059077340966623
1440332309383696385,negative,0.009390431306015141
1440332310734245897,negative,4.1379977837878117e-10
1440332317390561282,negative,0.07429522210644815
1440332317864517638,neutral,0.459331103253386
1440332319684845569,negative,0.23008012669888162
1440332319944962063,negative,0.00013075073865119832
1440332323065516039,negative,0.026143193351998707
1440332323455602697,negative,0.013661966304961807
1440332325372391428,negative,0.055057252092284965
1440332328853590025,negative,0.012044787170883565
1440332328887193602,neutral,0.6168864321292947
1440332330883641348,neutral,0.38496084410115694
1440332332406243329,negative,0.004915668235457034
1440332334729891844,negative,0.03167619814300054
1440332336042704903,neutral,0.41784003577021706
1440332336109797381,negative,0.1318114865786737
1440332336206254086,negative,0.0015477954904480052
1440332336491479050,negative,0.005025691535231157
1440332338215325700,negative,1.492747648409725e-06
1440332339003883526,neutral,0.49789225920557484
1440332340228608019,negative,0.008065730914666959
1440332340853559314,negative,0.050355284407404645
1440332342241808394,negative,0.31732489718339985
1440332344758472706,negative,7.367462506505943e-05
1440332346457157640,negative,0.2970318431609376
1440332346629124110,negative,0.036763927263729734
1440332346754945024,negative,0.32401660712694225
1440332347732226055,negative,0.17010680590107932
1440332348302626823,negative,0.14755898380057386
1440332348852084745,negative,0.24378642492915742
1440332350076821511,negative,4.809997894419226e-07
1440332351968460811,negative,4.184178474732174e-08
1440332353188945934,negative,0.00026987926722954854
1440332355307143169,neutral,0.4842332120275087
1440332356879994880,neutral,0.5618450016397432
1440332357148426245,negative,2.640884628903695e-07
1440332361745399812,negative,0.10850878282428943
1440332362257092610,negative,0.03065710105483091
1440332363607597065,negative,0.2186366811851303
1440332364073222150,negative,0.08383110653330854
1440332364257783819,negative,0.11097744271587728
1440332364664623108,negative,0.029540985590475518
1440332366132629522,negative,0.12471372352075354
1440332366321356810,negative,0.0005753984159923951
1440332366556192777,negative,7.109613993257346e-08
1440332367499956226,negative,0.00414968403399125
1440332368947003395,positive,0.9990938534956721
1440332369886470155,negative,1.5962779130560937e-07
1440332370842816521,negative,0.0017317797479545144
1440332371459334149,negative,0.0036772707646987937
1440332374202486791,negative,0.015240080117386041
1440332376568041473,negative,0.03043029529167447
1440332377490817027,neutral,0.3822906942118739
1440332379806068743,negative,0.31732489718339985
1440332380699459590,negative,3.481731260587715e-08
1440332381039202308,negative,0.004731570354469104
1440332381563457545,negative,0.03375702664905401
1440332382809165826,negative,0.00015059077340966623
1440332383186685957,negative,0.020950115880075598
1440332383236939789,negative,0.25690588677338605
1440332383358574593,negative,0.07839569446439199
1440332383761272839,neutral,0.5101226214277461
1440332383996108800,neutral,0.6549512728167626
1440332392179269634,neutral,0.617200280647013
1440332393152278537,negative,0.12471372352075354
1440332393231962122,negative,0.008065730914666959
1440332393705922567,negative,0.014352171088362517
1440332397313085449,neutral,0.46127768308170247
1440332402727940103,negative,1.569308198416873e-05
1440332404292423687,negative,0.0028600635395439017
1440332406435713029,negative,0.010808214898938961
1440332407941439490,negative,0.006754140808220009
1440332409996656659,negative,0.07839569446439199
1440332414094483465,negative,0.008805940207379659
1440332420759179271,neutral,0.6321527449246213
1440332421518409736,negative,6.580724699801648e-08
1440332421992382467,negative,0.025108817120503255
1440332427310735361,negative,7.367462506505943e-05
1440332430536167424,negative,0.00012485073380793502
1440332431307902984,negative,0.0007587915777760239
1440332432872402951,negative,2.8966928107915588e-06
1440332433123991556,negative,0.07393886478111271
1440332433572839431,negative,0.007357578366045678
1440332435560886275,negative,0.03187037109220387
1440332438224265225,negative,0.04692644161450207
1440332439356772364,negative,0.11500151720811623
1440332441986617349,positive,0.9999569977251235
1440332443274211341,negative,0.15497741625429515
1440332450899456005,negative,4.377571790498106e-06
1440332452984016901,positive,0.9146404842088254
1440332453571297288,negative,0.036763927263729734
1440332454271733772,negative,0.006111591995539385
1440332456691855364,negative,6.416839856287994e-05
1440332460215062545,negative,0.30895589162194187
1440332464124096519,negative,0.1631925605448014
1440332464434475010,negative,0.004961827475410116
1440332469186678786,negative,0.019245891271327836
1440332469417377796,neutral,0.5101226214277461
1440332469853507590,negative,0.1765709549872744
1440332472273625101,negative,0.0026337988781422314
1440332474609897485,negative,0.00011524389991630068
1440332476296019977,negative,0.008065730914666959
1440332479252946944,negative,0.06617619399968155
1440332479940861956,negative,0.06043217299602261
1440332480720949256,negative,2.476608415110168e-11
1440332482721710094,negative,0.07413314211100899
1440332484957278217,negative,0.00043627644897610915
1440332487436079117,negative,0.0010206272506061071
1440332488178421760,negative,0.008732844773577823
1440332489407483904,negative,0.0002913273701134536
1440332489726197760,negative,0.020852571805129873
1440332490770509833,negative,0.0036772707646987937
1440332491101929472,negative,0.07429522210644815
1440332492020469761,negative,0.001059692195544645
1440332493303914496,negative,0.05550832899973001
1440332493748539405,negative,0.07196468298014082
1440332494436397057,negative,0.001059692195544645
1440332496667774978,negative,0.005029500027480029
1440332562388320260,negative,0.13924083246349173
1440332562878980109,negative,0.000333729959841028
1440332568394485760,negative,0.00020229791026431368
1440332573406679048,negative,0.31732489718339985
1440332574799196165,negative,1.4411694216071281e-05
1440332576523108353,negative,0.09845775789279688
1440332577068310532,negative,0.21310768565008353
1440332577986940928,negative,7.0797634371919485e-06
1440332580570603527,negative,0.31966273435090004
1440332583871516686,negative,0.12471372352075354
1440332587180777480,negative,0.00018793789654524226
1440332589747748870,negative,0.00021510079622994946
1440332591849082885,negative,0.005025691535231157
1440332592239104000,negative,0.2186366811851303
1440332592293707781,negative,0.0001222076435329741
1440332593036087300,negative,0.002529031589358403
1440332593044414473,negative,0.2660853591020496
1440332598237040657,negative,0.07839569446439199
1440332601101733896,negative,0.0005753984159923951
1440332601961578500,negative,0.06097153143234633
1440332602158682112,negative,0.005095139236736712
1440332604260028417,negative,0.0012998244710347598
1440332606386495488,negative,0.0025858840169539344
1440332608320131075,negative,0.00854642427208888
1440332609377034248,negative,0.31732489718339985
1440332610664747025,negative,9.341756732953068e-08
1440332618608701445,negative,0.31732489718339985
1440332619904811013,negative,0.010550733394861138
1440332620882079750,negative,1.4981771455596606e-07
1440332622232633346,negative,0.0036772707646987937
1440332622828216333,negative,0.0028600635395439017
1440332623067320323,negative,0.04812540644709704
1440332625873305608,neutral,0.5514410120991461
1440332627014144007,negative,0.000530384083368866
1440332629820117003,negative,0.2186366811851303
1440332633473310730,negative,0.002341017572052794
1440332634568069132,negative,0.0003138696653410206
1440332635318808587,negative,0.20547179712270142
1440332637327921156,negative,0.0005317913590672089
1440332639181803535,negative,0.00012485073380793502
1440332643329974287,negative,0.004483764307709973
1440332645137719297,negative,3.8683103704306585e-05
1440332645322264577,neutral,0.3628750779412413
1440332645334872072,negative,7.367462506505943e-05
1440332651429130247,negative,0.07429522210644815
1440332653597642756,negative,0.0003702698154064985
1440332654566469632,negative,0.11328161278534599
1440332654600089604,negative,1.569308198416873e-05
1440332657506717705,negative,0.0017317797479545144
1440332657661923329,negative,0.005029500027480029
1440332658395938830,negative,0.21570995895359202
1440332661923332106,negative,2.3738397238270267e-06
1440332663194152961,negative,7.109613993257346e-08
1440332664754491410,negative,0.24938200873265073
1440332760183304197,negative,0.0036772707646987937
1440332765023539211,negative,0.0016794685340579614
1440332765078032387,negative,0.13924083246349173
1440332766512443404,negative,0.008009957837269635
1440332767435182092,negative,0.0005753984159923951
1440332769658216455,negative,0.033000249153183094
1440332773189767178,negative,0.036763927263729734
1440332775517659139,negative,0.06617619399968155
1440332777044410371,negative,0.13902212940133013
1440332777581269000,negative,0.07628073905581889
1440332780143976453,negative,0.1318114865786737
1440332781855281160,negative,0.16427597653130074
1440332795847450630,negative,0.08441948816693348
1440332797441294355,negative,0.01801794507274131
1440332800456937496,negative,0.18609937229944443
1440332802197622794,negative,0.00854642427208888
1440332802839363603,negative,0.0023877606426373752
1440332803128758274,negative,0.07839569446439199
1440332804970082319,negative,0.20547179712270142
1440332805611798534,negative,0.027106656470739197
1440332808161939467,negative,0.00021510079622994946
1440332808199675917,negative,0.112269746087518
1440332808375832585,negative,0.012044787170883565
1440332808774295563,negative,0.009188102768670959
1440332809197932549,positive,0.8767392309042314
1440332811550871552,negative,0.001406817761166791
1440332813153148929,negative,0.24759670125138358
1440332813329260556,negative,0.04450317113150756
1440332815099252748,negative,1.7961808975265221e-06
1440332815728459787,negative,0.15960559452264758
1440332817007710210,negative,0.19931901892944706
1440332817863307270,negative,2.4397988175541224e-06
1440332818161172484,positive,0.7131376014802162
1440332818408620033,negative,1.542235254776368e-05
1440332818651877384,negative,0.01654570917709725
1440332818651910144,negative,0.14106864917208103
1440332819213914117,negative,2.5663888834255076e-05
1440332822456066053,neutral,0.5057895380761488
1440332823815065613,negative,0.033000249153183094
1440332825224368130,positive,0.8767392309042314
1440332825576673295,positive,0.7179301637361867
1440332827204079616,negative,0.16427597653130074
1440332827770310657,negative,0.0010432454632465604
1440332829955559436,negative,0.053319083951903726
1440332830735679488,negative,0.005025691535231157
1440332831608111120,negative,1.728014979187611e-05
1440332832052637712,negative,2.662157249810891e-07
1440332833856262154,negative,0.07429522210644815
1440332835668197387,neutral,0.49789225920557484
1440332835705872387,negative,0.0015477954904480052
1440332837740113920,negative,0.005611112990340533
1440332839313043459,negative,0.0323383940935352
1440332839375937546,negative,0.20575728659250037
1440332839656980481,negative,0.0017317797479545144
1440332839937925125,negative,0.06043217299602261
1440332840370012166,negative,0.1819209013405795
1440332841363984386,neutral,0.4842332120275087
1440332843096231953,negative,0.0005513737232889569
1440332843368914958,negative,2.640884628903695e-07
1440332845197651979,negative,0.007357578366045678
1440332845503823883,negative,0.00020746903057740595
1440332845545787392,negative,0.001949545414846824
1440332846942412802,negative,0.1568572101182945
1440332851275128840,negative,4.815635333506531e-06
1440332852885745666,negative,0.011851001402222896
1440332853737230344,negative,0.031604691297338484
1440332855507251202,negative,1.562595909198212e-14
1440332856237060109,negative,0.0015477954904480052
1440332856509681668,negative,4.22892757230343e-05
1440332857663102981,negative,0.08187725349845304
1440332859584122892,negative,0.265490943696957
1440332860662038540,negative,0.08293494278758451
1440332860691410948,negative,0.00013264570621372712
1440332861857415180,negative,0.025108817120503255
1440332862801121282,negative,1.2391954971963798e-05
1440332863027568647,negative,0.02165817499179466
1440332863967137801,negative,0.07420495183902301
1440332865284161550,negative,0.06811704024235708
1440332868228583440,negative,0.3117211992195706
1440332873626632201,negative,0.0003648162136627658
1440332873693757441,negative,4.554377531804375e-06
1440332875459534858,negative,4.203314954751931e-05
1440332876264853513,negative,0.01182285899975097
1440332877309169664,positive,0.9844453983430719
1440332878194249736,negative,0.0054712507909061075
1440332881293762568,negative,0.12471372352075354
1440332882052935682,negative,2.011317221721087e-06
1440332887086166028,negative,0.06043217299602261
1440332888315027473,negative,1.4788619440243018e-06
1440332891905421315,negative,0.0048242142185154656
1440332893964828685,negative,0.012462458561433671
1440332895969693700,negative,1.2455993560426644e-13
1440332896175230987,negative,0.0006287543779531469
1440332897546739725,negative,0.21563717704720792
1440332898951782406,negative,0.14028771428948736
1440332899056713735,negative,1.9782625999503626e-06
1440332900436643843,negative,2.5663888834255076e-05
1440332900474363909,negative,0.00029499070292703306
1440332902802231311,negative,0.045941924476887906
1440332903364239371,negative,0.0017943281973310196
1440332905956347904,negative,7.1421177202516965e-09
1440332906061197314,negative,0.0365943049121622
1440332906199617545,negative,0.0005753984159923951
1440332907030085644,negative,0.265490943696957
1440332907466264592,negative,0.011427731849944316
1440332908162473986,negative,0.11987385854602299
1440332908925837313,negative,0.11500151720811623
1440332910746161156,negative,0.020840765486248542
1440333042552242188,negative,7.367462506505943e-05
1440333042623520775,negative,0.042368157026500035
1440333046406778893,negative,0.1988596354803785
1440333046603927558,negative,0.00018642571524015835
1440333046914301954,negative,0.15960559452264758
1440333053692289030,negative,0.007357578366045678
1440333055328067586,negative,0.060860433682704405
1440333055617474570,negative,0.01036125786042706
1440333061502033932,negative,0.03535284986059824
1440333063339196423,negative,0.0440174061583079
1440333063708282891,negative,0.11989822291040736
1440333063846711301,negative,0.04810612162202492
1440333063909568515,negative,0.0035931760399188113
1440333067269197836,negative,2.3738397238270267e-06
1440333069244715011,negative,0.0028600635395439017
1440333071044149249,negative,5.934429188748753e-10
1440333077373337605,negative,9.881201568048931e-05
1440333078598012930,negative,0.0803724481918003
1440333082117087246,negative,0.0015477954904480052
1440333083660619778,negative,0.0044376574757416945
1440333084046467074,negative,0.00741170067610777
1440333084637884416,negative,0.11154443292387338
1440333087011864579,negative,8.971324629587974e-05
1440333088811192330,negative,0.008836784894960124
1440333089629110272,negative,0.001949545414846824
1440333092187631623,negative,2.5663888834255076e-05
1440333093471088650,negative,4.7105124723697185e-08
1440333095878594569,negative,0.001949545414846824
1440333096713277441,negative,0.0440174061583079
1440333101633138695,negative,0.0009496522589121738
1440333101884850180,negative,0.00016280185277505854
1440333102505594897,negative,0.0002975789521050374
1440333103231242247,neutral,0.6254252995166457
1440333106523697158,negative,0.012121143759112904
1440333110667739136,negative,7.367462506505943e-05
1440333113884741641,negative,0.03535284986059824
1440333114044084230,neutral,0.4815784876925616
1440333117298855943,negative,0.009612110112577434
1440333118234234882,negative,0.09407250255240766
1440333119572250636,negative,2.011927530674161e-10
1440333122080362508,negative,0.0841974662065126
1440333129907015682,negative,0.04810612162202492
1440333130842345472,negative,0.012044787170883565
1440333131421081607,negative,5.492268134787191e-05
1440333140044644352,negative,0.0013150149595395802
1440333141969756165,negative,0.11989822291040736
1440333142624112650,negative,2.829490119344763e-06
1440333146461904901,negative,0.12471372352075354
1440333147061714944,neutral,0.5212084554669985
1440333148018003975,negative,0.06869192626345388
1440333148932345857,negative,0.0440174061583079
1440333149733408782,negative,0.00020229791026431368
1440333151092412416,negative,0.265490943696957
1440333151222435853,negative,0.2544646166886599
1440333151495077888,negative,0.011009801783426231
1440333152879140866,negative,1.4213933945256616e-08
1440333154422689799,neutral,0.413054445286075
1440333155601248259,negative,0.2186366811851303
1440333156784087058,negative,0.1318114865786737
1440333158080126985,negative,0.30468958915460226
1440333158314958849,negative,0.005025691535231157
1440333159288033286,negative,0.036763927263729734
1440333159690690566,negative,0.04956026847406002
1440333160374439939,negative,0.024353670735742
1440333161490104328,negative,0.0013554609635218556
1440333161502699530,negative,0.038102956014416295
1440333163230760965,negative,0.018510839513262448
1440333164673523718,negative,0.00020229791026431368
1440333165453742081,negative,0.0002298396277033423
1440333168691671047,neutral,0.3878975021711837
1440333172542099457,negative,9.988902915009968e-07
1440333172739244050,neutral,0.49387395427640196
1440333174442106882,negative,0.005095139236736712
1440333179303325708,negative,1.2913775036771269e-08
1440333180226052098,positive,0.8618100850275675
1440333180465074187,negative,0.0010272306823098669
1440333180490301455,negative,0.00042854791177509823
1440333182088318977,negative,0.0033141733346566597
1440333184764297224,negative,0.15465331260575516
1440333185972203539,negative,0.23846058706622864
1440333187192786958,negative,0.25344952129053144
1440333187289260033,neutral,0.49789225920557484
1440333193886908418,negative,0.03278387204740231
1440333199637311495,negative,0.010808214898938961
1440333200052535302,neutral,0.46127768308170247
1440333200522235915,negative,0.31732489718339985
1440333200597815304,neutral,0.44477852900138326
1440333201050718208,neutral,0.632507656788816
1440333203449913344,negative,0.0018496665299883985
1440333204066426881,negative,0.07429522210644815
1440333207891677193,negative,0.004169632782867236
1440333209602908166,negative,0.1900999281262374
1440333213348417551,negative,0.001949545414846824
1440333213352673292,negative,0.00456028031611291
1440333291891032077,negative,0.18609937229944443
1440333291958116361,negative,0.001949545414846824
1440333292763451405,negative,0.15443733976365007
1440333293119938560,negative,1.562174473103519e-07
1440333296295047177,negative,0.00017780337961876682
1440333299746963467,negative,0.00010464617369571212
1440333300371836936,neutral,0.5276484589023224
1440333304247422981,neutral,0.4248021417756691
1440333304574578690,negative,1.4788619440243018e-06
1440333305459605511,negative,0.16240593604824913
1440333308391346191,negative,1.7569915918480594e-14
1440333308638818310,negative,0.1274947417312685
1440333314930266134,positive,0.8702958484311825
1440333316838735877,negative,0.0015477954904480052
1440333319216893961,negative,0.016721576458100032
1440333321825767430,negative,0.001949545414846824
1440333325286076419,negative,0.015793459841648684
1440333326561144832,negative,0.02000487771172204
1440333327995531265,negative,2.4443656806556927e-07
1440333332164669446,negative,0.04956026847406002
1440333334765207566,neutral,0.6567552400637309
1440333335574630400,negative,0.07628073905581889
1440333336598044682,positive,0.9844453983430719
1440333338107990043,negative,0.005095139236736712
1440333339727069193,negative,0.01143192638702214
1440333344705638406,negative,0.005025691535231157
1440333347599749123,neutral,0.6567552400637309
1440333349051011081,negative,2.4155614989464497e-06
1440333350917476364,negative,0.014847866078348936
1440333353798930433,negative,0.000300501223589454
1440333355682201606,negative,0.0006527627476679613
1440333357208911888,negative,8.24786023258137e-07
1440333358920179721,neutral,0.5101226214277461
1440333359289298955,negative,0.00020229791026431368
1440333361495490560,negative,0.007783976018254359
1440333361541570563,negative,4.087432202896757e-05
1440333362527232007,negative,0.005095139236736712
1440333366553763847,negative,7.367462506505943e-05
1440333371045912579,negative,0.005306008670025947
1440333373977731078,negative,0.00045645086769902543
1440333374871072781,negative,1.113212276605381e-05
1440333377492504582,negative,7.278578688242675e-05
1440333380827058186,negative,0.21320382008247252
1440333380999024656,negative,0.0020473252157049084
1440333383230316560,negative,0.003839699643021208
1440333383305814021,negative,2.2654283884678372e-07
1440333384887111686,negative,0.0034690012423438396
1440333385411432448,positive,0.8687589482164041
1440333385746894861,negative,0.032910849576420424
1440333387135270918,negative,4.57808637641198e-06
1440333387823149063,negative,0.00020229791026431368
1440333388376784897,negative,0.2471681988319883
1440333388603224082,negative,0.03043029529167447
1440333389756649484,negative,0.0011712282756688776
1440333393699303427,negative,0.0440174061583079
1440333394408136711,negative,0.08963626669314949
1440333397092565000,negative,0.010808214898938961
1440333400582152198,negative,0.010808214898938961
1440333401114824711,negative,0.011838372626660803
1440333401353961482,negative,0.1947486165211348
1440333473890242562,negative,0.017029077454397128
1440333476440330256,negative,0.0440174061583079
1440333477560258563,negative,3.639203687079009e-05
1440333482547318786,negative,0.07429522210644815
1440333482706694156,negative,7.995359426880618e-06
1440333483776221186,negative,0.0020495826038098163
1440333485407830027,negative,0.0019698460854887523
1440333485428731911,negative,0.018764523703993823
1440333487551123464,negative,0.07429522210644815
1440333488134053888,negative,0.026143193351998707
1440333488666775564,negative,0.007754370266440566
1440333491711856650,negative,0.0010272306823098669
1440333494400421900,negative,0.09016866033386009
1440333494568120322,negative,0.0010237152470437237
1440333496346497025,negative,4.706438819417767e-05
1440333496573054978,negative,0.00025949146582259934
1440333497361596427,negative,2.00408624151215e-06
1440333497487396868,negative,0.032457505740043205
1440333497764233216,negative,0.27863109496054767
1440333499475513345,negative,0.012328312191243751
1440333504575729670,negative,0.00015059077340966623
1440333505737543681,negative,0.04922611105734987
1440333510015811586,negative,0.001949545414846824
1440333511118884865,negative,0.10850878282428943
1440333512901488647,neutral,0.3878975021711837
1440333513190899718,negative,0.11371706570834735
1440333513622843398,negative,6.713780814398125e-05
1440333515107622917,negative,0.00015059077340966623
1440333516588261383,negative,0.004961827475410116
1440333517024415753,negative,7.545718200606466e-05
1440333517120884736,negative,0.24248273432513084
1440333517599100935,negative,0.05152787992271353
1440333521021665347,negative,0.10317531609051489
1440333522565169152,negative,0.005524389284713401
1440333525215899658,negative,0.04035873131350595
1440333525765349376,negative,0.10317531609051489
1440333526293827591,neutral,0.3448789537043245
1440333526302281743,negative,0.1235702719113506
1440333529817051143,negative,0.3145388860319578
1440333531327045640,negative,0.0008638410184484994
1440333532476231689,negative,2.5663888834255076e-05
1440333532945997835,negative,0.00810481767292037
1440333537316519940,negative,0.03535284986059824
1440333542953680906,negative,0.06370142448727825
1440333548016189448,negative,0.11752812060441584
1440333549752573958,negative,0.012408836340332508
1440333555326881795,negative,1.5433359093184237e-05
1440333558208348162,negative,0.00015059077340966623
1440333558925578240,negative,0.0003347893290611255
1440333559172976652,negative,0.04956026847406002
1440333559206608908,negative,1.5770122311175444e-06
1440333560364158992,neutral,0.3527877991096203
1440333560825614341,negative,0.32634242480154974
1440333561085587464,negative,0.007357578366045678
1440333561823842318,negative,0.05437714080354634
1440333561895129089,negative,1.728014979187611e-05
1440333566836019201,negative,0.04956026847406002
1440333566898884615,negative,1.8313744123754343e-06
1440333566974447620,negative,0.006128660652159986
1440333572343095299,negative,0.07839569446439199
1440333573840535552,negative,0.0020495826038098163
1440333576331874308,negative,0.11371706570834735
1440333578575876101,negative,0.23919641617637877
1440333581331484674,negative,3.3030250725159742e-06
1440333581688004618,negative,0.00015059077340966623
1440333587883061255,negative,8.466436381514546e-05
1440333588231163918,negative,0.005095139236736712
1440333588407275525,negative,0.2592332720412186
1440333591657861126,negative,0.2592332720412186
1440333592756846607,negative,0.010654362545220205
1440333597655769098,negative,0.0001019239569550026
1440333601581637632,negative,0.06273989282404333
1440333603758501900,negative,0.02767555270867449
1440333606501511168,negative,9.499750251205061e-09
1440333606618951681,negative,0.012044787170883565
1440333606941954050,negative,0.20983409238399414
1440333609890508810,negative,0.0013257312054954188
1440333612864262144,negative,3.514742500497078e-06
1440333613304725510,negative,0.00012485073380793502
1440333617339592712,negative,0.010808214898938961
1440333619369705481,negative,0.0015477954904480052
1440333620187594772,negative,0.1900999281262374
1440333620325982209,negative,0.04128457601691383
1440333620468617226,negative,0.0016375971642275627
1440333623102640131,negative,0.005025691535231157
1440333623329112072,negative,0.003115645802751959
1440333624813883403,negative,0.015793459841648684
1440333626634244100,negative,0.010808214898938961
1440333627154337802,negative,0.026143193351998707
1440333627275964417,negative,0.00011436720307435194
1440333627670220800,neutral,0.542459084793089
1440333629817643013,neutral,0.39919723429629295
1440333631243755523,negative,3.7887492827257205e-05
1440333632397217794,negative,0.22526532685473644
1440333632636211202,negative,0.00023028584600899612
1440333633915539460,negative,0.10317531609051489
1440333638969675789,negative,0.2186366811851303
1440333639837896707,negative,0.000726244588445049
1440333641951838215,negative,0.0065465728417252594
1440333642165743635,negative,0.009416602268465463
1440333642857730063,negative,0.009169270118686502
1440333643289796617,negative,0.0010317575683530817
1440333643352735754,negative,0.02251412474930428
1440333643403071490,negative,0.002238003555191015
1440333650122272775,negative,0.016574985519100298
1440333798722342913,negative,0.012115764237919822
1440333799242436614,negative,1.0731580359211133e-06
1440333801062764551,negative,0.18333428132215154
1440333801188511750,negative,0.18795859623648656
1440333803101122578,negative,0.02165718103756098
1440333803898097668,neutral,0.49789225920557484
1440333805059928074,negative,0.005095139236736712
1440333805202468870,negative,0.005773232357166591
1440333812148289540,negative,0.15960559452264758
1440333813960167425,negative,0.0005816927563691131
1440333813960245256,neutral,0.632507656788816
1440333816128688133,negative,0.005746651822221464
1440333816225091589,negative,0.00045645086769902543
1440333817345048576,negative,0.00012670549480738196
1440333817705684995,negative,0.0395673896771007
1440333818133573637,negative,0.11371706570834735
1440333818456461327,neutral,0.37410201109036517
1440333820289421312,negative,6.783620922808524e-06
1440333823703543823,negative,0.30725793206365803
1440333824215322633,negative,0.06275609732685251
1440333826622775303,negative,1.0731580359211133e-06
1440333827633659913,positive,0.757639926422432
1440333828690567168,positive,0.8235264356252193
1440333829047144458,negative,0.12504369518740155
1440333829651066895,negative,0.002878905257654887
1440333829684662281,negative,0.016335113153736747
1440333829735010308,negative,0.0017695012242129363
1440333830590660619,negative,0.09749915278724053
1440333830959759360,negative,0.30774419587640817
1440333831278514182,positive,0.9618355596241076
1440333831643357187,negative,0.04035873131350595
1440333831693684745,negative,0.0026806865268151773
1440333831878295561,negative,6.934270136207175e-05
1440333833048494087,positive,0.9844453983430719
1440333833455357957,negative,0.05152787992271353
1440333834176720901,negative,3.7819567314670157e-06
1440333834390630405,negative,0.0020495826038098163
1440333835909013506,negative,0.05476449266612094
1440333845795012621,neutral,0.39666977909978585
1440333846352850959,negative,0.011887956254572665
1440333846445117441,negative,3.4376630985828305e-07
1440333847753736201,negative,0.004916808647146731
1440333848470900738,negative,3.532799547925976e-05
1440333851000139778,negative,7.785947917147305e-05
1440333856452710401,negative,0.029540985590475518
1440333859409694727,negative,0.04943960644308927
1440333860537974798,neutral,0.5119303746493573
1440333862173757448,negative,0.0238981798164125
1440333864686084097,negative,0.27863109496054767
1440333865667600399,negative,0.011393224020796873
1440333866376433668,negative,7.98826571131116e-07
1440333866833645572,negative,0.04273430612431565
1440333867097882631,negative,4.361637171978435e-08
1440333868733657091,negative,0.00029499070292703306
1440333870621085711,negative,0.0026806865268151773
1440333873435402251,negative,0.04943960644308927
1440333873485803525,negative,0.0002403805949829063
1440333875251539984,positive,0.8545242658605561
1440333875851370499,negative,0.001131142436955808
1440333879533924354,negative,2.640884628903695e-07
1440333881429794816,negative,0.014393142000891588
1440333883489148944,negative,8.315401881431426e-06
1440333886479749127,neutral,0.3968464607401746
1440333887989682193,negative,2.9809857715107103e-10
1440333888857853966,neutral,0.4005159630977912
1440333891865219079,negative,0.009013919564407993
1440333892645388288,neutral,0.4225432541584164
1440333892741857289,negative,2.6850242231669684e-06
1440333895610765322,negative,0.03043029529167447
1440333896910970892,negative,0.07989531334307194
1440333896986488832,neutral,0.4248021417756691
1440333897359757318,negative,2.932861370277368e-07
1440333900186730510,positive,0.9862287159921275
1440333900719407111,negative,0.04943960644308927
1440333901340151814,negative,0.016574985519100298
1440333901365321733,negative,7.178676355628949e-07
1440333905131757577,negative,0.01905981652535767
1440333906553622531,negative,0.016133927933465953
1440333910089474056,negative,0.09159838109470014
1440333911494512647,negative,0.19907150188082973
1440333915076521987,negative,0.004294943028941619
1440333915869253635,negative,0.0065465728417252594
1440333917437845523,negative,0.027517193856471507
1440333918222241809,negative,0.13924083246349173
1440333920558456844,negative,0.005025691535231157
1440333928351424521,positive,0.7042744470764218
1440333928825376780,negative,0.009176481881869729
1440333928980631562,negative,0.029292996080039043
1440333933510414344,negative,0.03818644981374666
1440333933518802944,negative,0.08603068187329686
1440333933799821320,negative,0.015793459841648684
1440333937704779784,negative,2.1708729508367864e-10
1440334044554612744,negative,0.009416602268465463
1440334045737459723,neutral,0.5993880501623613
1440334045796204558,negative,0.013814185271500327
1440334046450520068,negative,1.9782625999503626e-06
1440334046614016007,neutral,0.5823330593361561
1440334047389962240,negative,0.02767555270867449
1440334049206099968,negative,0.03721191831379348
1440334049952743429,negative,0.036763927263729734
1440334050846130176,neutral,0.3403391890910929
1440334051110359050,negative,0.11989822291040736
1440334054478344197,negative,0.14755898380057386
1440334057133379598,negative,0.06275609732685251
1440334058039365633,negative,0.013814185271500327
1440334058228097029,negative,0.11500151720811623
1440334058496528393,negative,0.007207507241364347
1440334066121777166,negative,3.5276504593516085e-05
1440334066612531206,negative,0.036763927263729734
1440334071377252363,negative,2.5674932646531745e-09
1440334072153186316,negative,0.13924083246349173
1440334074153865217,negative,0.049492737411486874
1440334074984296450,negative,0.03019591199277159
1440334076200701962,negative,7.785947917147305e-05
1440334076242579458,negative,0.013814185271500327
1440334077597421576,negative,0.0026806865268151773
1440334080835391491,negative,0.008732844773577823
1440334085222637582,negative,7.785947917147305e-05
1440334086405451777,negative,0.0017317797479545144
1440334088141885445,negative,0.013814185271500327
1440334090251632640,neutral,0.49789225920557484
1440334090952085505,negative,0.007783976018254359
1440334094244585480,negative,0.00833658231521171
1440334095590912000,negative,0.17010680590107932
1440334097721659397,negative,0.0001584873285048229
1440334097998516234,negative,0.2186366811851303
1440334098472398851,neutral,0.47384692295042546
1440334099139362823,negative,0.0011828668920168108
1440334100980637714,negative,0.0036772707646987937
1440334101194498048,negative,0.009196262842054876
1440334101970493446,negative,0.013814185271500327
1440334103220404239,negative,0.009745750715248467
1440334106487705609,negative,0.01250068335545965
1440334110312964100,negative,0.009196262842054876
1440334113093799952,negative,0.002152622286869021
1440334113341247488,neutral,0.49167303829171866
1440334114024873992,negative,0.013814185271500327
1440334114662457351,negative,0.04662544596429061
1440334115794927620,negative,0.009196262842054876
1440334119284527108,positive,0.9916774182950189
1440334121511706625,negative,0.0005753984159923951
1440334122124136448,negative,0.30854805189380546
1440334123340500999,negative,0.2723565457575452
1440334124737130505,negative,0.013814185271500327
1440334125320204288,negative,0.015127430558916272
1440334129766158348,negative,0.06154436117493987
1440334131787829258,negative,0.07789729651194607
1440334132400193538,negative,0.15960559452264758
1440334132458889219,negative,0.0008266321450661864
1440334133343887373,neutral,0.6567552400637309
1440334136485441545,negative,0.21294515528835994
1440334137273958415,negative,0.14040081766313595
1440334137802444806,negative,7.526931049218043e-05
1440334140302250002,negative,0.00023737147383606717
1440334146790780934,negative,0.0013910047412226307
1440334150079107072,negative,7.785947917147305e-05
1440334150490152967,neutral,0.5212084554669985
1440334151006056457,negative,0.015220377156735581
1440334151706505219,negative,0.00020229791026431368
1440334153099014149,negative,0.00029499070292703306
1440334153816293378,negative,0.00030990646385414095
1440334189472071687,negative,0.016502347389555274
1440334190373851144,negative,0.005025691535231157
1440334190566772738,negative,0.0006327302110888621
1440334191434948614,negative,0.22526532685473644
1440334193213407243,negative,0.0009470651287720265
1440334194278731781,negative,0.05265608636561549
1440334195197300747,negative,0.06617619399968155
1440334195373395976,negative,7.95400979147763e-05
1440334195868377101,negative,0.06043217299602261
1440334198179393545,negative,0.3108453595356801
1440334199689408519,negative,0.0440174061583079
1440334199957835788,negative,0.1733198615490139
1440334202461769748,negative,0.30725793206365803
1440334203900477444,positive,0.9651229843205368
1440334205490118663,negative,0.25690588677338605
1440334206135980038,negative,0.003456125413056637
1440334207062970375,negative,0.09987368674677669
1440334208249982979,negative,0.0011560657285170101
1440334208367415303,neutral,0.5101226214277461
1440334211886448644,negative,0.013626717855271595
1440334214319149062,negative,2.5734295100415727e-05
1440334215124377618,negative,0.004319235201569692
1440334218349871105,negative,0.009196262842054876
1440334218777616400,negative,0.0010272306823098669
1440334221004795907,negative,0.010808214898938961
1440334221877211145,negative,0.000192386578657764
1440334227443122185,negative,2.6270294205277193e-06
1440334230492352516,negative,5.042394112863841e-06
1440334232400764928,negative,0.02767555270867449
1440334234552455187,negative,0.02021034892954008
1440334235563294734,neutral,0.47384692295042546
1440334236901273604,positive,0.9482602055748095
1440334238457360384,negative,0.13924083246349173
1440334241020059650,negative,0.015793459841648684
1440334245373702157,negative,0.009196262842054876
1440334253863018496,negative,0.009196262842054876
1440334254328594432,negative,0.009196262842054876
1440334254882234375,negative,3.707090271224101e-05
1440334255721095170,negative,0.2186366811851303
1440334260032851981,negative,0.001710736547731585
1440334262780055556,negative,0.040514336802024785
1440334262784258056,positive,0.9611390442322439
1440334263283445764,negative,0.0033587396106171475
1440334263828684816,negative,1.7564200519748248e-06
1440334264906620930,negative,8.923828535755566e-05
1440334267951706115,negative,0.0026806865268151773
1440334269407064064,negative,0.13924083246349173
1440334269788819458,neutral,0.5496678701602578
1440334271055466496,negative,0.013992215560128135
1440334271479103500,negative,0.09887259379641167
1440334271483289600,negative,0.08851113295451758
1440334271911104519,negative,0.018764523703993823
1440334277757923329,negative,0.014352171088362517
1440334277946740740,negative,0.0004198291885240233
1440334286742175745,negative,0.06043217299602261
1440334287895547909,neutral,0.5119303746493573
1440334291234222083,negative,0.007357578366045678
1440334291376828416,negative,0.18611134422317652
1440334294472265729,negative,0.0026806865268151773
1440334294476488715,negative,3.0459027766396625e-10
1440334294518419469,negative,0.0010272306823098669
1440334294866534401,negative,0.007357578366045678
1440334295546011652,negative,0.1733198615490139
1440334295747284997,negative,0.20671574821560892
1440334296351326215,negative,0.00012868799855067278
1440334297274015745,negative,0.2127323209383065
1440334297798361095,negative,0.006217360640634127
1440334303506829315,negative,0.2660853591020496
1440334303989174276,negative,5.642098141192802e-08
1440334304001724429,negative,0.22752331566322115
1440334305029283858,negative,0.009196262842054876
1440334308967813127,negative,0.12737612117360828
1440334310372872196,negative,0.1026272055980672
1440334312126042118,negative,0.015793459841648684
1440334314210619397,negative,0.3108453595356801
1440334316819517456,neutral,0.41784003577021706
1440334319315087362,negative,0.015264291213956713
1440334321013850112,negative,0.005025691535231157
1440334322301501441,negative,0.12464350324758232
1440334325078061057,negative,0.0249903612376671
1440334325895950348,negative,0.24479495710097102
1440334327514992654,neutral,0.4802869218793515
1440334328114802698,negative,0.00021510079622994946
1440334328592887809,negative,2.0071072195387886e-06
1440334328970448906,negative,0.0010272306823098669
1440334331193348104,negative,6.560055066699744e-07
1440334331625365504,negative,0.02021034892954008
1440334339762388997,negative,0.031763116999147724
1440334340492181518,negative,0.08646717494552761
1440334340752248833,negative,1.2391954971963798e-05
1440334342627028999,negative,1.9122652156653429e-07
1440334343524683792,negative,0.13924083246349173
1440334344573251592,negative,0.00998194695617701
1440334344933969931,negative,7.785947917147305e-05
1440334345118486530,neutral,0.5938838844452404
1440334345936334855,negative,0.10924946559227036
1440334346993291264,negative,7.4237062976440695e-06
1440334347467321349,negative,0.009196262842054876
1440334350491414540,negative,0.0013257312054954188
1440334351275683841,negative,0.03043029529167447
1440334351422480390,negative,2.5730299910381183e-05
1440334356573130754,positive,0.7401328775334569
1440334358133436418,negative,0.02767555270867449
1440334358263447559,negative,0.049492737411486874
1440334362818478080,negative,0.0026806865268151773
1440334363166580739,negative,0.007357578366045678
1440334364898848781,negative,0.11097744271587728
1440334365423067138,negative,0.03690247241525548
1440334365989359631,negative,0.015793459841648684
1440334367612497926,negative,0.026143193351998707
1440334367977447432,negative,0.0070750831714147654
1440334369663557634,negative,0.026143193351998707
1440334369911042051,neutral,0.44477852900138326
1440334376730955785,negative,1.2391954971963798e-05
1440334377519489032,negative,0.07839569446439199
1440334382141640717,negative,0.08888556964446337
1440334384796557321,negative,1.6002529194384674e-06
1440334386340061191,neutral,0.46127768308170247
1440334386683994128,negative,0.1362976217737496
1440334389750079499,negative,0.026490234372367995
1440334391113183233,neutral,0.4938013795412572
1440334394988720136,negative,0.0184488618856791
1440334395039092740,positive,0.9380998420606763
1440334396175773707,negative,0.08150588394493372
1440334396490334211,positive,0.939503580058176
1440334524416552964,negative,2.386188805664984e-07
1440334525213470725,negative,0.010808214898938961
1440334529219096586,negative,0.2186366811851303
1440334529365905408,negative,0.22526532685473644
1440334529449717774,negative,0.16379512128870902
1440334531408531461,negative,0.22526532685473644
1440334534789107720,negative,0.001949545414846824
1440334535216939017,negative,0.001226484070803676
1440334537305694219,negative,0.22177619321077788
1440334537754431493,negative,0.007357578366045678
1440334543882371077,negative,0.0026806865268151773
1440334545094545408,negative,0.02767555270867449
1440334545681727493,neutral,0.48357347728475064
1440334545744580617,negative,2.5663888834255076e-05
1440334545966944258,negative,0.02767555270867449
1440334549381103620,negative,0.028224499481789973
1440334550962372613,negative,0.07839569446439199
1440334551113355265,neutral,0.37319282394708025
1440334552489103360,negative,0.08443116153614347
1440334552749121549,negative,0.0006393661157401538
1440334553801842694,negative,0.001286603024168555
1440334556070965257,negative,0.04734551864972753
1440334558000386067,neutral,0.35681926898479466
1440334559040585737,negative,0.010808214898938961
1440334559644508188,negative,0.012044787170883565
1440334561133543429,negative,0.025798020456062512
1440334561716563976,negative,0.010808214898938961
1440334561875955719,neutral,0.49167303829171866
1440334562463154181,positive,0.839676463223225
1440334563566186506,positive,0.939503580058176
1440334567378800643,negative,0.060860433682704405
1440334568112885764,neutral,0.4313139402615849
1440334568234491914,negative,0.06275609732685251
1440334569853493248,negative,0.00020229791026431368
1440334570356834308,negative,0.18609937229944443
1440334571174707206,negative,0.005412245245601201
1440334573074714632,negative,6.043088366484665e-08
1440334573972295681,neutral,0.3510195402275857
1440334575197057028,negative,0.0026806865268151773
1440334575570329606,negative,0.02814910204203022
1440334575872327692,neutral,0.5429568159326034
1440334576551792646,negative,0.023165078249054675
1440334580884533253,negative,7.785947917147305e-05
1440334588132265991,negative,0.12693968478489281
1440334591592570880,negative,0.1819209013405795
1440334592846667776,negative,0.029776394854886413
1440334593006080011,negative,0.008065730914666959
1440334593840672774,negative,0.07839569446439199
1440334595937869826,negative,0.15960559452264758
1440334596021768196,negative,0.2186366811851303
1440334600488710149,negative,0.02021034892954008
1440334601054945300,negative,0.0014077634328559998
1440334605479862287,neutral,0.46127768308170247
1440334606058737665,negative,7.824010461665251e-10
1440334606394269700,negative,0.0017003013373048004
1440334606641688588,negative,0.001226484070803676
1440334606914392067,negative,0.0440174061583079
1440334619539218432,negative,1.1691122222404382e-09
1440334620084506644,negative,0.025280899932906564
1440334621376331777,negative,0.004195813040454747
1440334622169059335,negative,0.0018516302417131512
1440334627256688653,negative,0.09715383358670503
1440334627445436426,negative,0.0993052732334684
1440334633401339910,negative,0.11500151720811623
1440334633640415232,negative,0.01058328567006033
1440334634387054600,neutral,0.4373255837432663
1440334635951550479,negative,0.013780409779351195
1440334639101464582,negative,0.005025691535231157
1440334639185338380,negative,0.1363371421293166
1440334639638335500,neutral,0.49167303829171866
1440334639885737992,negative,0.0036145036107236824
1440334640116428802,negative,0.0014853960483945695
1440334640317812738,neutral,0.3988827575730288
1440334644126179334,negative,0.005851856359077301
1440334644726034433,negative,0.036763927263729734
1440334647385223181,negative,0.30725793206365803
1440335126995505171,negative,0.04810612162202492
1440335129436512266,neutral,0.3907326009508949
1440335130350931973,negative,0.026143193351998707
1440335132146089986,negative,0.12179899075858944
1440335132875890709,neutral,0.456536559578588
1440335133584756742,negative,0.003968876938180977
1440335135275057152,negative,2.945609846637841e-14
1440335137636433932,negative,0.004139105973897805
1440335141302259716,negative,0.008439026783280564
1440335142615019527,negative,0.00017738992563559594
1440335144125022217,negative,0.13924083246349173
1440335145026789376,negative,0.06566886696923836
1440335145756618756,negative,0.047254036468488865
1440335147270692864,negative,0.009196262842054876
1440335147618877442,negative,0.004731986588871181
1440335148503887886,negative,0.09675376698075804
1440335150785597444,negative,0.000597069193818008
1440335152983396360,neutral,0.3575544419074218
1440335154598215688,negative,0.07429522210644815
1440335157911691264,negative,0.08014900996298437
1440335159669116936,negative,0.004862825949078351
1440335160692527115,negative,0.004749580327787862
1440335161585926146,negative,0.12932207649755115
1440335172193247238,negative,0.07429522210644815
1440335172486852609,neutral,0.41784003577021706
1440335179130683397,negative,0.30725793206365803
1440335179982131203,negative,0.001949545414846824
1440335180674125846,negative,0.20035045569663942
1440335182263820292,neutral,0.49167303829171866
1440335184830730248,negative,0.00974895314295733
1440335187234095105,negative,3.3030250725159742e-06
1440335188769140739,negative,0.014352171088362517
1440335189142499330,negative,0.04868535836649475
1440335193043136513,negative,0.16427597653130074
1440335193466830862,negative,0.13924083246349173
1440335195614314497,negative,0.12197006027752269
1440335196058906631,negative,0.0031869269989352337
1440335196239196170,negative,0.18795859623648656
1440335200253198349,negative,0.04295636050546059
1440335200349667349,negative,0.01058328567006033
1440335202186772480,negative,0.15834906924945918
1440335202732023814,negative,0.15960559452264758
1440335203419885571,negative,2.4107277480991716e-11
1440335204938223627,negative,0.005879478025059638
1440335205751951361,positive,0.8844876349572268
1440335208377507847,negative,0.04295636050546059
1440335209111580681,negative,0.004568403792813203
1440335209421967363,negative,0.015818863304765816
1440335210898341896,negative,0.00012485073380793502
1440335213599473672,negative,0.265490943696957
1440335213842735108,negative,3.3030250725159742e-06
1440335219144364039,negative,0.10558443190557863
1440335220142587904,neutral,0.46127768308170247
1440335220566204425,positive,0.9999049498436035
1440335222562701312,negative,0.02767555270867449
1440335224848584710,negative,0.009196262842054876
1440335228552114193,negative,0.10304780336995246
1440335230682873867,negative,0.07429522210644815
1440335235992801300,negative,0.000980914164592184
1440335237095985161,negative,0.00020229791026431368
1440335237993533446,negative,0.00046097442554739236
1440335240367542277,negative,2.640884628903695e-07
1440335365915615236,negative,0.03858788744688645
1440335368578949130,neutral,0.5101226214277461
1440335369078120457,negative,3.6335709167253286e-05
1440335370340614152,negative,0.1765709549872744
1440335370407735302,negative,0.04295636050546059
1440335374539100171,negative,0.013895821383482464
1440335375885475849,neutral,0.456536559578588
1440335375919030276,negative,0.01326496745553032
1440335377336700928,negative,0.21294515528835994
1440335378049732609,negative,0.00046097442554739236
1440335380830556162,negative,4.847412208403572e-09
1440335390779473920,negative,0.04295636050546059
1440335391412809729,negative,0.23110630425035575
1440335394348822534,negative,2.4526528693263053e-14
1440335397091876873,negative,0.02123036163884857
1440335397511319566,negative,0.005203868262172934
1440335399230918667,neutral,0.3453410035325469
1440335400384352263,negative,0.060860433682704405
1440335401923670024,negative,0.06493573017200877
1440335402179579905,negative,0.12784503815548806
1440335403060322319,negative,0.12737612117360828
1440335403702095882,negative,3.832174884367132e-06
1440335404138307596,negative,0.0035445659464689206
1440335404897501196,positive,0.6858185610304982
1440335409444122639,negative,0.0005680486562598732
1440335410098409475,negative,0.0007505447027823494
1440335410723364867,negative,0.12358602181410379
1440335410740166658,negative,0.0065465728417252594
1440335411205705739,negative,0.046852447897323256
1440335411591610368,neutral,0.4554342527617061
1440335413667778572,neutral,0.632507656788816
1440335416469512205,negative,2.1744620683209096e-06
1440335416712859653,negative,0.0013257312054954188
1440335418344411154,negative,1.728014979187611e-05
1440335421020381191,negative,0.00010354722966652385
1440335423608279047,negative,0.0003173252429872058
1440335424073859073,negative,6.4878688982244415e-06
1440335424447156231,negative,0.007357578366045678
1440335429648076814,positive,0.781226162429989
1440335430520430606,negative,0.0134995419515667
1440335430797328397,positive,0.8896499235289044
1440335432676360205,negative,0.0002403805949829063
1440335433670352897,negative,3.404286933231145e-10
1440335433884258306,negative,0.0002298396277033423
1440335433980776452,negative,0.0004937486686738486
1440335434526060558,negative,0.1988596354803785
1440335441081749506,negative,0.0050647240511596525
1440335443711586307,negative,7.54379990676573e-07
1440335445821308942,negative,0.002419484900749859
1440335445980635138,negative,0.005025691535231157
1440335446249140232,negative,0.0010388793679587417
1440335447641649157,negative,0.2144820230131931
1440335449906561033,negative,0.007357578366045678
1440335450556682242,positive,0.8595496798181257
1440335451475218432,negative,0.007139259314579273
1440335452163100679,negative,2.5663888834255076e-05
1440335455354966023,negative,0.04295636050546059
1440335460404846593,negative,0.0004959550417582437
1440335461969391641,positive,0.9844453983430719
1440335463068299265,negative,0.006727824747339695
1440335466818015234,negative,0.026143193351998707
1440335468663492608,negative,3.514742500497078e-06
1440335470668365836,negative,0.008811866142749985
1440335471008124941,negative,0.10305679978169115
1440335476578127888,neutral,0.3422455067993378
1440335476703916045,negative,3.662073820742749e-06
1440335482391437327,negative,0.0035493113433154233
1440335486254387205,negative,0.005025691535231157
1440335486296285198,negative,0.04810612162202492
1440335486707388424,negative,0.012044787170883565
1440335488724856842,positive,0.9798770658418743
1440335489240690695,negative,0.02767555270867449
1440335493636374535,negative,0.30725793206365803
1440335495012053005,negative,0.07429522210644815
1440335496320745488,negative,0.2726115553711414
1440335498812166153,negative,0.04295636050546059
1440335499407757319,negative,0.04295636050546059
1440335500531802112,negative,0.0238981798164125
1440335502939287569,negative,0.07429522210644815
1440335506248650765,negative,0.06043217299602261
1440335506412212232,negative,0.12504369518740155
1440335507653758987,negative,0.15960559452264758
1440335510983954432,negative,3.798903495713099e-05
1440335511428550665,negative,0.0002975789521050374
1440335512204578828,negative,0.3117211992195706
1440335516281442304,negative,1.382514852281507e-08
1440335516860174340,negative,0.11018837518688619
1440335517497708547,neutral,0.5372142820006022
1440335518047223819,negative,0.0057456516660707585
1440335519683018758,negative,2.932861370277368e-07
1440335519955652613,negative,0.03043029529167447
1440335522409299981,negative,0.01250068335545965
1440335524338700295,negative,0.0013574605623611889
1440335529191501829,negative,0.009196262842054876
1440335531590647820,negative,0.0006287543779531469
1440335533826183168,negative,0.004294943028941619
1440335536233672717,negative,0.030385284313067727
1440335536779001861,negative,0.026143193351998707
1440335539069087745,negative,0.030385284313067727
1440335539320676359,neutral,0.5101226214277461
1440335544421023756,negative,0.005661373164508467
1440335545419268103,negative,0.032910849576420424
1440335545930973204,negative,0.2575855655934476
1440335550125264905,negative,0.1661566806753416
1440335554755719182,negative,0.04295636050546059
1440335558413144067,negative,0.04662544596429061
1440335562297118727,negative,0.008811866142749985
1440335563165290500,negative,0.2378293090530323
1440335563165364234,neutral,0.49789225920557484
1440335567225458693,negative,0.02010437148973572
1440335570010456068,negative,0.009196262842054876
1440335570685681683,negative,3.4479880813454846e-07
1440335571667222534,negative,0.15960559452264758
1440335572220874765,negative,0.265490943696957
1440335572896079876,positive,0.9380998420606763
1440335574427000836,negative,0.003222538965588384
1440335574829703171,negative,5.6161479623850144e-05
1440335575442067456,negative,0.16765297940892948
1440335575601475591,negative,0.23224339627818613
1440335576746508299,neutral,0.49167303829171866
1440335577983770630,negative,0.009196262842054876
1440335581448335361,negative,2.3738397238270267e-06
1440335581620293635,negative,0.040629000387992685
1440335581808979971,negative,0.18124548646846464
1440335582085804033,negative,1.9782625999503626e-06
1440335583566438410,negative,6.080809332122382e-10
1440335585181200389,negative,0.19351706926576842
1440335588029198339,negative,1.092315559639846e-06
1440335590398967810,negative,0.00014881163223939
1440335593901203473,negative,0.0852335052538723
1440335594136109067,negative,0.03535284986059824
1440335594744258572,negative,0.026143193351998707
1440335595734122501,negative,0.02767555270867449
1440335597256658945,negative,0.012756786621736982
1440335615027867651,negative,2.6692581129880414e-05
1440335618777620490,neutral,0.456536559578588
1440335620207906824,negative,0.012044787170883565
1440335620493119488,negative,4.7090761542665285e-05
1440335622502191111,negative,0.0010272306823098669
1440335625673064466,negative,0.009196262842054876
1440335625899560962,negative,0.30725793206365803
1440335629594726404,negative,0.00014665878251601743
1440335630173569031,negative,0.015730005286154595
1440335631985508358,negative,0.011200475872795972
1440335632245477385,negative,0.05759627212984628
1440335632736288773,negative,0.22332828878026903
1440335635890401286,negative,0.030385284313067727
1440335638235021326,negative,0.02331622488867311
1440335640139206659,negative,0.0008473319294528873
1440335644480339981,negative,0.265490943696957
1440335646728470536,negative,0.004037075810812802
1440335648964038659,negative,0.0008266321450661864
1440335649886773253,positive,0.8844876349572268
1440335649920327685,negative,0.2008260979876187
1440335652470419459,negative,0.009196262842054876
1440335653934305285,neutral,0.5101226214277461
1440335654060126210,negative,0.09159838109470014
1440335655041601543,negative,0.0007208358867623216
1440335655377063943,negative,0.012007858256741506
1440335656899678209,negative,7.144800840960716e-05
1440335660167012355,positive,0.952758958114467
1440335661022662662,negative,0.05234931941095223
1440335663916740626,negative,0.0003154284687910076
1440335664403283978,negative,0.026143193351998707
1440335666013892616,negative,0.009196262842054876
1440335668199124999,negative,0.0005338882243851446
1440335670870872064,negative,3.0145020853274413e-07
1440335672716390413,negative,0.02767555270867449
1440335679272062981,negative,0.00029499070292703306
1440335681444745225,negative,0.0018339668066503724
1440335684481392641,negative,1.2391954971963798e-05
1440335686012321800,negative,0.0015477954904480052
1440335686121361420,negative,0.04197198344110675
1440335687455100933,positive,0.6814114627706096
1440335688772194306,negative,0.0013257312054954188
1440335690454032395,negative,0.003729083132359054
1440335692286992385,negative,0.22526532685473644
1440335694329565198,negative,0.004230433511112411
1440335696095420423,negative,0.005746651822221464
1440335700767903745,negative,4.513417559877625e-10
1440335702923702279,negative,0.23793427518356636
1440335704395960330,negative,0.015468010265666429
1440335707025731586,negative,0.026143193351998707
1440335708112101378,negative,0.12471372352075354
1440335712063135764,negative,0.12986483931582823
1440335712507731983,negative,0.04810612162202492
1440335717343719435,negative,0.009196262842054876
1440335719726084102,negative,0.0004937486686738486
1440335720510410762,negative,0.12504369518740155
1440335721680629774,negative,0.05152787992271353
1440335725002575881,negative,0.00028175188045943925
1440335726038552587,negative,0.04596550546307193
1440335727972085782,negative,0.009196262842054876
1440335728106377232,negative,0.016580274129454
1440335728139853842,negative,0.03535284986059824
1440335838525607953,negative,0.16493242895511598
1440335838945038347,negative,0.04295636050546059
1440335839553155073,negative,0.03704862138185481
1440335840073302024,negative,0.032127260966287555
1440335841113436170,negative,0.0001896733105800339
1440335841146990608,negative,0.0008842141784241944
1440335842120110080,negative,0.024486036920565453
1440335842279522310,negative,0.00974895314295733
1440335844464726019,negative,0.0002037010401939429
1440335845416787969,neutral,0.5618450016397432
1440335847216201735,positive,0.9844453983430719
1440335848650592268,negative,0.0026806865268151773
1440335848877166604,negative,7.998068352002188e-05
1440335849736982537,negative,0.17959209253746744
1440335853138501632,negative,0.010115462277992794
1440335860092653571,negative,0.026143193351998707
1440335860835045380,negative,0.009196262842054876
1440335864068927510,negative,0.00015059077340966623
1440335880149815304,negative,0.007357578366045678
1440335881588523019,negative,0.0008113245461514941
1440335882104360963,negative,0.00015059077340966623
1440335882456764427,negative,0.252688647894693
1440335884759363606,negative,0.007357578366045678
1440335885141102599,negative,0.002906323502406819
1440335887930253315,neutral,0.5130605840822943
1440335888580366336,negative,0.0008920542102508926
1440335888593014791,negative,3.0552515306200747e-12
1440335891814256641,negative,0.04798070162931575
1440335893521260553,negative,0.04295636050546059
1440335895391989766,negative,0.014352171088362517
1440335895941373968,negative,0.26604905522986083
1440335896155279379,negative,1.6023477378459574e-13
1440335896285384712,negative,0.010714711049773723
1440335897929551873,negative,0.012044787170883565
1440335898084732942,negative,0.1733198615490139
1440335907060535306,negative,0.001949545414846824
1440335908880859141,negative,0.014397420907477743
1440335910814433286,negative,0.10985501923598424
1440335910948642816,negative,0.27561042331053015
1440335911875596292,positive,0.9455246011744152
1440335913658191887,negative,0.15960559452264758
1440335915331690499,negative,0.265490943696957
1440335917059751937,negative,0.025093244851368036
1440335922009042945,neutral,0.3430862365076231
1440335926215929872,negative,0.009196262842054876
1440335926320717827,positive,0.795028039732667
1440335927109320715,neutral,0.49789225920557484
1440335927163842570,neutral,0.5823330593361561
1440335928644423689,negative,0.04105871926773695
1440335929520975872,negative,0.04295636050546059
1440335933123948544,positive,0.9844453983430719
1440335933212037130,negative,0.007516481420951474
1440335936118611972,negative,0.004813825776178883
1440335936466817028,negative,0.03529486543286336
1440335936785580045,neutral,0.5323398011741222
1440335936965910535,negative,0.01007898618240818
1440335942187831297,negative,0.0009496522589121738
1440335944633098248,negative,0.049492737411486874
1440335945912307717,negative,0.20548918324682147
1440335947220996108,negative,1.8313744123754343e-06
1440335947820724232,negative,0.28751514119763977
1440335955202699271,negative,0.012462458561433671
1440335955269877772,negative,0.03226664880051129
1440335959761948673,negative,0.02767555270867449
1440335960927997965,negative,0.023165078249054675
1440335961699741699,negative,0.00026664246755079337
1440335962454691848,negative,1.7804591821071575e-05
1440335968624545802,negative,0.20537803521652373
1440335969035571205,negative,0.008811866142749985
1440335969488572429,negative,5.401227040875807e-07
1440336095493836811,negative,4.42916022963143e-06
1440336098400501776,neutral,0.6212922596067524
1440336101063888901,negative,1.5919339853625407e-05
1440336102578016264,negative,0.0005027232416960205
1440336105576886276,neutral,0.49789225920557484
1440336105673420810,negative,0.0516493109527397
1440336107023978501,negative,0.0516493109527397
1440336110404603913,negative,0.005025691535231157
1440336111633502219,neutral,0.5823330593361561
1440336114330443791,negative,0.0013257312054954188
1440336116360495119,negative,0.0023388840060194743
1440336120730898443,negative,0.009196262842054876
1440336121452322817,negative,0.0003206681191837101
1440336123042025472,negative,0.1805674632900489
1440336124673593347,neutral,0.6212922596067524
1440336125667655685,negative,0.03535284986059824
1440336126057725967,neutral,0.47763211229504154
1440336126745538573,negative,0.00012485073380793502
1440336128943423495,negative,0.004961827475410116
1440336131015405593,negative,7.367462506505943e-05
1440336132210761729,neutral,0.49789225920557484
1440336137608851467,neutral,0.6138088919071988
1440336138707738630,negative,0.043468734763161807
1440336140251267080,negative,0.20547179712270142
1440336140943298569,negative,0.060288265334080986
1440336143078158360,negative,0.012044787170883565
1440336143308918784,negative,0.0450885397343542
1440336147037650954,negative,0.014352171088362517
1440336147884822528,negative,0.00365810711818221
1440336150007218184,negative,0.009929094595839592
1440336151689109511,negative,0.04956026847406002
1440336153731743765,negative,0.0025858840169539344
1440336155736563725,negative,0.18609937229944443
1440336156218908674,negative,0.004961827475410116
1440336161419841538,negative,0.2186366811851303
1440336162095132691,negative,2.0162264088116258e-05
1440336162233589765,negative,7.785947917147305e-05
1440336163030528006,negative,0.30725793206365803
1440336165169610755,negative,0.1819209013405795
1440336168923451398,negative,0.02021034892954008
1440336169091289089,negative,0.03636312072464113
1440336169649147906,negative,0.31732489718339985
1440336169728811023,negative,0.00020229791026431368
1440336170123096072,negative,5.7866229121139e-11
1440336171519791117,negative,0.011176170622398738
1440336173382070278,negative,0.010808214898938961
1440336173939892226,negative,5.421042565147511e-06
1440336175802183687,negative,0.00023028584600899612
1440336177119129622,negative,0.02928901600910365
1440336177844785152,negative,0.01250068335545965
1440336178020896778,negative,0.11154443292387338
1440336181502251014,negative,0.00015059077340966623
1440336186363375617,negative,0.006633465738365901
1440336187265142787,negative,0.0021699596355999403
1440336190477987852,negative,0.02123036163884857
1440336190926819333,negative,0.0037496564002654086
1440336194777202690,negative,0.2726115553711414
1440336198627594241,negative,0.07393886478111271
1440336199160270860,negative,0.03535284986059824
1440336200888246277,negative,0.011826806709669914
1440336201735573512,negative,0.0003864131937512732
1440336204755390466,negative,0.0018638329498820091
1440336205086744592,negative,0.1733198615490139
1440336210862358528,positive,0.699951765352538
1440336212540100608,negative,0.001730111082956998
1440336215769636865,negative,0.0013257312054954188
1440336221381619712,negative,0.15960559452264758
1440336222828720145,negative,0.001226484070803676
1440336222849699848,negative,0.001059692195544645
1440336226968473608,negative,0.004961827475410116
1440336227056553990,negative,0.07839569446439199
1440336227509555213,negative,2.0358739046123354e-06
1440336228507734033,negative,0.11028753956108292
1440336229132689422,negative,0.25369172823153924
1440336230412013576,negative,0.13628770277709085
1440336230592311309,negative,1.6532714967986086e-06
1440336232471412741,negative,0.107174771638965
1440336233951944721,negative,0.025329202883574358
1440336234828550153,negative,0.001059692195544645
1440336236434972677,negative,0.08432610498105446
1440336237835931655,negative,0.0015477954904480052
1440336238460899338,negative,0.010793091180203229
1440336239169703940,negative,0.026143193351998707
1440336239526244363,negative,7.367462506505943e-05
1440336244022542344,negative,0.18459858958932926
1440336249420587010,negative,0.06043217299602261
1440336253677805569,negative,0.012044787170883565
1440336256995528704,negative,1.355764049778947e-05
1440336257125474321,positive,0.9939999390457693
1440336257217794063,negative,0.17010680590107932
1440336260497739790,negative,5.39640759355921e-07
1440336264344084480,negative,0.05664256199663207
1440336264469917697,negative,0.15899029365225717
1440336265048571909,neutral,0.5618450016397432
1440336267879727110,negative,3.419445846370015e-07
1440336268819189766,negative,0.013550182471781354
1440336270769614856,negative,0.0024742466832290066
1440336271163813890,negative,0.005746651822221464
1440336271709118468,negative,0.00015059077340966623
1440336272204058634,negative,0.009196262842054876
1440336273525202961,neutral,0.5057895380761488
1440336274783543307,negative,0.12527403924766586
1440336276528369679,negative,0.00015941535658892648
1440336279502147584,negative,0.09851312650338026
1440336279925768202,negative,0.00015487096144124054
1440336280173244419,neutral,0.4053887366365264
1440336283969064960,negative,0.0006287543779531469
1440336284497559561,negative,0.001949545414846824
1440336284501753856,negative,0.0010272306823098669
1440336284766007306,negative,0.00040041335980588557
1440336284929564679,negative,0.004011247975262121
1440336284958879753,negative,6.183941930721702e-08
1440336286896721936,negative,0.14327991810689328
1440336288981291010,neutral,0.46127768308170247
1440336292106047500,negative,3.5844363117099206e-05
1440336292135391241,negative,0.01869897970765125
1440336293020377093,neutral,0.44477852900138326
1440336295335645192,positive,0.9019784793392598
1440336295922864139,negative,0.009196262842054876
1440336296816246793,negative,0.03435632868092083
1440336298179383296,neutral,0.46047170400058524
1440336299223748616,negative,0.21942447357359599
1440336301392158720,negative,8.716050559329238e-06
1440336303946567688,negative,0.00020229791026431368
1440336305502625795,negative,0.0003702698154064985
1440336307926958093,negative,4.4688447558749174e-09
1440336310556782603,negative,0.00017738992563559594
1440336314235191306,negative,0.009929094595839592
1440336314960789511,negative,0.016580274129454
1440336316256845839,negative,0.23224339627818613
1440336316382658562,negative,0.07746472407813226
1440336318781792257,negative,3.869665655761934e-05
1440336319444443145,negative,0.04295636050546059
1440336320274989068,negative,0.02908443911676317
1440336321453576196,negative,0.00019958379054630358
1440336360867389451,negative,0.0002298396277033423
1440336364008923136,negative,0.040576113935309646
1440336366315859981,negative,0.15960559452264758
1440336368685621252,negative,3.2137897011033234e-10
1440336369998462981,negative,0.07429522210644815
1440336370011033601,negative,0.2186366811851303
1440336370505957386,negative,2.2988841335811028e-06
1440336371466395657,positive,0.915547858328196
1440336373601353732,negative,0.050695552629497855
1440336374708592665,negative,0.2186366811851303
1440336378181521411,negative,0.06595789823423918
1440336378647044106,negative,1.0628769336311075e-07
1440336378944913421,negative,4.671257824989624e-05
1440336381117546504,negative,0.17010680590107932
1440336381587255305,negative,0.023541049669967107
1440336382593884170,negative,0.0013081106755207098
1440336387782311940,negative,0.02767555270867449
1440336388168187909,negative,0.2970318431609376
1440336389418016780,negative,8.173363187993432e-07
1440336389460004879,negative,0.0011872175990550893
1440336390810603534,negative,0.010933351897462227
1440336394446991367,neutral,0.456536559578588
1440336394690301958,negative,0.001361149395652324
1440336395340435473,negative,0.04709723640082067
1440336396196085765,negative,7.444574371888087e-10
1440336397366267904,negative,4.819100981794467e-09
1440336398460993540,negative,0.04970968160804792
1440336398997884929,neutral,0.4248021417756691
1440336400025456650,negative,0.016574985519100298
1440336400541368333,negative,0.026143193351998707
1440336400683986945,negative,0.2186366811851303
1440336400725921801,negative,4.2934540643646333e-08
1440336401493467147,negative,0.000192386578657764
1440336401753538566,negative,0.16427597653130074
1440336403687096320,negative,1.8739156356483563e-06
1440336403942887435,neutral,0.38355829007163905
1440336404530151438,negative,0.1595307110896395
1440336411303964676,negative,0.0014284075677919346
1440336415951257608,negative,0.18957553171387997
1440336417553469451,negative,0.0004937486686738486
1440336418153238541,negative,4.4961135586955514e-05
1440336418199400452,negative,0.00012485073380793502
1440336418815971332,negative,0.0011828668920168108
1440336419235401735,negative,0.09159838109470014
1440336419830972419,negative,0.2978897011928917
1440336421156388866,negative,0.005025691535231157
1440336421512892424,negative,0.008065730914666959
1440336423123492872,negative,0.00015059077340966623
1440336423719079944,negative,0.008731851740826118
1440336423844941825,negative,5.39640759355921e-07
1440336428664115204,negative,0.00015059077340966623
1440336430123786257,negative,0.012007858256741506
1440336431935725579,negative,0.0495308517219939
1440336436809519104,neutral,0.459621803683034
1440336438063632393,negative,0.003968876938180977
1440336438592040963,negative,0.029735588008087576
1440336442073370630,negative,0.11500151720811623
1440336443784630274,negative,0.030401341141276596
1440336444103356420,negative,6.1148833470499465e-06
1440336444447330304,negative,2.640884628903695e-07
1440336450646544391,negative,1.3970575690860362e-06
1440336451430850565,negative,0.0003540186330873344
1440336451464413196,negative,0.04295636050546059
1440336452957601802,negative,0.22526532685473644
1440336453242818562,negative,0.005025691535231157
1440336453695774726,negative,0.0005993043825382761
1440336454740156431,negative,0.0020495826038098163
1440336456480804873,negative,0.010230826956617837
1440336457214820356,negative,0.0020495826038098163
1440336459391668229,negative,0.04295636050546059
1440336459995570185,negative,0.036402563063229865
1440336460809322535,negative,0.009196262842054876
1440336462206046213,negative,0.026143193351998707
1440336462214434818,negative,0.04810612162202492
1440336462466088961,negative,0.00011780755120234094
1440336462872858626,negative,0.12358602181410379
1440336560872845312,neutral,0.37410201109036517
1440336561061515265,negative,0.0035087087683013567
1440336561137090560,negative,0.07842435912867445
1440336561959161859,negative,0.004037075810812802
1440336562567348230,neutral,0.4938013795412572
1440336562772873233,neutral,0.611496537928612
1440336563150356486,negative,0.07429522210644815
1440336563703988230,negative,0.0011804578992014366
1440336564509306883,negative,0.265490943696957
1440336565302005765,neutral,0.5455606492821902
1440336565637582855,negative,0.18961951876783745
1440336570813325326,negative,7.545718200606466e-05
1440336572109320192,negative,0.02767555270867449
1440336575921983496,negative,6.579242537569963e-05
1440336580992901131,negative,0.022510879944057725
1440336581382926339,neutral,0.39919723429629295
1440336585925431313,negative,0.24559335856522774
1440336587938623498,neutral,0.5057895380761488
1440336589989703680,negative,0.30725793206365803
1440336592422330372,neutral,0.41784003577021706
1440336600219545608,negative,7.0797634371919485e-06
1440336602832596996,negative,0.059203023319111876
1440336603692425239,negative,0.02021034892954008
1440336604279623686,negative,0.0066338761463298574
1440336606192275461,negative,0.04301932444387587
1440336613268078596,negative,0.30725793206365803
1440336615746899969,negative,1.4063389011333175e-05
1440336618620014593,negative,0.00020229791026431368
1440336623078576132,negative,0.032910849576420424
1440336623997108230,negative,0.0008171691675625159
1440336625687359498,neutral,0.5057895380761488
1440336626601783297,negative,0.008802521980122826
1440336627742564354,negative,0.004000206941969006
1440336627952349193,negative,0.0002298396277033423
1440336632159223823,negative,0.015005370503046874
1440336635426607118,negative,0.07429522210644815
1440336637326618633,neutral,0.4630408745453183
1440336640086446088,neutral,0.46127768308170247
1440336642661699584,negative,0.3108453595356801
1440336643362222086,negative,0.0004937486686738486
1440336643961999370,negative,0.029037254663897248
1440336645119610887,neutral,0.5057895380761488
1440336645450989582,neutral,0.3499352441185855
1440336645933256711,negative,0.17969217688736783
1440336646138851328,positive,0.8650912820922088
1440336646973493253,negative,0.1765709549872744
1440336648533807116,negative,0.010808214898938961
1440336654238044161,negative,4.5118615473883736e-05
1440336656427454464,negative,0.02928901600910365
1440336658226839552,neutral,0.5746669230640745
1440336660038778896,negative,0.044210264092835405
1440336660357545996,negative,0.1738345848700204
1440336660881805314,negative,0.013786031790907363
1440336662626639883,negative,0.09041324769286414
1440336662953803780,negative,0.0001305590612537848
1440336663868100618,negative,0.02767555270867449
1440336664472080385,negative,0.015220731711957763
1440336665084522508,negative,0.06275609732685251
1440336666716110856,negative,2.263163092625911e-08
1440336668603551747,negative,0.00015059077340966623
1440336670000226305,negative,0.2008260979876187
1440336672269365256,negative,0.0001584873285048229
1440336675339530257,positive,0.8349890082883338
1440336677503782919,negative,0.00938850751889868
1440336678720180243,negative,0.04295636050546059
1440336679630376962,negative,0.02767555270867449
1440336680586604546,positive,0.9996314796752352
1440336680708313090,negative,0.015793459841648684
1440336681786220555,negative,0.22526532685473644
1440336684906795021,negative,0.10850878282428943
1440336686047641606,negative,0.0036502875651534495
1440336686240595968,negative,0.04608726440046335
1440336691223433223,negative,1.569308198416873e-05
1440336692058021898,negative,0.00195878142781671
1440336694146863109,negative,0.17829993932219335
1440336694234943488,negative,0.13930077271856872
1440336697980424193,neutral,0.38473649132210974
1440336698278219788,negative,0.1849852138604894
1440336698760523776,negative,0.03165878740827469
1440336699192594433,negative,0.1595307110896395
1440336699804946436,negative,2.3738397238270267e-06
1440336701482696719,negative,0.001703900714408458
1440336836660920329,negative,0.0002145293397056912
1440336838347001857,negative,0.0015477954904480052
1440336840838373377,negative,1.5919339853625407e-05
1440336843967385609,negative,0.0026287915325206293
1440336844793675779,negative,0.11033803891736205
1440336852389543943,negative,0.02767555270867449
1440336853022883841,negative,0.03493717180836953
1440336854004289536,negative,0.041827247887190985
1440336854113415174,negative,0.06371124649275697
1440336856260825092,positive,0.7774233613989231
1440336857678553096,negative,0.11328161278534599
1440336859066892296,negative,0.09601720837670644
1440336864267751426,neutral,0.5057895380761488
1440336868344692739,negative,0.08973218509375014
1440336868537561090,neutral,0.49167303829171866
1440336870194364425,neutral,0.5057895380761488
1440336871779815429,negative,0.025108817120503255
1440336872421543942,negative,0.001406817761166791
1440336873503662084,negative,6.694073853564401e-05
1440336875063939077,negative,0.07804048781972601
1440336876318040075,negative,0.024601267775744576
1440336878029336576,negative,2.699469962701892e-06
1440336878377394180,negative,0.002325884720292151
1440336878738100226,neutral,0.5057895380761488
1440336880256520193,negative,0.13924083246349173
1440336881221181442,negative,0.018015652528149215
1440336882802446336,negative,0.07429522210644815
1440336882831790095,negative,0.3060226393404731
1440336883884593157,negative,0.02767555270867449
1440336884022997001,negative,0.011200475872795972
1440336891555901450,neutral,0.357795274224329
1440336891929260042,positive,0.954267856653197
1440336893711847430,negative,0.004731986588871181
1440336894529663001,neutral,0.5101226214277461
1440336896442322952,negative,0.036402563063229865
1440336896689786883,negative,0.22951951748721627
1440336897847402505,negative,3.1147891974796106e-05
1440336898312921090,negative,0.0017542299989846022
1440336899017613312,negative,0.007139259314579273
1440336899042803715,negative,0.02148609276520006
1440336899139272727,negative,0.04367428203049919
1440336901861298176,negative,0.0003702698154064985
1440336902092066817,neutral,0.3527352077605395
1440336905007079430,negative,0.026143193351998707
1440336905011224584,neutral,0.459621803683034
1440336905422344200,negative,0.029776394854886413
1440336910413561856,negative,0.1076463303664931
1440336910832975873,negative,0.009680457002108756
1440336912191922187,negative,0.009116032322736127
1440336913592770574,negative,0.03535284986059824
1440336914175827980,negative,0.001949545414846824
1440336918433042450,negative,0.00043627644897610915
1440336918978318343,neutral,0.5057895380761488
1440336918995111943,neutral,0.39439463283712184
1440336919833956358,negative,0.0013116026263711993
1440336923914948616,negative,0.00015688779740726837
1440336926804889603,negative,7.063412490934016e-06
1440336927534632967,negative,0.02767555270867449
1440336931460562948,negative,0.005095139236736712
1440336931926118404,negative,0.00015941535658892648
1440336932160999431,negative,0.1966339901427446
1440336933507330061,neutral,0.5101226214277461
1440336934786584582,negative,0.0020495826038098163
1440336936611110929,negative,0.030141484030438162
1440336937752035328,negative,0.01299622440568495
1440336945335341062,negative,5.513871124406379e-06
1440336945595310086,negative,0.036402563063229865
1440336946572652550,negative,0.0025858840169539344
1440336951442227200,negative,6.579242537569963e-05
1440336955019968519,negative,0.03937007389876258
1440336956324384778,negative,0.3108453595356801
1440336958132133891,negative,0.010808214898938961
1440336958387937288,negative,0.00019958379054630358
1440336963865755659,negative,0.03285959065635749
1440336965589606405,negative,0.005910614339666629
1440336970345897995,negative,0.00922926360735604
1440336971935596554,negative,1.4788619440243018e-06
1440336972547907585,negative,0.00015941535658892648
1440336973739147274,neutral,0.5746669230640745
1440336973932027913,negative,0.2864145558920463
1440336976134098959,negative,0.07429522210644815
1440336977631461377,negative,3.248546500705338e-05
1440336978633912329,negative,0.21337108542963543
1440336980613632003,negative,0.00012485073380793502
1440336989073461265,negative,0.0035445659464689206
1440336989216149513,neutral,0.4110934487127758
1440336991632064513,negative,0.025798020456062512
1440336993540472848,negative,0.001073212142678388
1440336993586581507,negative,0.07824351254004552
1440336997155934222,negative,0.04295636050546059
1440337001329225739,negative,0.1765709549872744
1440337003749380097,negative,3.387532494633847e-06
1440337004596645891,negative,0.001949545414846824
1440337006823763985,negative,0.001059692195544645
1440337008006610954,negative,0.03535284986059824
1440337010925834249,negative,4.042875133219321e-06
1440337014113517572,negative,0.0002958080800850108
1440337014235140105,negative,0.12471372352075354
1440337018312032261,negative,0.009151729245609981
1440337021352902661,negative,0.0031713978083590284
1440337022963503111,negative,0.030597512587145274
1440337026558017546,negative,0.0001584873285048229
1440337030928424967,negative,0.00029499070292703306
1440337072447844364,negative,0.0005860321746683697
1440337073399992332,negative,0.26375198539881145
1440337085492199442,positive,0.9148401754902364
1440337086326861838,negative,0.04295636050546059
1440337087551602698,negative,0.004421585066355829
1440337087857782787,negative,0.06043217299602261
1440337088092590080,negative,2.5195742305222104e-05
1440337088629514252,negative,1.9782625999503626e-06
1440337090869219334,negative,0.00802017251687889
1440337090928013320,negative,7.649175101799283e-10
1440337094627389451,negative,0.22526532685473644
1440337096439263241,negative,0.19547534672640055
1440337101451452424,negative,0.11790625283430257
1440337102676250628,negative,2.939882430101958e-11
1440337103565451277,negative,0.009196262842054876
1440337107336056835,negative,0.00015059077340966623
1440337107705233408,negative,0.01833996591225837
1440337108518924294,negative,0.029540985590475518
1440337112990040066,negative,0.2186366811851303
1440337116030898180,negative,0.12680480628106588
1440337117322743812,negative,0.06182851130985381
1440337118081925136,negative,1.456101090239147e-11
1440337121647095808,negative,0.02928901600910365
1440337122200719366,negative,7.367462506505943e-05
1440337124566310916,negative,0.00015941535658892648
1440337125619105795,negative,0.01299622440568495
1440337125673619461,negative,3.7451326434109676e-06
1440337128177635335,negative,0.010793091180203229
1440337129905655811,negative,0.0011828668920168108
1440337130379624448,negative,0.005389142424608333
1440337130446675968,negative,0.0035691136770194857
1440337131604381708,negative,9.560133844398929e-05
1440337134775275524,negative,0.0010272306823098669
1440337136012578818,negative,0.0002145293397056912
1440337138982084616,negative,4.121799315128541e-06
1440337139946823685,negative,7.957431803823732e-06
1440337142509572096,positive,0.9570915324540629
1440337146317971457,negative,0.0002145293397056912
1440337148285046800,negative,0.002304186216109045
1440337152676491275,neutral,0.44718859704321334
1440337153460879364,negative,0.00020229791026431368
1440337156891762698,negative,0.00015941535658892648
1440337158041063427,positive,0.6945451065242518
1440337158372347914,neutral,0.6245499036698928
1440337158829608969,negative,0.27863109496054767
1440337160452788232,negative,3.2742453194357285e-05
1440337161279074309,negative,0.02976612963366841
1440337164164743171,negative,5.7965975113043865e-08
1440337167264272403,negative,0.21432208184979323
1440337167293636621,negative,0.1595307110896395
1440337167604011015,neutral,0.5057895380761488
1440337168153546760,neutral,0.5101226214277461
1440337174985986056,negative,0.05234931941095223
1440337175527100421,negative,0.04810612162202492
1440337178219872260,negative,0.265490943696957
1440337178844807171,negative,0.0025531190036835586
1440337182393126923,negative,0.10968335495821378
1440337187912839168,negative,0.265490943696957
1440337188814680075,negative,4.483269380787126e-07
1440337191482245129,negative,3.5649731507621645e-07
1440337191926857736,negative,0.265490943696957
1440337192346263553,negative,0.12737612117360828
1440337270926626816,negative,8.167777395432375e-05
1440337271018774529,negative,0.028214655632209394
1440337271777943559,negative,0.06043217299602261
1440337271778017285,negative,0.0378921936619584
1440337272776261637,negative,0.10968335495821378
1440337277171875844,negative,0.0238981798164125
1440337277838708737,negative,0.09433456612316915
1440337280602755074,negative,0.04530873727340018
1440337281202618372,negative,0.00012485073380793502
1440337282959953922,neutral,0.5533970533999424
1440337287640858626,negative,9.5984797184168e-05
1440337289528299529,negative,0.00012469015616843813
1440337293286391809,negative,0.15960559452264758
1440337293768740869,negative,0.08878946170869388
1440337296692187140,negative,0.01299622440568495
1440337296918671388,negative,0.18375970861162721
1440337296968978438,negative,0.15960559452264758
1440337298319577093,negative,0.265490943696957
1440337299602960390,negative,0.0031869269989352337
1440337299720474631,negative,0.0052991721654736135
1440337301796581379,negative,0.06043217299602261
1440337301960212491,negative,3.540052106332626e-13
1440337304703225862,negative,8.225180931474192e-12
1440337306548797449,negative,0.00020229791026431368
1440337309744828427,negative,0.009196262842054876
1440337311288332305,negative,0.0023613810956031873
1440337312357834756,negative,4.387071321353008e-08
1440337312450109443,negative,0.0065465728417252594
1440337313708400653,negative,5.593879440763263e-07
1440337315889496070,neutral,0.6567552400637309
1440337316627685379,negative,0.002700187680268707
1440337316938010625,negative,0.00983722497350219
1440337318997467146,negative,0.00023868885391654127
1440337319739879432,negative,0.016502347389555274
1440337320129949698,negative,0.001406817761166791
1440337325662216194,negative,0.036402563063229865
1440337326492684289,negative,0.027948226434921102
1440337330473091083,negative,0.00012485073380793502
1440337330770886665,negative,0.012044787170883565
1440337331437793285,negative,0.23086259935287928
1440337333023174657,negative,0.00010011452502029831
1440337335283974151,negative,0.265490943696957
1440337336202502144,negative,0.011548810794701903
1440337338664587266,negative,0.07549998575431302
1440337341034348550,negative,0.012044787170883565
1440337341487333378,negative,0.0006024855557010004
1440337344679202817,positive,0.8442357270142826
1440337345622929418,negative,0.07715295434878526
1440337348915449864,negative,0.004862825949078351
1440337349406191627,negative,0.029292996080039043
1440337351343935496,negative,0.004089171093243731
1440337352296042498,neutral,0.5101226214277461
1440337361297018885,negative,1.5106320534855208e-08
1440337362119131136,negative,1.2240789853211093e-05
1440337362924441607,negative,0.2777858287768725
1440337363981406213,negative,0.0022158728418111744
1440337365986267138,negative,6.063453028746282e-05
1440337366502154250,negative,0.011876164893926023
1440337366749626373,negative,4.4665295037128805e-09
1440337368553168900,negative,0.16736455061315514
1440337368666443777,negative,0.00030382980664235153
1440337368678948872,negative,0.01299622440568495
1440337368960036881,negative,0.00017076341720091432
1440337369652097035,negative,0.09433456612316915
1440337371170369538,negative,0.2445535490319659
1440337371296194577,positive,0.8977402007255775
1440337371900235776,negative,0.07429522210644815
1440337373687025677,negative,2.279765638913436e-05
1440337374504898561,negative,4.4884319713836753e-07
1440337375201153030,negative,2.2604091270465866e-06
1440337376518160392,negative,0.015556531555034161
1440337378351087623,negative,0.11154443292387338
1440337379869351945,negative,0.0022409952433518803
1440337380616007681,negative,0.0025811162898898015
1440337381446414340,negative,0.004732554315339215
1440337385493987341,negative,0.00024042650223924072
1440337387763089409,negative,0.0010317575683530817
1440337388287320078,negative,0.0009584931693367766
1440337389184974858,negative,0.003729083132359054
1440337389314985992,negative,0.0018309037108687636
1440337390736850953,negative,0.05595536852813885
1440337391848329227,negative,0.014524257104408222
1440337391911202821,negative,0.308199125160694
1440337393324728323,negative,0.08713886861658608
1440337393727410191,negative,0.03535284986059824
1440337393874202626,negative,0.18599126457187345
1440337397690945546,negative,0.308199125160694
1440337399565848578,negative,0.0033058325324145993
1440337400236896277,negative,0.07429522210644815
1440337400480161802,negative,0.265490943696957
1440337400941608977,negative,0.0011858215885545119
1440337401566535683,negative,0.12504369518740155
1440337403642724364,negative,0.005025691535231157
1440337403764305939,negative,0.0001917540678776228
1440337406662639619,negative,0.007357578366045678
1440337408155811854,negative,0.04939938634966419
1440337409342795790,negative,0.00012485073380793502
1440337413415469074,negative,0.0037496564002654086
1440337415877451780,negative,0.03535284986059824
1440337427004940290,negative,4.4961135586955514e-05
1440337428326203393,negative,0.002274205915890544
1440337429836144647,negative,0.0013872768891198346
1440337433308979206,negative,0.018403688585305555
1440337433506185220,negative,4.6334482793476064e-08
1440337580264865793,negative,0.265490943696957
1440337580617199627,negative,0.1819209013405795
1440337581921562636,negative,0.0005753984159923951
1440337586430513164,negative,0.001949545414846824
1440337589748133910,negative,0.1866628361140693
1440337591966973954,negative,0.14327991810689328
1440337592210247690,negative,1.2565469261025502e-05
1440337593506295823,negative,3.666279359979134e-05
1440337593783119884,negative,0.06043217299602261
1440337596991741964,negative,0.03165878740827469
1440337597591482376,negative,0.20184937287170418
1440337599671914496,negative,0.036763927263729734
1440337602796666899,negative,0.005205465558841949
1440337604549828616,negative,0.3017114994810592
1440337605632016393,negative,0.010808214898938961
1440337605766172673,negative,0.1908942153374937
1440337609113309190,negative,0.013737396672633656
1440337610518327297,neutral,0.49789225920557484
1440337613915783170,negative,0.13924083246349173
1440337614335143947,negative,0.07429522210644815
1440337616088408077,negative,0.265490943696957
1440337616751058946,negative,0.00020229791026431368
1440337620865740803,negative,0.002904677491586589
1440337623252230171,negative,0.0019752651654206138
1440337624544149506,negative,3.387532494633847e-06
1440337625605312518,negative,0.02767555270867449
1440337629208190991,negative,0.013492307551109795
1440337631443750919,negative,0.20972429911248944
1440337632588828682,negative,0.00657804169283883
1440337634551730182,negative,0.001949545414846824
1440337636065906707,negative,0.04271117974708862
1440337638649516033,negative,0.06043217299602261
1440337639140323332,negative,0.13924083246349173
1440337639358431244,negative,0.0011423461826309755
1440337639584899081,negative,0.00036813544596961016
1440337641816223764,positive,0.6907372809600184
1440337641879195657,negative,0.04295636050546059
1440337642315419654,negative,0.04994448622132546
1440337643938615311,negative,0.114586789259206
1440337645196824581,negative,0.265490943696957
1440337649382793218,negative,0.19351706926576842
1440337650276175872,negative,0.003968876938180977
1440337650964074498,neutral,0.5235350956004988
1440337652713082880,negative,0.024601267775744576
1440337654772482048,negative,0.20624082162047822
1440337654978002960,negative,0.11257142607098902
1440337656211128320,negative,0.1595307110896395
1440337657721024522,positive,0.9783643489876754
1440337662213193734,negative,0.15053352091262034
1440337665249800192,negative,0.08094882338169956
1440337665912541188,negative,0.003987539037305836
1440337667850260483,negative,1.0151703722053652e-05
1440337668496261132,negative,0.06041723173188993
1440337670614355970,negative,0.265490943696957
1440337672057221135,negative,0.20081843170922334
1440337675400085512,neutral,0.5101226214277461
1440337675874045963,negative,1.9782625999503626e-06
1440337677174259720,neutral,0.4373255837432663
1440337677669208076,negative,0.009196262842054876
1440337681418883072,negative,0.2186366811851303
1440337681595072514,negative,0.11328161278534599
1440337683679567899,negative,1.5919339853625407e-05
1440337684111659019,negative,0.1601960339777931
1440337684937859081,negative,0.029400370639505822
1440337686808514573,neutral,0.38939414718971677
1440337689006411786,negative,1.8694967888772786e-05
1440337689329295363,negative,0.06043217299602261
1440337689492934659,negative,0.0005704204675215968
1440337692005261323,negative,0.0323383940935352
1440337692164648963,negative,2.6241132270513814e-13
1440337694333095947,neutral,0.5030259154660317
1440337695616618498,negative,0.00028604787300121385
1440337702734286848,negative,0.013492307551109795
1440337703560646669,negative,0.0002585774038364226
1440337703829053443,neutral,0.5030259154660317
1440337705456472075,negative,0.02012586587309179
1440337710237949959,negative,0.00020229791026431368
1440337710732824577,negative,0.0005421283981441093
1440337710900604940,negative,0.265490943696957
1440337715627630609,negative,0.0030117061911611584
1440337719121440772,negative,0.265490943696957
1440337722254577681,negative,0.014524257104408222
1440337722858557441,negative,0.04295636050546059
1440337723261288455,negative,0.03535284986059824
1440337724993507329,neutral,0.4440960921691173
1440337726893559815,negative,0.022053157184521784
1440337728025989129,negative,3.1147891974796106e-05
1440337732211916800,negative,1.0718586307302121e-05
1440337733973536776,negative,0.001949545414846824
1440337737001750528,neutral,0.4938013795412572
1440337795407482890,negative,1.2250319808012274e-06
1440337799069110290,negative,0.005055049155889731
1440337801149501448,negative,2.867580704043476e-13
1440337806123962370,negative,2.7249909212459074e-08
1440337807659044888,negative,0.0005134429335787006
1440337808971821058,negative,0.00014120446801587193
1440337809143783425,negative,0.00045645086769902543
1440337813312999441,negative,0.13382474427920046
1440337814478942221,negative,0.17010680590107932
1440337816727089158,negative,0.265490943696957
1440337819235323909,negative,0.0015477954904480052
1440337820816601089,neutral,0.4507454498615163
1440337823026933762,negative,0.026143193351998707
1440337825157685258,negative,0.11045692546583236
1440337825753305093,negative,0.014524257104408222
1440337825841377292,negative,0.04956026847406002
1440337827716218889,negative,0.000735898765154133
1440337828429193230,positive,0.9380998420606763
1440337830559969286,negative,1.7096744630065077e-05
1440337832128626697,negative,0.0036772707646987937
1440337836612280331,negative,0.00195878142781671
1440337837103013891,negative,0.0014908924506028816
1440337839858745349,negative,0.15960559452264758
1440337840546586627,negative,0.041466905015129396
1440337842182393857,negative,0.2186366811851303
1440337845072265226,negative,0.0002857511006380454
1440337846011785221,negative,0.001949545414846824
1440337847119089665,negative,0.02051768535266469
1440337847198707723,negative,0.039369768782335925
1440337847555276808,negative,0.053447583686542205
1440337851002941444,negative,0.015220731711957763
1440337852571668494,negative,0.0007090639669966105
1440337854140325903,negative,0.022895777708693697
1440337856820436999,negative,0.04490118341170081
1440337856967237642,negative,0.009196262842054876
1440337857491582976,neutral,0.6355663312851942
1440337858250768392,negative,0.02767555270867449
1440337859454529539,negative,5.830742476621685e-05
1440337864890273803,negative,0.00044623469602359986
1440337865792110606,negative,0.007170207433824382
1440337865825607688,negative,0.0003941672386541266
1440337869332090888,neutral,0.5046625939521373
1440337869487304715,neutral,0.4507454498615163
1440337875975897094,neutral,0.46127768308170247
1440337877716533259,negative,0.07758992815597074
1440337879616548866,neutral,0.49789225920557484
1440337881839456258,negative,0.020957514886594343
1440337881931812865,negative,0.06043217299602261
1440337882535784457,negative,0.0005758228325828712
1440337885090045952,negative,0.0004497870224519171
1440337885123649550,negative,0.32667192882550816
1440337886100918274,negative,0.007357578366045678
1440337886251868169,negative,0.08737676708368912
1440337887069753344,negative,0.0012811024389895245
1440337887761891328,negative,0.0440174061583079
1440337890781720595,negative,0.04487794087591814
1440337892979580928,negative,0.09984092990426906
1440337893159882764,negative,0.026143193351998707
1440337894422368268,negative,0.0007095987546642065
1440337897912102928,negative,0.00020166889319599626
1440337898427928585,negative,0.023543029298155008
1440337898750967827,negative,0.10710151713747049
1440337902261571585,negative,6.579242537569963e-05
1440337902941003777,negative,0.17959209253746744
1440337905302396953,neutral,0.5057895380761488
1440337907290570754,negative,7.367462506505943e-05
1440337912151752710,negative,0.04295636050546059
1440337914861273089,negative,4.205870653530144e-06
1440337914991296513,negative,0.0005682791515903502
1440337982385393670,negative,0.19351706926576842
1440337982951624707,neutral,0.5385876659405576
1440337983085842438,negative,0.04699542405079727
1440337984025333760,negative,3.874689150212994e-06
1440337984339922954,positive,0.9980581771433982
1440337985304551432,negative,1.047854563473797e-05
1440337986005073938,negative,0.265490943696957
1440337986663550979,neutral,0.5823330593361561
1440337988630695941,negative,0.11477059751268719
1440337989930872846,negative,0.03529486543286336
1440337990438428682,negative,0.04956026847406002
1440337993898729480,negative,0.05540460250094654
1440337996033638411,negative,0.1765709549872744
1440337997153533953,negative,2.899692128134979e-07
1440337997862342657,negative,0.03690247241525548
1440337998680190976,negative,0.000192386578657764
1440338002127966208,negative,0.047542198890906655
1440338002388013061,negative,0.265490943696957
1440338004212469765,neutral,0.46127768308170247
1440338007744077830,negative,0.0008266321450661864
1440338008297787403,negative,0.006262593927787952
1440338008486543371,negative,0.020791083443379193
1440338013322506246,neutral,0.449581880412147
1440338013813309457,negative,0.00046919143779994564
1440338015897882634,negative,8.393868044716512e-05
1440338016980004865,negative,0.0948908403365332
1440338017768534022,negative,0.00010599378323173706
1440338018204745734,negative,0.04198366811638621
1440338018355666952,negative,0.3147487766489516
1440338024521371657,negative,0.029292996080039043
1440338026270314503,negative,0.010133953667808348
1440338026975023113,negative,0.00657804169283883
1440338027960619008,negative,0.02142564404714981
1440338028807946246,negative,0.007357578366045678
1440338032968667146,negative,0.00012485073380793502
1440338033039986692,negative,0.2186366811851303
1440338034306678792,negative,0.3108453595356801
1440338034960912398,negative,0.06395806718706339
1440338035221020680,negative,0.006631354358703606
1440338036936482816,negative,0.013216729445035073
1440338037146198033,negative,0.00014344059280949393
1440338038605811719,neutral,0.5823330593361561
1440338043420831744,neutral,0.5746669230640745
1440338043672555526,negative,0.02767555270867449
1440338045069189136,negative,0.029900569246079964
1440338047434850311,negative,1.8047375225470888e-05
1440338048013651981,negative,0.06941020152479158
1440338049045450752,negative,0.0016752088509182565
1440338049091571718,negative,0.0018869964457228904
1440338049221623808,negative,0.07429522210644815
1440338050320502791,negative,0.10347547341719496
1440338052585439238,negative,0.052465725883639576
1440338054334455826,positive,0.9943045074760618
1440338054594510862,negative,0.2008260979876187
1440338055294959622,negative,0.002548432190765445
1440338056381300744,neutral,0.3527352077605395
1440338056985255936,negative,0.0010778402109882736
1440338057501110272,negative,0.1966339901427446
1440338058121908233,negative,1.0908757798583207e-10
1440338058126127119,negative,0.04956026847406002
1440338059069849620,negative,0.00020229791026431368
1440338060923727872,negative,0.04956026847406002
1440338062173638663,positive,0.9380998420606763
1440338062697844737,negative,0.265490943696957
1440338065382273032,negative,0.009196262842054876
1440338072227352581,negative,0.19483228848001738
1440338076388114434,neutral,0.5125846670749056
1440338076497182724,negative,0.001949545414846824
1440338077151481856,positive,0.7516369642547179
1440338086190149632,negative,0.00044503867627345095
1440338089742766082,negative,3.209886159133001e-05
1440338089780547587,neutral,0.49789225920557484
1440338090497740802,negative,0.1521613416138048
1440338093244960768,neutral,0.39375930221593275
1440338095929380878,negative,0.010808214898938961
1440338097384742916,negative,0.0004937486686738486
1440338100782190612,negative,0.15960559452264758
1440338102661255170,negative,0.026143193351998707
1440338104011800582,negative,0.00046097442554739236
1440338104116596737,neutral,0.3887812437431772
1440338106524127237,positive,0.9652318008921288
1440338106666786821,negative,0.009196262842054876
1440338107312730129,negative,0.0007090639669966105
1440338107874742276,negative,0.09807894442310774
1440338109581848591,neutral,0.5101226214277461
1440338109955072008,negative,1.9782625999503626e-06
1440338110902988809,positive,0.9930874168571732
1440338112710807556,negative,0.03206761871955181
1440338116720484373,negative,0.31732489718339985
1440338117479657478,negative,0.04138878090100276
1440338124366778371,neutral,0.6447938831996873
1440338125109170182,negative,6.579242537569963e-05
1440338132625330196,negative,0.0006989957680069353
1440338134336622602,neutral,0.4507454498615163
1440338135414558738,negative,1.2250319808012274e-06
1440338137054474241,neutral,0.4507454498615163
1440338140175081487,negative,0.000736595861839547
1440338145522819079,negative,0.0032304775290746073
1440338145564762120,neutral,0.5556424010871375
1440338145975754763,negative,0.022699057096378063
1440338277672833024,negative,0.04571473484486077
1440338277764984843,negative,0.07385982379634111
1440338281057570832,negative,0.022120575746145166
1440338284547219466,negative,1.4063389011333175e-05
1440338286971535375,negative,0.08522380485374567
1440338287286120458,neutral,0.4399119649137385
1440338290993893385,negative,0.03424590673549822
1440338291807580166,negative,0.05888625898382124
1440338294315773965,negative,0.00022809697519557802
1440338296379301903,negative,1.7376736979600854e-07
1440338298820431882,negative,5.042394112863841e-06
1440338300380672011,negative,0.009196262842054876
1440338300468744200,negative,0.06275609732685251
1440338302150737924,positive,0.6869869180648307
1440338302708555776,neutral,0.5101226214277461
1440338309339779088,negative,0.049492737411486874
1440338313760542725,negative,0.1789040634887192
1440338315060731909,negative,0.005389142424608333
1440338315484360711,neutral,0.49789225920557484
1440338317677973516,negative,4.899782587796611e-18
1440338320320434180,negative,4.057839108087341e-08
1440338322950279173,negative,0.265490943696957
1440338330302828554,negative,0.04295636050546059
1440338331871580163,negative,0.015928610524024327
1440338335541592071,negative,1.4563240458975206e-06
1440338337387012103,negative,0.0006204888239233541
1440338339110944783,negative,8.706144577649741e-06
1440338339710717958,negative,4.161706192829497e-06
1440338339916226568,negative,0.09286210542236381
1440338347268870146,negative,1.7430707623213532e-05
1440338347705057283,neutral,0.38355829007163905
1440338348682346513,neutral,0.5136446707795853
1440338351148572675,negative,0.0013257312054954188
1440338352364933123,positive,0.6869869180648307
1440338352473997322,negative,3.504712408624036e-14
1440338353430220822,negative,3.826952350385189e-08
1440338354189398017,negative,0.00015059077340966623
1440338354525007882,negative,0.0022239126096256323
1440338356890583045,negative,0.00020229791026431368
1440338357708488708,negative,0.177406132190233
1440338360220803078,negative,0.07393886478111271
1440338366801711115,negative,0.00020229791026431368
1440338368739508229,negative,0.13924083246349173
1440338369028898826,negative,0.30725793206365803
1440338370886922245,neutral,0.4598650020881221
1440338373395161093,neutral,0.5224140965507154
1440338376226316289,negative,7.367462506505943e-05
1440338377283231753,negative,0.002875201289508882
1440338380567429130,negative,0.014524257104408222
1440338384296169478,negative,0.0005983864548493799
1440338385164328968,negative,0.08683783275866708
1440338385646751757,negative,0.0008809572093053516
1440338385739026452,negative,0.00015941535658892648
1440338389224464388,negative,8.073275788921596e-08
1440338389820002309,negative,0.0440174061583079
1440338390621163533,negative,3.387532494633847e-06
1440338395746631697,negative,0.22526532685473644
1440338395893403673,negative,1.972149475944174e-07
1440338395960467468,negative,0.20311579651403847
1440338399240482823,negative,0.011632856300681334
1440338399739539459,neutral,0.45058803376539225
1440338910106689541,negative,0.026143193351998707
1440338910681309187,negative,0.08961380262139224
1440338911935414287,negative,0.02123036163884857
1440338915479617547,negative,0.17152657332018187
1440338920923824132,negative,0.07429522210644815
1440338921011900418,negative,0.01299622440568495
1440338922437898246,negative,0.03745019895607992
1440338924166021123,negative,0.026143193351998707
1440338925013266434,negative,5.042394112863841e-06
1440338925910851591,negative,0.06043217299602261
1440338926225346572,neutral,0.338940332932159
1440338926586118145,negative,0.0033587396106171475
1440338927106211849,negative,0.021666046807114026
1440338928926556166,negative,0.013658020794270954
1440338930650337285,neutral,0.4942346232029748
1440338930696552451,negative,0.04075536252940359
1440338930801385481,neutral,0.48971491968335823
1440338935025045515,negative,0.009196262842054876
1440338940817379339,negative,0.08878946170869388
1440338945720545288,negative,5.404837998415384e-10
1440338947607973891,negative,0.00046097442554739236
1440338950715895808,negative,3.5649731507621645e-07
1440338952729231377,positive,0.8060807845905127
1440338953609957380,negative,0.02928901600910365
1440338954096549892,negative,1.1536235887769081e-11
1440338956545970198,negative,0.014352171088362517
1440338957334503435,negative,0.016502347389555274
1440338960610304022,negative,2.4397988175541224e-06
1440338962141224961,negative,0.03043029529167447
1440338962334175235,negative,0.00010011452502029831
1440338962724233231,negative,0.006363792232378198
1440338963181359106,negative,0.006363792232378198
1440338963365961729,negative,0.0003702698154064985
1440338964586512391,negative,8.982353192409666e-08
1440338965542817802,negative,0.010808214898938961
1440338966016774145,negative,0.06043217299602261
1440338970936700932,negative,6.027041656445757e-06
1440338971867836417,negative,0.008685053471728803
1440338974204055558,negative,0.0310802126495652
1440338975156170758,negative,1.0394385428138924e-06
1440338978087989257,negative,0.11328161278534599
1440338980856229897,neutral,0.539879282281795
1440338983490240513,negative,0.19483228848001738
1440338986753355789,negative,0.004191750698419383
1440338989915918342,negative,1.5540167410608486e-12
1440338993879523330,negative,0.030385284313067727
1440339000795877378,negative,0.000192386578657764
1440339003018866704,neutral,0.3878975021711837
1440339003186679810,negative,5.042394112863841e-06
1440339003203457035,negative,0.0020495826038098163
1440339005384519686,negative,0.0643509581237757
1440339006240149509,negative,0.004731570354469104
1440339006667952129,negative,7.367462506505943e-05
1440339008630886401,neutral,0.4938013795412572
1440339010354704387,negative,0.00015059077340966623
1440339014196727814,positive,0.7274943470265625
1440339014649737216,negative,0.02767555270867449
1440339016348405769,negative,0.026143193351998707
1440339019011792898,negative,1.5955051222455557e-05
1440339019217321991,negative,3.387532494633847e-06
1440339021012488201,negative,0.02767555270867449
1440339022056812545,negative,0.07573601161511469
1440339022455271426,negative,0.07839569446439199
1440339024812515328,negative,0.02767555270867449
1440339027643625485,negative,0.04374786803827072
1440339031519215623,negative,0.11561052743584191
1440339031754039305,negative,0.10261253270252965
1440339033167589376,negative,0.006363792232378198
1440339033679224832,negative,0.0001019239569550026
1440339040251760643,negative,0.0184488618856791
1440339137689571344,negative,0.11828453597782553
1440339141368049664,negative,0.00657804169283883
1440339141728686094,negative,0.00377648261695371
1440339143263850501,negative,0.00657804169283883
1440339143347740691,negative,0.03890141323803461
1440339144249544724,negative,0.010793091180203229
1440339148586446867,negative,0.32075729904556566
1440339148900995074,negative,0.001226484070803676
1440339149135892490,negative,0.00010011452502029831
1440339150205427721,negative,0.00018545065008782337
1440339150251589635,negative,0.014524257104408222
1440339154798211079,negative,0.021316204895741132
1440339159537709062,negative,0.009558710252235914
1440339159932026890,negative,0.32667192882550816
1440339160984739849,negative,3.2866908798335407e-07
1440339161748164615,negative,4.2311033509284464e-08
1440339162066915334,negative,0.0526182192777043
1440339167347548160,negative,0.07628073905581889
1440339170182922243,negative,0.05694859143866389
1440339171437015049,negative,0.004156418639020197
1440339175014756353,neutral,0.539879282281795
1440339175929106456,negative,2.5356700661824824e-07
1440339180396040199,negative,0.01378722680497983
1440339182212169737,negative,0.19945705239713019
1440339185236250626,negative,0.0007643235060222686
1440339185450119184,negative,0.00983722497350219
1440339186460942340,negative,0.011393224020796873
1440339186666512390,negative,0.2186366811851303
1440339191632523266,negative,0.009196262842054876
1440339191750004744,negative,0.0004937486686738486
1440339192387543042,negative,0.0005860321746683697
1440339193037684744,negative,0.006363792232378198
1440339194623053839,negative,0.2458984980741297
1440339196762222592,negative,0.009196262842054876
1440339197563338760,neutral,0.5119303746493573
1440339198720970756,positive,0.9999569977251235
1440339201107456010,negative,0.05396113043097808
1440339207839309831,negative,0.0031713978083590284
1440339209567412238,negative,0.18832008672885217
1440339211165392897,negative,0.012044787170883565
1440339211291217923,negative,0.17641809097594824
1440339211584880644,negative,1.392947878114249e-05
1440339213422002183,negative,0.04295636050546059
1440339213937885186,negative,0.1251538800263518
1440339214135033859,negative,0.11328161278534599
1440339214659252242,negative,0.11154443292387338
1440339215170953222,negative,0.11154443292387338
1440339215498153986,negative,0.1966339901427446
1440339218434125825,negative,0.000492964403068225
1440339218727800839,negative,0.0035007050732706094
1440339221340844039,negative,0.033241113821542115
1440339222037106691,negative,0.04295636050546059
1440339222792060935,negative,0.0011517068368809326
1440339230291480593,negative,0.00015750420916023204
1440339230320775168,negative,0.0005134429335787006
1440339231113580552,negative,0.00010011452502029831
1440339234645110796,negative,0.007760488173470506
1440339235521777682,negative,0.014524257104408222
1440339237098770447,neutral,0.4938013795412572
1440339238394871823,negative,0.08033549815241234
1440339239330205705,negative,0.03113389880124176
1440339243532886018,negative,0.005801351148246556
1440339245122551821,negative,1.0498128539445093e-05
1440339247760769025,neutral,0.5125846670749056
1440339247915929600,negative,1.0841139506294451e-05
1440339259148234764,negative,1.8778902677035116e-07
1440339261413203968,negative,0.04374786803827072
1440339269562687490,negative,0.0009390686550674475
1440339270523240449,negative,0.15960559452264758
1440339272200966153,negative,0.005801351148246556
1440339272259620875,negative,0.07839569446439199
1440339273178226693,negative,0.009479550771832681
1440339274008723472,negative,0.10558443190557863
1440339276361732105,negative,0.013936302320981135
1440339277875859471,negative,0.32538723761852606
1440339278270111750,negative,0.025615430834656113
1440339281839415304,negative,0.01341002182044716
1440339283190059017,negative,0.008731851740826118
1440339283320082435,negative,0.265490943696957
1440339283500404745,negative,0.11561052743584191
1440339284381208579,negative,2.813897730335151e-10
1440339284515459073,negative,0.0008224178502810956
1440339286054686721,negative,4.317234027793898e-07
1440339286671310856,negative,0.0348634956271089
1440339286679642122,negative,0.00010814380798982313
1440339288516825090,negative,0.005801351148246556
1440339291100512265,negative,7.367462506505943e-05
1440339294531379207,negative,0.00034891496380956463
1440339296091656192,negative,0.006784772822262168
1440339305432436741,negative,0.11789098409685081
1440339306531282947,negative,0.021316204895741132
1440339312243974155,negative,0.0002298396277033423
1440339313380642825,negative,0.13488324523495346
1440339313636438029,negative,0.02767555270867449
1440339317012848640,negative,4.301871352330519e-05
1440339318678036488,negative,3.5649731507621645e-07
1440339319424618497,negative,0.06229307102259885
1440339320708026383,negative,0.0006777885466758074
1440339323132338185,negative,0.08485854312628262
1440339323384053765,negative,0.06043217299602261
1440339326819180545,negative,0.03425843726271117
1440339327943282696,neutral,0.46127768308170247
1440339328517869568,neutral,0.36783603140445764
1440339329864241162,negative,0.00031853760459002933
1440339331508363265,negative,0.13924083246349173
1440339334821908483,negative,0.02767555270867449
1440339336122142728,negative,0.007357578366045678
1440339341104930822,negative,0.0007090639669966105
1440339341776023558,negative,0.029540985590475518
1440339342975635460,negative,0.2186366811851303
1440339348541493249,negative,0.0013257312054954188
1440339348654678016,negative,0.002990390656550359
1440339350084993038,negative,0.07839569446439199
1440339351523577860,negative,7.696111963654826e-05
1440339352995860480,neutral,0.4507454498615163
1440339353159409679,negative,7.299390695121483e-06
1440339357630562313,negative,0.07839569446439199
1440339362495954962,negative,0.009196262842054876
1440339368284078083,negative,0.265490943696957
1440339369429135362,neutral,0.46127768308170247
1440339371090006022,negative,6.2374120853625906e-06
1440339375020068864,positive,0.8234580658410161
1440339376089624579,neutral,0.5565654977847402
1440339376903364619,negative,0.11789098409685081
1440339377536700430,negative,7.785947917147305e-05
1440339379533144064,positive,0.999729169299613
1440339382460817427,negative,0.0017317797479545144
1440339386101420042,negative,4.343253261492047e-10
1440339391293976578,negative,0.09159838109470014
1440339392443281419,neutral,0.39007271344899264
1440339393529593856,negative,9.058866217192041e-08
1440339397048602625,negative,0.032127260966287555
1440339399141519377,negative,0.0036772707646987937
1440339399221202950,negative,0.10218700417111146
1440339399552606219,negative,8.982353192409666e-08
1440339400970235905,negative,0.06452020245208132
1440339401519763463,negative,0.177406132190233
1440339402106892303,negative,0.04810612162202492
1440339404610891778,negative,0.07429522210644815
1440339404900368396,negative,7.367462506505943e-05
1440339408788475913,negative,0.0018516302417131512
1440339408876494863,negative,0.018403688585305555
1440339410180993039,negative,0.00741170067610777
1440339410793340940,negative,0.04295636050546059
1440339411149807625,negative,0.0019825537320211977
1440339414303985676,negative,0.22526532685473644
1440339414664704002,negative,0.07429522210644815
1440339416258531340,negative,0.0018792975467281712
1440339420612235269,negative,0.04441859250120929
1440339424672247810,negative,0.025055517616221133
1440339425108512791,neutral,0.5101226214277461
1440339429470572551,negative,0.07429522210644815
1440339430032564227,negative,0.006363792232378198
1440339433690066950,negative,0.19483228848001738
1440339434667266051,negative,0.007357578366045678
1440339437053833216,negative,0.11500151720811623
1440339437523636234,negative,1.1377935264492614e-08
1440339438500921354,negative,0.03502807099270567
1440339439851499522,positive,0.9974985086320123
1440339444523884560,negative,0.026143193351998707
1440339445375377413,negative,0.17614937928100613
1440339449926144004,negative,0.00031633195730769014
1440339451134181386,negative,0.002419484900749859
1440339451201216520,negative,0.18207742314716796
1440339451373244420,negative,0.07839569446439199
1440339451570384898,negative,0.04295636050546059
1440339453092892685,neutral,0.39007271344899264
1440339453159952398,negative,0.15960559452264758
1440339458138669061,negative,0.00010011452502029831
1440339459703148551,negative,0.12950605673952179
1440339459938000904,negative,0.02767555270867449
1440339461322145793,negative,0.036763927263729734
1440339462970503176,negative,0.006363792232378198
1440339465927413777,negative,0.009196262842054876
1440339469652029452,negative,0.000399719697181953
1440339470054686733,negative,0.007357578366045678
1440339475582754825,negative,0.02767555270867449
1440339475763105795,negative,5.042394112863841e-06
1440339477013037058,negative,0.27600048086476675
1440339479500247041,negative,0.0025200815607891135
1440339480829857799,negative,0.20452637925483472
1440339481840611345,negative,0.0011517068368809326
1440339484365635591,negative,0.006363792232378198
1440339484772495366,negative,7.019972260190154e-05
1440339489407201284,negative,4.054342111644936e-06
1440339493643456528,negative,0.03206761871955181
1440339501784596482,neutral,0.5101226214277461
1440339505068666883,negative,0.004294943028941619
1440339505307738121,negative,0.00817844376253881
1440339505861464065,neutral,0.5101226214277461
1440339506532478976,negative,0.18375970861162721
1440339598639386625,negative,0.20452637925483472
1440339598974930951,negative,0.023093421536274986
1440339599876780043,negative,0.021316204895741132
1440339601608957964,negative,0.15960559452264758
1440339603324477444,negative,0.00020229791026431368
1440339604612153358,negative,4.4961135586955514e-05
1440339605161582594,negative,0.05490526242378936
1440339606646394880,negative,0.009196262842054876
1440339606830927880,negative,0.18599743470344723
1440339607074197507,neutral,0.4554342527617061
1440339608198209539,neutral,0.6567552400637309
1440339608269512720,negative,0.12179899075858944
1440339610031194114,negative,0.056802960925508975
1440339611813769228,negative,0.04075536252940359
1440339613105594370,negative,1.2103571104339218e-07
1440339617425735693,negative,0.023428901318275915
1440339621141889031,negative,0.011781999760073186
1440339626699284495,negative,0.007747865034300698
1440339628414803969,negative,0.0002298396277033423
1440339640137895942,negative,0.023093421536274986
1440339648056729603,neutral,0.49167303829171866
1440339649742835731,negative,0.010995762206764086
1440339650741092352,negative,0.0004937486686738486
1440339651152154648,negative,4.483269380787126e-07
1440339652259373075,negative,0.01299622440568495
1440339653240909830,negative,0.09887259379641167
1440339655434530833,negative,0.023093421536274986
1440339659926622215,negative,0.0009485862307850512
1440339668709429250,neutral,0.456536559578588
1440339669229596675,negative,0.023093421536274986
1440339674778640385,neutral,0.5614152023143125
1440339675869167617,negative,0.10021080912584429
1440339677156810760,negative,0.32749031421869373
1440339677324529678,negative,0.08270006332709774
1440339680784908307,negative,0.05152787992271353
1440339681820884993,neutral,0.6589176157173848
1440339682059972608,negative,1.2250319808012274e-06
1440339683792195592,negative,1.5573684518217445e-07
1440339684320694272,negative,0.04939938634966419
1440339686526910473,neutral,0.4111231205569477
1440339686812110849,negative,0.19351706926576842
1440339686984089611,negative,0.0659423793716344
1440339687630016519,negative,0.0023665028897824885
1440339691434229769,negative,0.13032956969876613
1440339694105993227,negative,0.0002298396277033423
1440339694332485635,negative,0.047012414267984894
1440339694479241216,negative,0.1733198615490139
1440339696035381256,negative,0.016845447307707997
1440339696148619278,negative,2.640884628903695e-07
1440339696748359682,negative,0.30846149447997184
1440339701278261262,negative,0.001145779339228073
1440339703396331521,negative,0.04295636050546059
1440339704365260808,negative,0.07429522210644815
1440339706332409869,negative,0.006363792232378198
1440339707993284614,negative,0.04035873131350595
1440339708282761222,negative,0.30725793206365803
1440339709671051267,negative,0.04240057205151051
1440339712804212767,negative,0.040629000387992685
1440339713076781068,negative,2.113302127787141e-06
1440339713705922567,negative,0.08851113295451758
1440339714230263820,negative,0.0018714582519825686
1440339715425640450,negative,0.0025811162898898015
1440339716264509440,neutral,0.4477611773909976
1440339716776226836,negative,0.08257465834211589
1440339720156815366,negative,2.1597164113053273e-05
1440339720244903937,negative,0.16765297940892948
1440339722543403021,negative,0.19696756804979074
1440339724191760392,negative,0.021316204895741132
1440339725387063307,negative,0.011781999760073186
1440339726850924544,negative,6.781246885136368e-05
1440339732278382603,negative,0.0011812926544845313
1440339732941004804,negative,0.09068862044703738
1440339733876379648,negative,0.023093421536274986
1440339733947633670,negative,0.002633826509898297
1440339735147282436,negative,0.0036772707646987937
1440339736078405638,negative,9.34319223012508e-05
1440339737240166414,negative,2.4747987461087705e-08
1440339857147002905,neutral,0.4198061668357613
1440339857352523801,negative,0.014524257104408222
1440339857369223170,negative,0.00022809697519557802
1440339859969753090,negative,0.3117211992195706
1440339861139968005,negative,9.61530632173621e-07
1440339863589429260,negative,0.023093421536274986
1440339863610429445,negative,0.265490943696957
1440339867523686406,negative,0.023093421536274986
1440339868186394631,negative,2.82787474825781e-12
1440339871780855822,negative,0.0002941858330459705
1440339874574262272,negative,0.024906787744170187
1440339874733641738,negative,0.164902458093682
1440339875610312705,negative,0.0319882906294042
1440339876696657925,negative,0.0020495826038098163
1440339877749420032,negative,0.00012072237176982167
1440339877950750723,neutral,0.3641228075610855
1440339878126886944,negative,0.00020229791026431368
1440339879192248329,negative,0.00020746198609060718
1440339879871729680,negative,0.12179899075858944
1440339880698015754,negative,0.02820516411218302
1440339881398394896,negative,0.0005134429335787006
1440339881486479369,negative,0.04295636050546059
1440339887136280578,negative,0.0006989957680069353
1440339891250810882,negative,0.00010464617369571212
1440339891670249472,negative,0.010793091180203229
1440339892165173260,negative,0.02142564404714981
1440339893264080897,negative,0.1900999281262374
1440339893863944205,negative,0.0006344345183727673
1440339894505639947,negative,1.2414056108194119e-05
1440339894644064271,negative,0.023093421536274986
1440339896384712704,negative,5.548730066469008e-07
1440339898725138444,negative,4.3407365680870176e-08
1440339900838989842,negative,1.4858311992067598e-09
1440339904647471113,negative,0.08239606604963957
1440339906060906504,positive,0.8938850810106616
1440339909202440193,negative,0.06354538794320778
1440339913111576654,negative,0.10757785463410903
1440339913984020487,negative,0.22526532685473644
1440339914843852803,negative,0.014524257104408222
1440339915665903618,negative,2.153304768856634e-05
1440339918283182090,neutral,0.42695075000513394
1440339925333807106,negative,0.00015059077340966623
1440339929880428546,negative,0.010808214898938961
1440339931709120522,negative,0.0010133144619557195
1440339933101637638,negative,0.0165706722664622
1440339935022620672,negative,0.11154443292387338
1440339935421075465,neutral,0.5514410120991461
1440339936553496576,negative,2.932861370277368e-07
1440339937576947721,negative,0.007357578366045678
1440339939493748738,neutral,0.5495922250151081
1440339939791544332,negative,4.320863773185197e-08
1440339941943222280,negative,0.011876164893926023
1440339942006091782,neutral,0.41502139982462555
1440339942450757643,negative,0.08651913907875516
1440339943084068869,negative,0.265490943696957
1440339943784476680,negative,0.0002298396277033423
1440339945856462855,negative,0.13924083246349173
1440339946745700355,neutral,0.49789225920557484
1440339952181469198,negative,8.076506045933872e-05
1440339952240189451,negative,0.010808214898938961
1440339953418846213,negative,0.160546437686443
1440339955910275072,negative,0.001406817761166791
1440339957407641630,negative,0.0008349618221297013
1440339958267453460,negative,0.051726313068912774
1440339958879776770,negative,0.31098559572695933
1440339959576104963,negative,0.07393886478111271
1440339961580949518,negative,0.02767555270867449
1440339964680495113,negative,0.029292996080039043
1440339965695594496,negative,0.07429522210644815
1440339966882582535,negative,0.029540985590475518
1440339966890954755,negative,0.060633259965511326
1440339967402668040,negative,0.0010630234360020513
1440339969193627660,negative,0.00036452263834465366
1440339969579442190,negative,1.1525547771077616e-05
1440339970699366411,negative,0.009083770724924379
1440339971278192642,neutral,0.5101226214277461
1440339972704268299,negative,0.005718787680678491
1440339973182427139,positive,0.9999569977251235
1440339976441368593,negative,0.023093421536274986
1440339976483315719,negative,0.10347547341719496
1440339977053753350,negative,4.386697814723956e-05
1440339977229901840,negative,0.001949545414846824
1440339977246703623,positive,0.9844453983430719
1440339977745825797,negative,5.1537738705822116e-05
1440339978542731264,negative,0.05929490333779569
1440339982963511307,negative,0.006363792232378198
1440339985903742984,negative,0.07429522210644815
1440339986004381708,negative,0.06595789823423918
1440339990462930957,negative,0.057412709053409505
1440339993902268420,positive,0.8844876349572268
1440339994808242181,negative,0.23354424004216096
1440339996301414410,negative,0.011196608018663751
1440339996855074817,negative,0.060633259965511326
1440339997039599619,negative,0.25534262129444113
1440339997517774863,negative,0.10021877562120833
1440339998998294528,neutral,0.34037074967551095
1440339999052886021,negative,0.04295636050546059
1440339999623303169,negative,7.949878006164283e-05
1440340001812725768,negative,0.013316165570005804
1440340003477803025,negative,0.029900569246079964
1440340003956027392,negative,0.11064226544767945
1440340006564864005,negative,0.00010011452502029831
1440340008221560834,negative,0.07429522210644815
1440340008582352896,negative,0.0044376574757416945
1440340009714786304,negative,0.010808214898938961
1440340009899282441,neutral,0.37319282394708025
1440340013577736201,negative,0.0959304419510937
1440340014102048776,neutral,0.4871550020433323
1440340015016411147,negative,0.00922926360735604
1440340015041564685,negative,0.0009232771382158881
1440340016354369545,negative,0.00028108634293107514
1440340017612681222,negative,0.22357579800781444
1440340018652803101,positive,0.9963206774099983
1440340019646926852,negative,0.026143193351998707
1440340019718225932,negative,3.6147445338322884e-05
1440340019751702535,negative,7.853416351163734e-05
1440340020066279442,negative,0.14439631432748823
1440340020343173131,neutral,0.638660859953617
1440340022402506761,negative,0.0084866968941372
1440340029709053955,neutral,0.5192500102035156
1440340037279772683,neutral,0.5101226214277461
1440340039083433984,negative,0.020208044371518023
1440340039087624192,negative,2.400967023643285e-06
1440340039167320065,neutral,0.42247068588993414
1440340039301361681,negative,0.0035625069213390385
1440340039406272518,negative,0.23998727042985107
1440340039771115527,negative,0.04466634764578798
1440340039817306126,neutral,0.34037074967551095
1440340039838412800,negative,4.663398017524435e-06
1440340039850868748,negative,4.628398700215657e-06
1440340039859331072,negative,0.25141973757395236
1440340040698060815,negative,0.006363792232378198
1440340041721466887,negative,0.000192386578657764
1440340041763475476,negative,0.02767555270867449
1440340042602270723,negative,0.2553668717076079
1440340044053561356,negative,0.09424039533383465
1440340047379664904,negative,0.004294943028941619
1440340049694900237,negative,0.0097420627795684
1440340056246419475,negative,0.002475058775314796
1440340058570059785,neutral,0.46127768308170247
1440340059425624071,neutral,0.6106954356848466
1440340062995025926,negative,0.023093421536274986
1440340063200575488,negative,0.2728508272980537
1440340063682924553,negative,0.010231942428715054
1440340064534339593,negative,0.034433183825681196
1440340066270789635,negative,0.00999314178861097
1440340066946088962,negative,0.014854366840943463
1440340067755573264,negative,0.003427040185731216
1440340073459830793,negative,0.06595789823423918
1440340074776829959,negative,0.0002975789521050374
1440340076349644822,negative,0.1586341925137009
1440340077989691399,negative,0.023063041499408504
1440340079612858371,negative,9.156238525961825e-05
1440340080074231812,negative,0.07429522210644815
1440340082142048259,negative,0.007056841424275572
1440340084788641794,negative,0.0065465728417252594
1440340085925289995,negative,1.5804845764009374e-05
1440340087657545728,negative,0.02251412474930428
1440340088202805258,negative,0.20452637925483472
1440340111753760783,negative,2.4227200528910698e-06
1440340113251205132,negative,0.023093421536274986
1440340118104018964,negative,0.2458984980741297
1440340118749921287,negative,0.023093421536274986
1440340119706222597,negative,0.0013199379059116877
1440340120742162435,negative,0.16090428604570298
1440340121140678657,negative,0.04374786803827072
1440340121622962178,negative,0.22503257983983638
1440340123242012674,negative,0.029540985590475518
1440340125192372231,negative,0.07995876512612271
1440340126115131417,negative,0.31939806687032307
1440340126748459022,negative,8.08966086195656e-06
1440340127104917513,negative,0.010808214898938961
1440340127302049800,positive,0.9893316160624595
1440340132037468160,negative,9.62028806701089e-07
1440340132737925120,negative,0.005055049155889731
1440340134516301840,negative,0.274515119130039
1440340135569100813,negative,0.08878946170869388
1440340136328261632,negative,0.023093421536274986
1440340136907055104,negative,0.02007120198281002
1440340137100005388,negative,0.005025691535231157
1440340138400227331,negative,0.265490943696957
1440340139989815296,negative,0.0017317797479545144
1440340140765827088,negative,0.054720853975260705
1440340143508836359,negative,0.0025811162898898015
1440340145434071046,negative,0.265490943696957
1440340146528800776,neutral,0.459621803683034
1440340147250233357,negative,0.1595307110896395
1440340152950288387,negative,1.9782625999503626e-06
1440340157132009483,negative,0.005025691535231157
1440340157723385876,negative,0.18375970861162721
1440340160990773256,negative,0.029540985590475518
1440340161611530245,negative,0.028472238175751726
1440340162400034816,negative,0.001059692195544645
1440340163394105357,negative,0.30725793206365803
1440340164836921360,negative,1.1435532545885011e-08
1440340165004697603,negative,0.09084814825730873
1440340167823298568,negative,0.0001066136951625
1440340169136115714,negative,1.4852357698489844e-15
1440340169626816512,neutral,0.3326181731595341
1440340169626828821,neutral,0.3326181731595341
1440340169668714504,neutral,0.3326181731595341
1440340173254840336,negative,0.04956026847406002
1440340173368164371,negative,0.03360880466797365
1440340173959544844,negative,0.002932868828572941
1440340174181847050,neutral,0.5101226214277461
1440340178476752907,negative,0.001406817761166791
1440340178837463043,negative,1.2534526236055306e-12
1440340183086362639,negative,0.0014853960483945695
1440340185183502338,negative,0.11829164885140582
1440340186903187465,negative,0.02767555270867449
1440340187947565064,neutral,0.34533447752142954
1440340189948243976,neutral,0.6299928879264785
1440340191051276291,negative,0.1316023557771571
1440340191483359245,negative,0.002475058775314796
1440340192292839425,negative,0.015467810142878463
1440340200563961860,negative,2.0983849431834304e-10
1440340205215440902,negative,0.23354424004216096
1440340206209536006,negative,0.00042898337742874843
1440340206280798211,negative,0.023093421536274986
1440340207488823308,neutral,0.42247068588993414
1440340207845265417,negative,0.021316204895741132
1440340210055671816,neutral,0.38355829007163905
1440340210110251014,negative,0.07429522210644815
1440340210437419030,negative,0.010808214898938961
1440340212744290311,negative,0.009196262842054876
1440340218972762146,negative,0.08274879972766569
1440340219400654851,negative,0.0006550080988908994
1440340219635515402,negative,0.009151729245609981
1440340220382040082,negative,0.011653480052965452
1440340225297829905,negative,0.0035007050732706094
1440340227042598917,negative,0.07429522210644815
1440340229617971203,neutral,0.44718859704321334
1440340231421497352,negative,0.18606620037277066
1440340231576690696,negative,2.8082555374473e-05
1440340236093906950,negative,0.265490943696957
1440340317631176710,negative,0.0959304419510937
1440340318126178313,negative,0.11064226544767945
1440340321984921605,negative,7.367462506505943e-05
1440340324564422665,negative,0.021666046807114026
1440340324858011655,negative,0.001059692195544645
1440340325818458113,negative,0.00657804169283883
1440340328393834503,negative,9.112424993046852e-05
1440340329597530117,negative,3.387532494633847e-06
1440340335247302662,negative,0.009196262842054876
1440340336727846912,negative,0.04295636050546059
1440340337294151686,negative,4.432114516498242e-06
1440340344147562516,negative,0.0084866968941372
1440340344504078339,neutral,0.45330597087403485
1440340347385569297,negative,0.00011091429393385076
1440340347834417160,negative,0.004156418639020197
1440340348685848577,negative,0.024360148054117178
1440340348887126017,negative,0.22848499870738168
1440340349801558017,negative,0.023093421536274986
1440340350476771330,negative,0.029247763980827585
1440340351940632587,negative,0.026143193351998707
1440340351990972419,negative,0.00022922210258927188
1440340357225484296,negative,7.949878006164283e-05
1440340359410634766,negative,0.014524257104408222
1440340361746935812,neutral,0.610822086884666
1440340362728378376,negative,0.06595789823423918
1440340365542780938,negative,0.2705919333602864
1440340367233015825,negative,0.0005860321746683697
1440340368982097927,negative,1.8313744123754343e-06
1440340370135474176,negative,0.0010942671629314048
1440340371834245135,negative,0.0020495826038098163
1440340372601769995,negative,0.02007120198281002
1440340374522793985,negative,0.0010272306823098669
1440340375189688324,positive,0.939503580058176
1440340376766668803,neutral,0.632507656788816
1440340378016616455,negative,0.14510271726998286
1440340378192777230,negative,0.12179899075858944
1440340378301833217,negative,0.02767555270867449
1440340378926784516,negative,0.009196262842054876
1440340380122189833,negative,0.04295636050546059
1440340382588440576,negative,0.07845062465369465
1440340383204999170,negative,0.12369721746769004
1440340383733477388,negative,0.13924083246349173
1440340390108811279,negative,0.3206329904099258
1440340390125531153,negative,0.07839569446439199
1440340393967566857,negative,0.0026806865268151773
1440340398589702146,negative,0.022310820624447742
1440340398816174087,negative,0.08963626669314949
1440340400376410112,negative,0.07845062465369465
1440340401664106497,negative,2.815187566220828e-09
1440340402091876356,negative,0.06043217299602261
1440340402712694790,negative,0.13924083246349173
1440340403387961358,negative,0.02007120198281002
1440340403887116303,negative,0.009196262842054876
1440340405262770187,negative,7.711421622239233e-13
1440340407066398721,negative,0.062318122071425744
1440340410891522051,negative,0.002274205915890544
1440340417279455239,negative,0.0005317913590672089
1440340420492288014,neutral,0.49623089837270984
1440340420903325704,negative,0.009196262842054876
1440340421876486154,negative,0.04810612162202492
1440340421893242901,negative,0.0005476158246032248
1440340425789751299,negative,0.0007090639669966105
1440340426804715533,negative,0.0013257312054954188
1440340428180496386,negative,0.011200475872795972
1440340430340591622,negative,0.02007120198281002
1440340430684508176,negative,0.30296912931692
1440340433880502285,negative,0.009196262842054876
1440340433964396564,negative,0.036763927263729734
1440340433993830400,negative,6.247275209895151e-05
1440340435549884427,negative,0.002380367836416026
1440340438628462592,negative,0.009980053698726201
1440340438892744704,negative,0.1900999281262374
1440340444123066380,negative,0.2244047369411179
1440340445410717714,negative,0.009196262842054876
1440340446148894733,negative,0.13543083168640943
1440340449470734337,negative,0.0006989957680069353
1440340451567890434,negative,0.007402411899534764
1440340600893571083,negative,0.00550864852076924
1440340601157734402,negative,0.00015059077340966623
1440340601619107849,negative,0.005791859120406144
1440340603494039554,negative,6.868030425373085e-05
1440340604349648907,negative,1.2534526236055306e-12
1440340605867945989,negative,0.009196262842054876
1440340607558250502,negative,0.00019958379054630358
1440340607755423744,negative,2.7182572932693873e-11
1440340608502034439,negative,0.0002975789521050374
1440340610020298772,negative,0.008299983455492894
1440340610599112706,negative,7.367462506505943e-05
1440340611773579276,negative,1.6379289741246625e-07
1440340613493190665,negative,0.007402411899534764
1440340614420127755,negative,5.042394112863841e-06
1440340617322590213,neutral,0.3472290389240519
1440340618379620362,negative,0.030526327410669924
1440340621621751827,negative,0.19826882567946763
1440340622032789507,negative,1.569308198416873e-05
1440340625707044872,negative,0.0002061480151122135
1440340626290069510,negative,4.025270584561432e-08
1440340627384770567,negative,0.010107769874565247
1440340627850285064,negative,0.2580305924279013
1440340630891229191,negative,0.2682100439096169
1440340631109263362,negative,0.02767555270867449
1440340632925470720,negative,0.009196262842054876
1440340632950562841,negative,0.06981955239913697
1440340633281908737,neutral,0.5101226214277461
1440340635555287050,negative,0.02007120198281002
1440340635567869955,negative,0.00014090664773371527
1440340637929275400,negative,0.0002558601085497765
1440340637971140616,negative,0.02007120198281002
1440340638440906757,negative,0.13543083168640943
1440340639917371404,negative,0.014854366840943463
1440340640475148288,negative,0.25141973757395236
1440340642857578503,neutral,0.5350859384509974
1440340643163738130,negative,0.009196262842054876
1440340645726474240,neutral,0.539879282281795
1440340651502030857,negative,0.16625507404718293
1440340656845574154,negative,0.09603773085762304
1440340658586226692,negative,0.11959344347450374
1440340659622137863,negative,7.785947917147305e-05
1440340660071006209,negative,0.02007120198281002
1440340662780497924,negative,0.07429522210644815
1440340664386867206,negative,0.02767555270867449
1440340665959792642,negative,0.0044376574757416945
1440340666832146447,negative,0.023093421536274986
1440340667595563014,negative,0.0009485862307850512
1440340674428092427,negative,0.06412563337781593
1440340674872705026,negative,0.23718091017611495
1440340675132727298,negative,0.016502347389555274
1440340677758369793,positive,0.9502784842137645
1440340678555230220,negative,0.08443116153614347
1440340679234768917,negative,5.7387503175804235e-06
1440340682137169930,negative,0.009196262842054876
1440340684607655938,negative,0.005479207009737639
1440340685194874881,negative,0.02332813790255687
1440340686855806979,negative,0.013316165570005804
1440340687715586056,negative,0.0018947039147568998
1440340689099767815,negative,0.2697965898796189
1440340689452109832,negative,0.01219037991170137
1440340694879465473,negative,0.3060226393404731
1440340695810600975,negative,0.18207742314716796
1440340696313982978,negative,0.04810612162202492
1440340697140240392,negative,0.07804048781972601
1440340697387700232,positive,0.8329349870429178
1440340699971416072,neutral,0.6567552400637309
1440340701665894406,negative,0.02767555270867449
1440340702135607309,negative,0.009196262842054876
1440340707802112004,negative,9.156238525961825e-05
1440340708414484485,negative,0.02767555270867449
1440340711153438726,negative,0.00022922210258927188
1440340711518269445,negative,0.005479207009737639
1440340711686115329,negative,0.00037044002319873437
1440340712986267649,negative,1.0118102647743082e-05
1440340719609139204,negative,0.0010272306823098669
1440340720078884870,negative,4.090597172185551e-09
1440340720712241160,negative,0.007402411899534764
1440340725321768971,negative,0.023093421536274986
1440340735832719362,negative,0.009196262842054876
1440340736075984897,negative,0.0025811162898898015
1440340737762029580,negative,0.02341292172742968
1440340738567409673,negative,2.1521713311635036e-05
1440340738793828359,negative,0.2180043522357488
1440340739725004801,negative,4.565800568197495e-05
1440340740534521876,negative,0.002238003555191015
1440340741973151751,positive,0.9892173273393133
1440340742912679941,negative,0.002274205915890544
1440340748319150091,negative,0.0084866968941372
1440340750470844417,negative,2.4443656806556927e-07
1440340750831550465,negative,1.4224516522327202e-09
1440340751955554313,positive,0.9104689843392296
1440340752995811343,negative,0.08094882338169956
1440340754904203271,negative,0.06095482882302184
1440340755344547843,negative,0.012101455530393105
1440340755348791308,negative,0.001949545414846824
1440340755784945683,negative,6.690767221386872e-08
1440340760453283844,negative,0.18271804609604325
1440340760830775306,neutral,0.4938013795412572
1440340761749254152,negative,0.0319882906294042
1440340762151952386,negative,0.11383391981447068
1440340765301903373,neutral,0.3611974546152558
1440340767080214529,negative,0.02767555270867449
1440340767583576078,negative,0.0008648134094381055
1440340770179801090,positive,0.7360477356199521
1440340774420238347,negative,3.3030250725159742e-06
1440340776857182224,negative,0.001232040025697256
1440340777746386946,negative,0.18718569924638945
1440340778908217349,negative,0.0017317797479545144
1440340783026999316,negative,0.009196262842054876
1440340784079794177,negative,0.07223704798985854
1440340784457273363,negative,6.063156213568498e-07
1440340784474038289,negative,0.13924083246349173
1440340789888897026,positive,0.939503580058176
1440340790081835012,negative,0.0001584873285048229
1440340790161534979,neutral,0.5057895380761488
1440340791520493587,negative,0.01335595731726602
1440340792808120339,negative,7.949878006164283e-05
1440340793156255746,negative,0.11789098409685081
1440340793718296592,negative,0.09827214089615509
1440340796692066309,negative,0.00031675676845852057
1440340797568610324,negative,1.4418281801455045e-05
1440340813771202579,negative,0.000138314465346852
1440340814060658695,negative,1.1525547771077616e-05
1440340814622724099,negative,0.0015996745768630742
1440340817621635082,negative,0.023093421536274986
1440340817697075202,negative,0.015220731711957763
1440340817793540115,negative,0.00020229791026431368
1440340817827094530,negative,0.023093421536274986
1440340818049449993,neutral,0.5614152023143125
1440340822084370437,negative,0.04249673511332401
1440340823992717323,negative,1.9782625999503626e-06
1440340824722608136,negative,0.03864370514268435
1440340826639396888,negative,0.005578351015090824
1440340826840698890,negative,0.032457505740043205
1440340827545296903,neutral,0.3326181731595341
1440340828384202761,negative,0.014278759631901214
1440340828388421644,negative,0.05041799100593473
1440340829449572362,negative,7.26085550164125e-05
1440340831458627587,negative,4.057839108087341e-08
1440340833434144779,negative,0.0003702698154064985
1440340833434169357,negative,0.04374786803827072
1440340833815855108,negative,0.03682016839379009
1440340840539312134,negative,0.01087089391923086
1440340841650798603,negative,1.6061074380287146e-07
1440340845685735426,negative,0.0015477954904480052
1440340846918860803,neutral,0.40351103155207263
1440340849766780943,negative,0.02767555270867449
1440340851150835717,negative,4.285285767498431e-08
1440340852434296845,negative,0.00999314178861097
1440340853222871049,negative,0.02007120198281002
1440340858121850894,negative,0.009196262842054876
1440340860076318724,negative,0.00022922210258927188
1440340860424450051,negative,2.3430556733280737e-05
1440340860697075725,negative,3.387532494633847e-06
1440340861053648900,negative,0.007402411899534764
1440340861233942530,negative,0.009196262842054876
1440340862622257157,negative,0.0027988486068414977
1440340864409030662,negative,0.036753989526061175
1440340864979456000,negative,0.08477150224827208
1440340865457606664,negative,0.023093421536274986
1440340867382796288,negative,0.0018388751627604716
1440340872319541248,negative,7.952952945916844e-06
1440340872978071553,negative,0.04295636050546059
1440340873154158606,positive,0.9844453983430719
1440340875742089226,negative,0.009196262842054876
1440340878145458182,negative,0.01667872527235098
1440340879105871885,negative,0.15788987955535935
1440340886102036482,negative,0.021838255120310242
1440340886294970376,negative,0.05119802920519273
1440340888794718217,negative,0.0065465728417252594
1440340889872703499,negative,0.023093421536274986
1440340892536082436,negative,0.061006114816178625
1440340892548624398,negative,0.23998727042985107
1440340893026828296,positive,0.6647491167173964
1440340893488222212,negative,1.1588378588629982e-05
1440340894226411525,negative,0.1054667319987044
1440340897938350088,negative,0.2864145558920463
1440340898173231115,negative,8.844443895537022e-09
1440340899897085967,negative,0.023093421536274986
1440340900693954568,negative,0.30774419587640817
1440340902740779021,negative,0.007254390058033015
1440340905391583243,negative,0.0006756125729621245
1440340905945223178,negative,0.007357578366045678
1440340906587000839,negative,0.0007338870258248786
1440340906834464775,negative,0.04865535618408838
1440340910026334217,negative,0.04810612162202492
1440340912664551427,negative,0.20698553495384012
1440340913457299464,negative,0.0025858840169539344
1440340916171014160,negative,2.1221930337469872e-05
1440340921199972361,negative,0.04311407752560965
1440340922047160339,negative,0.07429522210644815
1440340922705723400,negative,0.009196262842054876
1440340924119216150,negative,0.28185619519638017
1440340924182122498,negative,0.007700508215697587
1440340924635045894,negative,0.0065465728417252594
1440341034291007502,negative,0.0008809572093053516
1440341035939364871,positive,0.7871841804947196
1440341036249747466,negative,0.010808214898938961
1440341036912439301,negative,0.02007120198281002
1440341038489423889,negative,0.3108453595356801
1440341039139549185,negative,0.30296912931692
1440341041333166088,negative,1.943857503051174e-07
1440341041618427909,negative,0.15443733976365007
1440341054910189572,negative,0.036763927263729734
1440341055732256779,negative,0.11664287369575177
1440341058420764677,negative,0.0001584873285048229
1440341059632910338,negative,3.5649731507621645e-07
1440341061197385737,negative,3.5649731507621645e-07
1440341061608431616,negative,3.5649731507621645e-07
1440341061914660873,negative,3.5649731507621645e-07
1440341062090821637,negative,3.5649731507621645e-07
1440341062229237771,negative,0.02251412474930428
1440341062732578847,negative,3.5649731507621645e-07
1440341063487537158,negative,3.5649731507621645e-07
1440341073377726471,negative,0.12471372352075354
1440341076963835906,negative,0.03294639150495458
1440341077832003605,negative,0.2788576992762651
1440341081959239691,negative,0.023093421536274986
1440341087067926529,negative,0.09424039533383465
1440341089789964297,neutral,0.3895154497821916
1440341091383791630,negative,0.05213193576575051
1440341092176580615,negative,0.030122463379457405
1440341093116121093,negative,0.2186366811851303
1440341095427104786,neutral,0.5101226214277461
1440341095955648526,negative,0.07804048781972601
1440341096454782982,neutral,0.5556424010871375
1440341098363162637,negative,9.086755715376878e-05
1440341100175130635,negative,0.265490943696957
1440341102603628553,negative,0.00023707236818962612
1440341107217371147,negative,0.06370142448727825
1440341111327789056,negative,0.0005134429335787006
1440341115614351374,negative,0.00020229791026431368
1440341116499337220,negative,0.2553668717076079
1440341116574863382,negative,0.009196262842054876
1440341121331130370,negative,0.08878946170869388
1440341121603817484,negative,0.11078619631494939
1440341122438471683,negative,0.20698553495384012
1440341124057468931,neutral,0.5101226214277461
1440341125986807815,negative,0.0010272306823098669
1440341128708964367,negative,0.25612182030941616
1440341129069678602,negative,0.03300181035357585
1440341131376553989,negative,0.004294943028941619
1440341135725981699,negative,7.54772594035607e-09
1440341140029394944,negative,0.016502347389555274
1440341140742414345,negative,0.1174939541641192
1440341141606436864,negative,0.0015477954904480052
1440341141816164355,negative,0.10218700417111146
1440341142478876675,neutral,0.3917042642818412
1440341145754558476,negative,0.17959209253746744
1440341145989517316,negative,0.0293340569266054
1440341146828349483,negative,0.02007120198281002
1440341146962522122,negative,1.634299415056041e-05
1440341147709165580,negative,0.0002605467811452318
1440341148661215248,negative,0.30725793206365803
1440341150368370696,negative,0.023093421536274986
1440341151651827715,negative,0.03425843726271117
1440341153212088333,negative,0.03206761871955181
1440341154550018050,negative,0.0012013115842722953
1440341154784940033,negative,1.0180865881235504e-05
1440341155053334530,negative,9.086755715376878e-05
1440341155925794823,negative,0.04732194202122282
1440341156005482507,negative,0.08851113295451758
1440341156013871108,negative,0.003222538965588384
1440341156177403920,negative,0.30774419587640817
1440341157024698370,negative,0.22044718769418312
1440341158396194818,negative,0.04280813205342896
1440341160300408842,negative,0.020439369285364113
1440341161281929216,negative,0.17353468753524082
1440341162988949510,negative,0.002897307104583529
1440341164159164417,negative,0.04167810552363461
1440341166407356429,neutral,0.49789225920557484
1440341167959277575,negative,0.006985910665605688
1440341169733443594,negative,0.0005048477302960216
1440341170152902671,negative,1.4693199057920513e-11
1440341170819719168,negative,0.012007858256741506
1440341170819776512,negative,1.0481170348964864e-05
1440341170865856525,negative,0.0495308517219939
1440341172128415746,negative,0.006262593927787952
1440341172958814220,positive,0.9937840306458069
1440341179200008195,negative,0.009196262842054876
1440341181963989005,negative,0.0005134429335787006
1440341184254148616,negative,0.23694054097830297
1440341185550163974,negative,0.1331841804607499
1440341185734725639,negative,7.0187385454586e-05
1440341185885716480,negative,0.10261253270252965
1440341189337632768,negative,0.0019134934814019457
1440341193376763904,negative,0.030526327410669924
1440341195008339968,negative,0.013780409779351195
1440341195385757707,negative,0.17959209253746744
1440341197407481860,negative,0.12179899075858944
1440341199148126222,negative,0.0003895734161774958
1440341316823437312,negative,0.2575855655934476
1440341317091954705,negative,7.949878006164283e-05
1440341319205806093,negative,0.24559335856522774
1440341320329940996,negative,8.022526447414967e-10
1440341320342523919,negative,0.0955018204823528
1440341321449803778,negative,0.01585239417782141
1440341325199536131,neutral,0.3909938844444388
1440341326801735690,negative,3.820001243918911e-05
1440341327523160068,negative,0.00030380465037379884
1440341329704210441,negative,0.004968627815853647
1440341330463363073,negative,0.0007090639669966105
1440341331876847628,negative,0.0020291624423356934
1440341333336473601,negative,0.04408560092915886
1440341334888378378,negative,0.02007120198281002
1440341335119065094,negative,0.007254390058033015
1440341335605608472,negative,0.008732844773577823
1440341339380486146,negative,0.07804048781972601
1440341341087559682,negative,0.18795859623648656
1440341343713202181,neutral,0.46127768308170247
1440341348410789895,negative,0.27360054959443003
1440341351569117196,negative,1.5838847449473075e-13
1440341351938203652,negative,0.0006024855557010004
1440341352387002378,negative,0.12358602181410379
1440341353372610562,negative,0.0003444011235092327
1440341357206257673,negative,0.007357578366045678
1440341357344673795,negative,0.06370142448727825
1440341359127261192,negative,7.367462506505943e-05
1440341360414838804,negative,0.017819997722477013
1440341361731923972,negative,0.22848499870738168
1440341365578076164,negative,0.0015945888327863961
1440341365733224462,negative,0.02007120198281002
1440341365930422282,negative,0.05869338709131032
1440341367213867029,negative,0.0019376990735296823
1440341367385853954,negative,0.0006937130529364055
1440341367926910988,negative,0.07307267062527767
1440341368916697088,negative,0.060571956280357483
1440341370225364995,negative,0.014352171088362517
1440341371001311234,negative,0.030505321650565312
1440341373652123658,negative,0.21214902733660632
1440341373723369474,negative,1.737932760767395e-06
1440341376340672513,negative,0.00012485073380793502
1440341381747142665,negative,0.12622861524564158
1440341382233673739,negative,0.0011458434867214734
1440341385559769100,negative,0.04810612162202492
1440341387715624981,neutral,0.45853168971562913
1440341390660030474,negative,0.00010011452502029831
1440341390920015883,negative,2.624384102748935e-06
1440341391574331406,neutral,0.48728019602140255
1440341394086760453,negative,0.1135454137457509
1440341394216738820,negative,0.000138314465346852
1440341398931132419,negative,0.0018150270682988987
1440341400336232454,negative,0.0002695872689069915
1440341401313497094,negative,0.18392719709964284
1440341404610297863,negative,0.08878946170869388
1440341405239414800,negative,0.012044787170883565
1440341405314928654,negative,0.00015059077340966623
1440341412541722629,negative,0.003222538965588384
1440341413577719819,negative,1.5986548711243633e-05
1440341415557357575,negative,0.035713359970277546
1440341415754567683,negative,5.20782035046862e-12
1440341419034509316,negative,0.0008255104913095362
1440341419449741339,negative,0.010121931381629444
1440341419613310996,negative,0.00668105820124393
1440341423220412418,negative,0.040530634369516524
1440341423849574401,negative,0.07429522210644815
1440341431646777344,negative,6.579242537569963e-05
1440341435396485120,negative,0.0005134429335787006
1440341437883686916,negative,2.271322427186713e-16
1440341438722568200,negative,0.0033044092203714597
1440341439200722944,negative,0.17122494418158576
1440341439611740161,negative,0.0015477954904480052
1440341441209765892,negative,0.23998727042985107
1440341442258292741,negative,0.034249210271776034
1440341442514223107,positive,0.7325452109486974
1440341443168534535,negative,2.2920919959472334e-05
1440341443571159045,negative,0.03535284986059824
1440341444422606854,negative,0.020299030882176685
1440341447337672713,negative,0.20698553495384012
1440341448382025731,negative,3.8094932629941457e-06
1440341451582312466,negative,1.078501030573975e-05
1440341453578797067,negative,0.020299030882176685
1440341453733974016,negative,0.03529486543286336
1440341454732234759,negative,0.023093421536274986
1440341456430911494,negative,5.042394112863841e-06
1440341458465087500,negative,0.00817844376253881
1440341460209963019,negative,1.982121511306906e-05
1440341467369656326,positive,0.7871841804947196
1440341467419930635,neutral,0.6212922596067524
1440341467923316736,negative,3.387532494633847e-06
1440341468183293955,negative,0.0013257312054954188
1440341469861072908,negative,0.06649960921201745
1440341472016879639,negative,0.265490943696957
1440341472151150604,negative,0.012044787170883565
1440341472822259727,negative,2.1901429947112895e-06
1440341474684530694,negative,0.020359905334140543
1440341480153907207,negative,3.265035174538136e-09
1440341482678800387,negative,9.086755715376878e-05
1440341484276883458,negative,5.6826714876766585e-06
1440341490257956879,negative,0.009196262842054876
1440341549250797571,neutral,0.3499352441185855
1440341549502529542,negative,0.0005338882243851446
1440341554141429761,negative,0.006363792232378198
1440341554510454793,negative,0.1440887075378368
1440341554627969029,negative,1.9782625999503626e-06
1440341554669895691,negative,0.060861487897972556
1440341555538063362,negative,0.06916625427577187
1440341555592585231,negative,2.3943871136256315e-05
1440341556423102471,negative,0.13765273614307416
1440341557266182153,negative,0.00010011452502029831
1440341558675394566,negative,0.0013116026263711993
1440341561850490884,negative,9.086755715376878e-05
1440341564128038927,negative,0.01658737204059856
1440341564744605710,negative,0.010808214898938961
1440341569731645443,negative,0.25581899174664063
1440341569995894793,negative,0.023093421536274986
1440341571556106264,negative,0.0770556688029696
1440341571665203200,negative,0.003949645379594715
1440341572659253254,negative,0.0006756125729621245
1440341573997236225,negative,0.29502449652156665
1440341574576001033,negative,0.04295636050546059
1440341576106995721,negative,0.0440174061583079
1440341578048933892,negative,0.30915595225299347
1440341578745200654,negative,0.1638912380512509
1440341581555384332,negative,0.25581899174664063
1440341587427397638,negative,0.22691496931098662
1440341587762970628,negative,0.04295636050546059
1440341591483318273,negative,0.0008422158048445627
1440341592888340498,negative,0.0013910047412226307
1440341592951255046,neutral,0.41131413778873116
1440341594549342209,negative,5.2350319691998885e-05
1440341596625506311,negative,7.949878006164283e-05
1440341597787340806,negative,0.06065501826934401
1440341597820887040,negative,0.11154443292387338
1440341598026407942,positive,0.6907372809600184
1440341598986850312,negative,0.00013023700413016695
1440341599620190219,negative,0.0014222878668671477
1440341600391950341,negative,2.4443656806556927e-07
1440341600610050059,neutral,0.5266607897375037
1440341601511874571,neutral,0.49789225920557484
1440341603541929997,negative,0.02767555270867449
1440341604489785354,neutral,0.46127768308170247
1440341608138829826,neutral,0.49789225920557484
1440341609166430218,negative,1.2534526236055306e-12
1440341611301326855,negative,0.0959304419510937
1440341613100744715,negative,2.5743771863935625e-05
1440341613255938053,negative,0.23161336548969044
1440341613562060812,negative,0.009196262842054876
1440341615038455809,negative,0.006363792232378198
1440341620046499848,negative,0.0009496522589121738
1440341621485146116,negative,0.0025858840169539344
1440341625318768652,negative,0.22526532685473644
1440341627881492492,negative,0.00010011452502029831
1440341631606005761,negative,0.00046888920560094133
1440341631761207297,negative,0.0001456204855502686
1440341631815675904,negative,0.013316165570005804
1440341632612646924,negative,7.957431803823732e-06
1440341633451520009,negative,0.004930080861198276
1440341634999205893,negative,0.008130198823995455
1440341635875827715,negative,0.23998727042985107
1440341636064501763,negative,0.00999314178861097
1440341639327666190,negative,0.23857770830203762
1440341646835531776,negative,0.00865757163338121
1440341655190585347,negative,0.07839569446439199
1440341655333179397,negative,0.04295636050546059
1440341655731642375,negative,2.0905079653433972e-05
1440341656327258118,negative,9.156238525961825e-05
1440341657199669266,negative,0.005025691535231157
1440341658416009217,negative,0.177406132190233
1440341659149955074,negative,0.22044718769418312
1440341659665924100,negative,1.9782625999503626e-06
1440341661482045445,negative,0.002274205915890544
1440341662950064130,negative,0.016207483392219564
1440341667014275078,negative,0.17747251010522705
1440341717857681413,negative,0.036763927263729734
1440341721347280906,negative,0.30725793206365803
1440341721565388816,negative,0.010808214898938961
1440341721674489856,negative,0.005538346232669967
1440341722576265220,negative,0.023093421536274986
1440341722777538564,negative,0.014352171088362517
1440341724790804497,negative,0.02007120198281002
1440341725893959689,negative,0.0009466742128966865
1440341727571677190,negative,0.00015059077340966623
1440341727777210370,negative,3.388881530758228e-11
1440341729220038669,negative,0.009104202609055544
1440341731438837762,negative,1.4034131068552127e-07
1440341735289151495,negative,0.010808214898938961
1440341735423414278,neutral,0.5496678701602578
1440341737700921354,negative,0.009196262842054876
1440341740246867984,negative,0.06595789823423918
1440341741761011712,negative,0.0006756125729621245
1440341742859866113,neutral,0.433462020982999
1440341743010861066,negative,0.04295636050546059
1440341743459725320,negative,0.004079014079406315
1440341743501647880,neutral,0.4507454498615163
1440341745779150848,negative,0.02767555270867449
1440341748538953728,negative,2.2920919959472334e-05
1440341751256862731,negative,0.23718091017611495
1440341751336632322,negative,0.12358602181410379
1440341753584779264,negative,0.01669517402312876
1440341755379945479,negative,0.001949545414846824
1440341757670035462,neutral,0.37356359750014606
1440341757825224722,negative,0.06043217299602261
1440341760824123398,negative,0.06595789823423918
1440341762359193607,negative,0.014524257104408222
1440341762430550019,negative,0.026143193351998707
1440341766406762504,negative,0.03553744106677217
1440341768331882510,negative,0.30725793206365803
1440341775332220938,negative,0.008234749235958213
1440341775596474370,negative,1.801417715430169e-07
1440341776666038279,negative,0.001980210724757922
1440341777421004815,negative,0.010808214898938961
1440341779044188161,negative,1.1520352990024547e-14
1440341779912396804,negative,0.04295636050546059
1440341780658995208,negative,0.0038855284459481726
1440341787680198657,negative,0.1411285817082792
1440341788292571146,negative,0.0013781299140173701
1440341788468805642,negative,0.009196262842054876
1440341789567701002,negative,0.0011880465264378882
1440341790100389912,negative,0.11064226544767945
1440341791568367625,negative,0.02767555270867449
1440341792948326411,negative,0.07845062465369465
1440341794894479372,neutral,0.4248021417756691
1440341799462051852,negative,0.019785026631691793
1440341800913412096,neutral,0.5041929616071328
1440341801655681032,negative,0.00045627642526551213
1440341803396255753,negative,0.009196262842054876
1440341803685736448,negative,0.011548810794701903
1440341808639209474,negative,9.612294425977508e-09
1440341811013120000,negative,0.0020495826038098163
1440341815480098821,negative,0.17747251010522705
1440341815631114254,negative,0.0004480485149015831
1440341826729230342,negative,0.24545634886213077
1440341827446398981,positive,0.9039372599129406
1440341830101389315,negative,9.492907033305846e-06
1440341836946554884,negative,0.016502347389555274
1440341837290426378,negative,0.2769123787016933
1440341838506823684,positive,0.9975768705489301
1440341842826973188,negative,0.009196262842054876
1440341843938451460,negative,0.005095139236736712
1440341847180656645,negative,0.04810612162202492
1440341849462362120,negative,0.17747251010522705
1440341850083127297,negative,0.012044787170883565
1440341851362369542,negative,0.00010011452502029831
1440341853992153089,negative,0.00015059077340966623
1440341854646521874,negative,5.01892604986929e-05
1440341859964899341,neutral,0.37410201109036517
1440341859981660160,negative,0.265490943696957
1440341860560506891,negative,0.02007120198281002
1440341862619906052,negative,1.4173978216465362e-07
1440341862850514948,negative,9.109093474522217e-05
1440341862884151309,negative,0.1631925605448014
1440341863945302022,negative,0.2788576992762651
1440341870777753603,negative,0.02190420716221645
1440341876838522891,negative,0.0037889548860138983
1440341878763757579,neutral,0.49789225920557484
1440341879413882885,negative,0.04810612162202492
1440341887110422536,negative,4.0000719652464855e-09
1440341889870303246,negative,8.462101660725844e-08
1440341890700775426,negative,0.012044787170883565
1440341896061079562,negative,0.0011828668920168108
1440341896165875715,negative,0.00022922210258927188
1440341896308482059,negative,0.0003138934072959602
1440341898397245449,negative,0.25581899174664063
1440341900079218692,neutral,0.49789225920557484
1440341902184706057,negative,0.05815278613236232
1440341904227328002,negative,0.009196262842054876
1440341906613886976,negative,2.2920919959472334e-05
1440341907477991434,negative,0.04956026847406002
1440341908266512390,negative,5.089631123783576e-08
1440341909277315076,negative,0.014524257104408222
1440341909830979588,positive,0.8489804387998326
1440342029297352721,negative,0.05464370907616211
1440342029473501194,negative,0.04374786803827072
1440342033135067143,negative,0.04810612162202492
1440342033667788824,negative,0.0210436586519431
1440342038487076875,negative,0.005025691535231157
1440342038524825607,negative,0.0005134429335787006
1440342038952570884,negative,0.012044787170883565
1440342039808253963,negative,0.2801874214191204
1440342043188891664,negative,0.00012485073380793502
1440342047236395012,negative,4.300707860095176e-06
1440342047622238208,negative,0.00012072237176982167
1440342049937506309,negative,0.05721936700926681
1440342052537978881,negative,7.785947917147305e-05
1440342054836469770,negative,7.200033036836996e-05
1440342055436259340,negative,0.009196262842054876
1440342057600446464,negative,0.07845062465369465
1440342057696989199,negative,0.30725793206365803
1440342058477121550,negative,0.02007120198281002
1440342061190836231,negative,0.07429522210644815
1440342062289723402,negative,0.023093421536274986
1440342062621020162,negative,0.02767555270867449
1440342062788841477,negative,0.1054667319987044
1440342062864289803,negative,0.1009875763140484
1440342069076054033,negative,0.02767555270867449
1440342075296210950,negative,0.03226664880051129
1440342077422768130,negative,0.07429522210644815
1440342079264079878,negative,0.1733198615490139
1440342089045184523,negative,5.0382481640057135e-11
1440342089644920841,neutral,0.36854841358030765
1440342092522287104,negative,0.023093421536274986
1440342093747011596,negative,2.2920919959472334e-05
1440342093805678593,negative,0.00012072237176982167
1440342094791413762,negative,0.20217098728814012
1440342095445721106,negative,0.005025691535231157
1440342096695627780,negative,0.001642500517133417
1440342097609953291,negative,0.00022922210258927188
1440342099174440966,negative,0.2582446485092512
1440342099312865295,neutral,0.5514410120991461
1440342099891658752,negative,1.4671585161828923e-07
1440342100315238410,negative,0.050484449332347484
1440342100772462610,negative,0.02767555270867449
1440342101099626507,negative,0.31732489718339985
1440342102399864832,negative,9.539497706039511e-06
1440342108187947014,negative,1.569308198416873e-05
1440342108766814223,negative,0.13766654858239757
1440342108833914887,negative,0.08094882338169956
1440342109211398148,negative,0.009911994903032243
1440342110880763907,negative,0.0007090639669966105
1440342112629780493,negative,0.005025691535231157
1440342113015660559,negative,0.009196262842054876
1440342113577680912,negative,0.025108817120503255
1440342114269728785,negative,7.367462506505943e-05
1440342115515469826,negative,0.22526532685473644
1440342117142786053,negative,0.00010464617369571212
1440342120972177428,negative,0.07573601161511469
1440342122318553096,negative,0.265490943696957
1440342122587049985,negative,0.0001584873285048229
1440342124818436096,negative,0.04035873131350595
1440342126177357825,negative,0.0017317797479545144
1440342130069671942,negative,4.939172628759099e-11
1440342130799439879,negative,0.0006756125729621245
1440342132426883072,negative,0.0011517068368809326
1440342133001515017,negative,0.15960559452264758
1440342133806796811,negative,0.021316204895741132
1440342135912288267,negative,0.06043217299602261
1440342140609908743,negative,0.005025691535231157
1440342142736420869,negative,0.014393142000891588
1440342143634075654,negative,8.076506045933872e-05
1440342144879788033,negative,0.05887741456818324
1440342147824193543,negative,0.0664543382554059
1440342672254722056,negative,0.13924083246349173
1440342673307492357,negative,0.017701321503301247
1440342673664008195,negative,0.009196262842054876
1440342674398011394,negative,0.001353022644090008
1440342674746195969,negative,0.2186366811851303
1440342678831439882,negative,0.0003941672386541266
1440342684493750281,negative,0.00865757163338121
1440342686737698822,negative,0.023093421536274986
1440342687203295237,negative,5.042394112863841e-06
1440342689237458944,negative,0.00022922210258927188
1440342691250786309,negative,7.846057095069373e-11
1440342692894892040,negative,0.009196262842054876
1440342693113045002,negative,1.190743994126359e-05
1440342693322711050,negative,0.07429522210644815
1440342694362976262,negative,0.13390977578262162
1440342698326519809,negative,0.0037715277584406755
1440342702797643783,negative,0.07429522210644815
1440342704412528642,negative,0.00020229791026431368
1440342704974491651,negative,0.11064226544767945
1440342705687564293,negative,0.0885686818594372
1440342706413137923,negative,8.058513512677141e-05
1440342707356852225,negative,0.001654203989315814
1440342707520491523,negative,0.11700780811160286
1440342711807082500,neutral,0.42507619662732005
1440342714239709188,negative,0.023093421536274986
1440342715032502282,negative,0.014753814186935908
1440342716588572674,negative,4.312644294499715e-07
1440342716953423874,negative,0.06395806718706339
1440342717440032778,negative,2.9982187693496977e-06
1440342719738437638,negative,0.07429522210644815
1440342721617543181,negative,0.0004771521341853499
1440342727342788619,negative,0.06582038381021713
1440342728127094787,negative,0.16220373728505277
1440342728328368129,negative,1.569308198416873e-05
1440342729389535242,neutral,0.4640764122062533
1440342730853412870,neutral,0.44902422124758273
1440342733219000325,negative,0.009196262842054876
1440342735454564367,negative,0.006016569217447544
1440342735764946955,negative,0.02007120198281002
1440342738721906703,negative,0.07429522210644815
1440342741402066944,negative,0.023093421536274986
1440342741536280583,negative,0.02334543991066454
1440342744128376838,negative,0.06412563337781593
1440342746066079762,negative,0.0002298396277033423
1440342746095489043,negative,0.1583543543411277
1440342752483373076,negative,0.009169270118686502
1440342752521113611,negative,0.030706471685810137
1440342755692015626,negative,0.039512028518057615
1440342758086959114,negative,0.005479207009737639
1440342760289046528,negative,0.08951495808971474
1440342762600034307,negative,0.001654203989315814
1440342763405406220,negative,0.0084866968941372
1440342771470987279,negative,0.13924083246349173
1440342772062425098,negative,0.00998194695617701
1440342774662909968,negative,0.012462458561433671
1440342774956494852,negative,0.07429522210644815
1440342776642555909,negative,5.415356987082767e-06
1440342779477987345,negative,0.13628770277709085
1440342785320644624,negative,0.00020229791026431368
1440342787929477120,negative,0.04408560092915886
1440342788235694089,negative,0.007357578366045678
1440342788525084683,negative,0.009196262842054876
1440342792127991832,negative,0.30774419587640817
1440342792933232652,negative,0.07429522210644815
1440342793574961152,negative,0.01914275700211012
1440342795823169538,negative,0.00029499070292703306
1440342796070621191,negative,0.026155853792199105
1440342801686822912,negative,6.341532621841592e-07
1440342801850400772,negative,0.0070750831714147654
1440342806761852939,positive,0.9957378095011584
1440342807386869771,negative,0.00223804481736171
1440342807592329218,negative,0.04956026847406002
1440342810561957896,negative,0.0005659443004632662
1440342812227080202,negative,7.952952945916844e-06
1440342812424171525,negative,0.17436218534737688
1440342814731108361,negative,0.01250068335545965
1440342816719138833,negative,0.00020229791026431368
1440342817092472842,negative,0.15960559452264758
1440342819931967492,negative,0.00012485073380793502
1440342820343091203,negative,0.12556895380762498
1440342820565356553,negative,0.010808214898938961
1440342826848436232,neutral,0.4114104304952267
1440342827108425731,negative,0.13481647894088333
1440342829012635652,negative,0.02739534572107892
1440342829755088899,neutral,0.4248021417756691
1440342830082261001,negative,0.1765709549872744
1440342830208061442,negative,0.05584487052692936
1440342832196165638,negative,0.001587868485588499
1440342840068874247,negative,0.06281513635288143
1440342840790315008,negative,0.07429522210644815
1440342840853159941,negative,0.08074703287505981
1440342841100623884,neutral,0.4343926980834108
1440342842740645888,negative,1.7804591821071575e-05
1440342843428519943,negative,0.15960559452264758
1440342843768258569,negative,0.00010011452502029831
1440342845185953793,negative,0.009196262842054876
1440342845378887690,negative,0.11989822291040736
1440342848306483201,negative,0.009196262842054876
1440342848990154764,negative,0.10305679978169115
1440342849174736897,negative,0.04767768644787923
1440342919672565761,negative,7.957431803823732e-06
1440342920343666690,negative,0.0030728878841439224
1440342923292262402,negative,3.209886159133001e-05
1440342925003485204,negative,2.3738397238270267e-06
1440342925771038731,negative,0.026143193351998707
1440342926756700160,negative,0.009196262842054876
1440342931479547917,negative,0.06370142448727825
1440342936302985218,negative,0.1111350451716142
1440342936332369933,negative,0.009196262842054876
1440342939356434439,negative,0.007402411899534764
1440342944687345676,negative,0.1975383921457794
1440342945547259905,negative,1.2534526236055306e-12
1440342946281242627,negative,0.029217088792326065
1440342953658970115,negative,0.0006885927802639251
1440342954028064774,negative,1.0710616172358188e-06
1440342954942484486,negative,0.06412681540575493
1440342958482489356,negative,0.22526532685473644
1440342958931255298,negative,0.00389748953894977
1440342961649164290,negative,0.03964981854897986
1440342964354445318,negative,0.1856807530172181
1440342966833344526,negative,0.02767555270867449
1440342968519389186,negative,0.13924083246349173
1440342969937117186,negative,0.1595307110896395
1440342974794113028,negative,3.514742500497078e-06
1440342978791305220,negative,2.6779106276667364e-07
1440342978866737163,negative,7.253289834180277e-06
1440342981274337286,negative,0.13924083246349173
1440342982792605698,negative,0.012044787170883565
1440342984923381760,negative,0.07429522210644815
1440342989176336386,negative,0.02007120198281002
1440342991466479626,negative,0.03885114961228897
1440342992477245443,neutral,0.37874993579954885
1440342992573763590,positive,0.8487602565244556
1440342992699592711,negative,0.08524267840808906
1440342993349734402,negative,1.3520515536457913e-07
1440342994683514887,negative,7.902476644375615e-05
1440342995463667718,negative,0.010793091180203229
1440342996067577856,negative,0.265490943696957
1440342997015482376,negative,0.03285959065635749
1440342998269632514,negative,0.023093421536274986
1440342998550675461,negative,0.0006989957680069353
1440343001868353536,negative,0.03435632868092083
1440343001985785860,negative,0.30468958915460226
1440343004829523992,negative,0.007727573790367745
1440343006138093569,negative,0.17436218534737688
1440343011812990990,negative,0.003222538965588384
1440343012844851201,negative,0.1399829326686015
1440343013192921096,negative,0.003861644889285569
1440343015248121861,neutral,0.35062716053209303
1440343015252377603,negative,0.265490943696957
1440343016711983105,negative,0.07845062465369465
1440343021602492422,negative,0.026143193351998707
1440343021757734922,negative,3.3030250725159742e-06
1440343021946474498,negative,1.1194438154504152e-16
1440343024681177088,negative,0.21936072474714438
1440343025616515075,negative,0.023093421536274986
1440343025742348293,negative,0.1856807530172181
1440343031509520393,negative,0.12239827232910852
1440343031643729924,negative,0.009196262842054876
1440343031861833741,negative,0.018585984741619186
1440343032205758465,negative,0.04956026847406002
1440343033434677259,negative,0.023093421536274986
1440343035015942158,negative,0.10487307254855961
1440343035410141185,negative,0.009196262842054876
1440343035699597318,negative,9.539782513055214e-05
1440343037054386180,negative,0.038025832479885696
1440343041647149071,negative,0.014872628592969152
1440343042087481347,negative,0.2519856977187337
1440343044415385609,negative,0.010194583491824236
1440343101583753229,negative,0.0012788499714608149
1440343107850027011,negative,0.10218700417111146
1440343108072316942,neutral,0.39919723429629295
1440343108927905795,negative,0.12471372352075354
1440343109548732419,negative,0.0031713978083590284
1440343113009012747,negative,4.4339843966127665e-06
1440343113541689357,negative,0.21104975648066632
1440343113608744960,negative,6.439780047503896e-07
1440343114032431109,negative,0.019350967728936127
1440343114896449539,negative,0.16427597653130074
1440343119271108615,negative,0.30846149447997184
1440343119304683531,negative,0.001949545414846824
1440343120302919683,negative,5.7169608129066934e-05
1440343125059268609,negative,0.00012485073380793502
1440343126808219653,neutral,0.4993872718164519
1440343127097692174,negative,0.32634242480154974
1440343128846700548,neutral,0.6166102199641218
1440343134152454150,negative,0.25405393032277
1440343138518720512,negative,0.07447307239586994
1440343142000070660,negative,0.009196262842054876
1440343142402691072,negative,0.000851268681141201
1440343145196130307,negative,0.04956026847406002
1440343145640648720,negative,0.07429522210644815
1440343148933173267,negative,0.014352171088362517
1440343149725958151,negative,0.023093421536274986
1440343154171858956,negative,0.19355103467956936
1440343160954052613,negative,0.04035873131350595
1440343163223248911,negative,0.014393142000891588
1440343164280184840,negative,0.0001760760627025388
1440343164842229768,negative,3.4824434941453285e-10
1440343165597216769,negative,2.9809857715107103e-10
1440343166788329481,negative,0.03643971445203045
1440343169510494217,negative,0.15960559452264758
1440343170240237576,negative,0.10133750054252241
1440343171846733828,negative,0.00741170067610777
1440343173889282050,negative,0.005930987658811773
1440343174015111180,negative,0.0002780940270296049
1440343174610710539,negative,0.025792411856480187
1440343177647386626,negative,0.021561707973497667
1440343181061541894,negative,0.07429522210644815
1440343181208346627,neutral,0.4507454498615163
1440343184568057873,negative,0.1135454137457509
1440343184840617988,negative,0.0007698073999467096
1440343185947987983,negative,2.982301605041095e-08
1440343186212220928,negative,0.0015477954904480052
1440343186937839625,negative,0.002470484903813163
1440343187285954566,negative,0.22044718769418312
1440343191589322766,positive,0.8557162213054669
1440343191656353798,negative,0.00041175711121180735
1440343193921351705,negative,7.299390695121483e-06
1440343197159342090,negative,0.040530634369516524
1440343197167722504,negative,0.0019515265557355464
1440343199646502919,negative,0.0002628917483861252
1440343200460201989,negative,0.0006344345183727673
1440343201055797250,negative,2.775045985545313e-16
1440343202410553351,negative,0.02530598120485672
1440343205120147463,negative,3.838290498945046e-05
1440343205946355718,negative,0.029130232748718638
1440343206193872909,negative,0.0010272306823098669
1440343206856564742,negative,0.009196262842054876
1440343207582179340,negative,7.109613993257346e-08
1440343208123252745,neutral,0.49789225920557484
1440343219770773508,negative,2.660858706781512e-05
1440343221205229573,negative,0.001949545414846824
1440343223705108489,negative,0.00022210623238183436
1440343227668697105,neutral,0.6076419651546107
1440343228155195397,negative,0.029900569246079964
1440343229870723078,positive,0.6651166646704891
1440343233695916036,negative,0.023093421536274986
1440343240952057859,negative,0.004992722244489829
1440343242990448642,negative,0.05468156787212345
1440343244374609930,negative,0.10218700417111146
1440343248623390721,negative,6.129820200232595e-06
1440343249424506896,negative,0.11989822291040736
1440343252356403218,negative,0.04810612162202492
1440343252930990084,negative,0.23998727042985107
1440343252968738816,negative,0.01530794736460523
1440343255040741384,negative,0.029400370639505822
1440343255317504021,negative,0.010798070864671768
1440343256596811777,negative,0.02007120198281002
1440343257116921874,negative,2.3738397238270267e-06
1440343257678970889,negative,0.00010011452502029831
1440343258551382017,negative,0.021316204895741132
1440343263706107922,negative,2.2920919959472334e-05
1440343266344407052,negative,0.06742891340861407
1440343270203084810,neutral,0.49789225920557484
1440343270375100418,negative,0.14501380211800105
1440343271998251014,negative,0.00015154618860919422
1440343282656038918,negative,0.09925088377202822
1440343408283840532,negative,0.0032396869378885766
1440343409768615955,negative,0.02378250767641485
1440343415502172165,negative,6.579242537569963e-05
1440343416353689601,negative,0.16625507404718293
1440343419004485642,negative,0.007540291125728988
1440343422741536774,negative,0.014352171088362517
1440343423735656456,negative,0.07382953457990245
1440343428076765194,negative,0.004304962275308757
1440343430962434051,negative,0.22526532685473644
1440343434087133191,negative,0.2186366811851303
1440343436415016970,negative,0.007357578366045678
1440343437283262484,negative,0.0015414017839280902
1440343440697397251,negative,0.0002365698387556157
1440343441062326283,negative,0.004436183886109124
1440343444505825293,negative,0.0022670475900541777
1440343448679186439,negative,0.000731165360063595
1440343452089151494,negative,0.208260650894477
1440343453108359179,negative,0.009196262842054876
1440343457919164442,negative,0.15443733976365007
1440343458674184195,negative,0.0937433649412181
1440343461345955840,negative,0.2137783768494429
1440343466530119698,negative,9.086755715376878e-05
1440343469071822862,negative,0.04939938634966419
1440343469554167808,neutral,0.4938013795412572
1440343469692620814,negative,0.001406817761166791
1440343471080890372,negative,0.0019746167653425114
1440343471420633096,negative,0.06595789823423918
1440343474348298244,negative,2.3583577164394423e-08
1440343475329765381,negative,0.06275609732685251
1440343475493376001,negative,9.156238525961825e-05
1440343477171019777,negative,0.0020297225854585955
1440343478056062986,negative,0.011547292894229885
1440343479607914497,negative,1.569308198416873e-05
1440343481541558275,negative,0.004548715021445677
1440343481629622273,negative,0.011046946942832562
1440343481990332428,negative,0.0001296964009952035
1440343486121709582,negative,0.00023028584600899612
1440343490571894790,negative,3.6257727047479108e-06
1440343500852064256,negative,0.010808214898938961
1440343502253035527,negative,0.062497728566856134
1440343504480182274,negative,0.001949545414846824
1440343507009343499,negative,0.07429522210644815
1440343507965595662,positive,0.9860974033779776
1440343510482251784,negative,5.042394112863841e-06
1440343512071823364,negative,0.014872628592969152
1440343515922190357,negative,0.30484029355244935
1440343516891074575,negative,0.2186366811851303
1440343517050519556,negative,0.30296912931692
1440343525518807042,negative,0.0006188320781757808
1440343525661442058,negative,0.006363792232378198
1440343529058828301,neutral,0.3326181731595341
1440343534389760011,negative,0.32634242480154974
1440343537778769924,negative,0.023093421536274986
1440343540656066574,neutral,0.5101226214277461
1440343541088075789,negative,3.387532494633847e-06
1440343545567604749,negative,0.062497728566856134
1440343546184159232,negative,0.03226664880051129
1440343546649669639,negative,0.15255509992717525
1440343549199859714,negative,0.2440206471313282
1440343550982426640,negative,0.14996106079506763
1440343552102338571,negative,0.029540985590475518
1440343555382263814,negative,0.04810612162202492
1440343556002963457,negative,0.000651350447053363
1440343556963508237,negative,2.9809857715107103e-10
1440343558213357579,negative,7.088466327566116e-16
1440343558293098502,negative,0.02142564404714981
1440343638047744014,neutral,0.539879282281795
1440343638932787200,negative,2.3208601830809033e-05
1440343640954470412,negative,2.4384828691043486e-06
1440343646331490308,negative,0.00012485073380793502
1440343650362269698,negative,0.1733198615490139
1440343650752294914,negative,0.12456350148172984
1440343651897335811,neutral,0.4197108409034777
1440343652052602880,negative,0.0001296964009952035
1440343654049091591,negative,1.7180980604313337e-07
1440343656343367689,negative,0.30725793206365803
1440343659728162824,negative,0.265490943696957
1440343661493977091,negative,0.003821518489056928
1440343661800083475,negative,0.02767555270867449
1440343663230402572,negative,0.3069459091230173
1440343669320470540,positive,0.6999633342471059
1440343669706407954,negative,0.0001296964009952035
1440343670255878148,negative,2.0883567385677405e-08
1440343673288331276,negative,0.006481500706731478
1440343673774903308,neutral,0.5101226214277461
1440343676501127170,negative,0.00015059077340966623
1440343678766108681,positive,0.6858185610304982
1440343681202933781,negative,0.07393886478111271
1440343681819549700,negative,0.060819460499673024
1440343681999900681,negative,0.023093421536274986
1440343688979181578,negative,1.5613689994983856e-06
1440343694024982538,negative,0.07123274033483012
1440343698408030211,negative,9.136231721200294e-13
1440343703789268996,negative,0.04956026847406002
1440343704619814925,positive,0.7554575127624344
1440343705227989003,negative,0.040629000387992685
1440343709048926216,negative,0.19820373890200962
1440343714254114820,negative,6.033737093202778e-05
1440343719975084041,negative,0.010808214898938961
1440343724031037441,neutral,0.4938013795412572
1440343724991471617,negative,0.08276380744425207
1440343725079601157,negative,0.2186366811851303
1440343726992224257,neutral,0.6299928879264785
1440343727772295175,positive,0.8434946550983028
1440343731941494789,negative,0.00015059077340966623
1440343733019418629,negative,0.03536889886840475
1440343735825432580,negative,0.051499381391636956
1440343736819486722,neutral,0.3880669489665337
1440343737561800710,negative,9.704329474866678e-10
1440343737914191886,negative,0.02767555270867449
1440343740820848644,neutral,0.5577204826702168
1440343744608292864,negative,0.3069459091230173
1440343746462187527,negative,4.479210033828995e-07
1440343747875598340,negative,0.30500737709400394
1440343750513807364,negative,0.001406817761166791
1440343757581209619,negative,0.12222688296385707
1440343761897209858,negative,0.30774419587640817
1440343765944713225,negative,4.56823942545054e-05
1440343766192197646,negative,0.036763927263729734
1440343768595456002,negative,0.05152787992271353
1440343770470359040,negative,0.0010272306823098669
1440343770801709075,negative,0.0012926339425772299
1440343771812487170,negative,0.10753901239716922
1440343773662236677,negative,0.13481647894088333
1440343787482411023,negative,0.0002845208705977353
1440343787943776271,negative,3.73383089774901e-06
1440343789176979465,negative,0.010808214898938961
1440343790712094734,negative,0.009911994903032243
1440343794084319232,negative,0.04810612162202492
1440343794503729152,negative,0.002932868828572941
1440343796315656193,negative,3.387532494633847e-06
1440343797074849798,negative,7.367462506505943e-05
1440343798614089733,neutral,0.42690686166099573
1440343800149254147,neutral,0.40799401858459744
1440343805354414080,negative,0.04956026847406002
1440343806008692740,negative,1.3130936739487678e-08
1440343807904546824,negative,1.673120727331157e-06
1440343809561268233,negative,2.5663888834255076e-05
1440343810236510218,negative,0.07429522210644815
1440343813927620608,negative,0.19424450440936794
1440343819149447169,negative,0.30725793206365803
1440343820634263563,negative,0.002709529271879111
1440343821053616136,negative,0.00018098275408791624
1440343821359857670,negative,0.04392519957911452
1440343824673374211,negative,0.00046919143779994564
1440343825478606850,negative,0.1180716933564377
1440343826418176026,negative,1.849165347149113e-05
1440343827118583809,negative,0.1449611718250064
1440343830323097602,negative,0.01905981652535767
1440343831107436551,negative,0.037646023795140884
1440343832499867648,negative,0.05593326357975969
1440343832982265872,negative,0.05815278613236232
1440343833741447176,negative,0.2983220026016747
1440343835536543752,negative,0.16384318623787048
1440343836115365893,negative,6.579242537569963e-05
1440343837721837583,positive,0.9991291032372093
1440343839328272389,negative,0.26037498461859954
1440343840292950017,positive,0.774378866808659
1440343840943067136,neutral,0.5101226214277461
1440343844843708430,negative,0.009540263209068088
1440343850317332488,negative,0.0029951096631054457
1440343851634343946,negative,0.002419484900749859
1440343854071222277,negative,0.00015059077340966623
1440343854603931665,negative,0.04956026847406002
1440343856365518854,negative,0.011781999760073186
1440343856373854213,negative,0.010420649315159623
1440343858634625040,negative,0.09698809125221493
1440343862816346122,negative,0.07573601161511469
1440343863617458190,negative,0.0005134429335787006
1440343866184384526,negative,2.2408728720937674e-05
1440343867841073164,negative,1.1617228053373848e-08
1440343868096991236,negative,0.04295636050546059
1440343868541526018,negative,0.17436218534737688
1440343869460135942,negative,0.0007090639669966105
1440343870278029317,negative,1.416274114859867e-06
1440343871406239745,negative,0.05607942523021769
1440343871666352132,neutral,0.5101226214277461
1440343875961298958,negative,0.0044376574757416945
1440343879241256971,neutral,0.4248021417756691
1440343884337319950,negative,0.023325483971758904
1440343889802522631,negative,0.14501380211800105
1440343891366985730,negative,0.20120797568397142
1440343892365250579,negative,1.849165347149113e-05
1440343893032062977,negative,0.00020229791026431368
1440343893917134858,negative,0.08178362293776031
1440343895448055813,negative,8.076506045933872e-05
1440343896521773065,negative,0.22359813542255372
1440343902704201744,negative,1.9782625999503626e-06
1440343902951645201,neutral,0.638660859953617
1440343905560502284,negative,0.13644890619478564
1440343906164477955,negative,0.10305679978169115
1440343907519242243,negative,0.12239827232910852
1440343912434913290,negative,0.1583543543411277
1440343915710730256,negative,0.016207483392219564
1440343919598788615,negative,3.613617790090576e-06
1440343920257351688,negative,0.26037498461859954
1440343925697380376,negative,0.1679095104877978
1440343928247492608,negative,0.0019134934814019457
1440343930592129033,negative,0.022070431577339393
1440343930919215109,neutral,0.3663911719276795
1440343938020229125,negative,0.009196262842054876
1440343944651366403,negative,0.00039853277303659757
1440343944831770640,negative,0.11154443292387338
1440343948279517186,negative,0.026143193351998707
1440343950011682817,neutral,0.49789225920557484
1440343950095642626,negative,0.160546437686443
1440343951404265478,positive,0.9844453983430719
1440343956227694600,negative,0.0065465728417252594
1440343959478235143,negative,7.567104195013195e-09
1440343961277648900,negative,0.02767555270867449
1440343961667719183,negative,0.004136390628094532
1440343965018902531,negative,0.1856807530172181
1440343965044121606,negative,0.0015477954904480052
1440343972614787079,neutral,0.3641228075610855
1440343976435875845,negative,0.02767555270867449
1440343978457513985,negative,0.08764543980221796
1440343978574958605,negative,0.2186366811851303
1440343981129306115,negative,0.01530794736460523
1440343982354042888,negative,0.0001517242295728211
1440343983482290177,negative,0.009196262842054876
1440343984484728835,neutral,0.4938013795412572
1440343992604893184,negative,0.004936164294062319
1440343993427005440,negative,0.0003206681191837101
1440343993473122304,negative,0.011941725357000964
1440343994890739714,negative,0.0009625528054203715
1440343996212002821,negative,0.0002975789521050374
1440343996786638848,negative,0.0035007050732706094
1440343997155741702,negative,8.09687773850993e-05
1440343998065831938,negative,0.18795859623648656
1440344000414633987,negative,0.06617619399968155
1440344000565678085,negative,0.00953582341992932
1440344000569876488,negative,0.06617619399968155
1440344003543592968,negative,0.0004265357539594839
1440344003627536388,negative,0.1583543543411277
1440344003862417409,negative,0.25536797568553127
1440344006358044682,negative,0.00012485073380793502
1440344006639058946,negative,3.8211622222803335e-12
1440344008367095817,negative,0.00019953716880927706
1440344011684802567,negative,0.01250068335545965
1440344011873550336,negative,0.00020229791026431368
1440344016793444363,negative,1.6944027597902044e-06
1440344134527557636,negative,2.4571548676966433e-05
1440344136192716803,negative,2.7728476654201165e-07
1440344136989560834,negative,0.021273280916431762
1440344139669774337,negative,0.011941725357000964
1440344141867544583,negative,0.08900184799159831
1440344142320570388,positive,0.7219607950173831
1440344145785094154,negative,0.006363792232378198
1440344146842034178,negative,0.003501141504376159
1440344148054142979,negative,0.005646693404110002
1440344148389679111,negative,0.010808214898938961
1440344149853556751,negative,0.0002298396277033423
1440344150730174464,negative,0.29576914939625176
1440344154421149703,positive,0.8434946550983028
1440344155335495694,negative,0.07429522210644815
1440344159194288133,negative,0.00010572808567045917
1440344163489247232,negative,0.2642989205609141
1440344164634218498,negative,4.478734078466739e-07
1440344166089707526,negative,1.9280934332577963e-05
1440344170355298314,negative,9.156238525961825e-05
1440344172339204100,negative,0.011200475872795972
1440344172708257803,negative,1.8313744123754343e-06
1440344172800593927,negative,0.07839569446439199
1440344172850937859,neutral,0.3376614962807519
1440344173400391701,negative,7.98706235044623e-05
1440344181075955716,negative,0.0004072156504834982
1440344182216802313,negative,0.1399829326686015
1440344186142662665,negative,0.0022821295184294607
1440344187241570315,neutral,0.49789225920557484
1440344189670068231,negative,0.02767555270867449
1440344200512356359,negative,0.011511618613785973
1440344205377740802,neutral,0.5101226214277461
1440344206799638542,negative,7.96657513278961e-06
1440344207474917390,negative,9.490257625232377e-05
1440344211346182144,negative,0.008898312453234369
1440344211409162243,negative,0.20238778418024325
1440344212701016074,negative,0.12471372352075354
1440344217784442897,negative,0.04803835333639443
1440344218258456579,negative,0.026143193351998707
1440344221479682048,negative,9.086755715376878e-05
1440344223232892936,negative,0.17747251010522705
1440344223681691657,negative,0.3243573741993086
1440344224814141445,negative,0.004961827475410116
1440344225011273738,negative,0.04810612162202492
1440344226823245834,positive,0.9919890918347563
1440344227053854725,negative,0.003501141504376159
1440344229226561541,negative,0.009196262842054876
1440344229666967552,negative,0.08713886861658608
1440344229771821067,negative,0.004961827475410116
1440344234360381443,negative,0.009196262842054876
1440344237304795136,negative,5.042394112863841e-06
1440344238877593608,negative,0.22044718769418312
1440344239833899017,negative,0.0015477954904480052
1440344245961822210,negative,5.516151450415083e-05
1440344246834253825,negative,0.20547179712270142
1440344249145311243,neutral,0.4281884041235736
1440344249266933763,negative,0.013216729445035073
1440344249954803715,neutral,0.3663911719276795
1440344251607310340,negative,0.12222688296385707
1440344253507334147,negative,0.001949545414846824
1440344254165839884,negative,0.2073044531497637
1440344254572744713,negative,1.4006913374890294e-05
1440344254685933568,negative,0.006714935356709976
1440344255872921618,negative,0.04959092861816812
1440344256418172936,neutral,0.4667507605477464
1440344260042051594,negative,0.07804048781972601
1440344260058832909,negative,0.07429522210644815
1440344262286065671,negative,0.07382953457990245
1440344381685309454,negative,0.0084866968941372
1440344385342763017,negative,6.830773664539081e-09
1440344385900613649,negative,0.05196829894024612
1440344387980910594,negative,0.001949545414846824
1440344390111694854,negative,0.15960559452264758
1440344390145232899,negative,2.5575975208448505e-05
1440344396294090759,negative,0.026371210432494404
1440344398902878223,negative,0.0025811162898898015
1440344402648453131,negative,6.579242537569963e-05
1440344405685116936,negative,0.0505603588452132
1440344409267081228,negative,2.8381180559351036e-10
1440344410856644617,negative,0.14859121172013245
1440344413046120457,negative,0.13924083246349173
1440344413339729925,negative,1.569308198416873e-05
1440344413633335303,negative,9.086755715376878e-05
1440344413742325762,negative,0.17606638230311838
1440344414157619204,negative,0.0027688553640712425
1440344417857011712,negative,0.001406817761166791
1440344420386181124,positive,0.8675896433229355
1440344421287948310,negative,0.0018191094509147872
1440344424383352838,negative,0.0005990232644414388
1440344427474526209,negative,0.04295636050546059
1440344429567512582,negative,0.08555655360771175
1440344430540562436,positive,0.6626995094761026
1440344432348254214,negative,0.013316165570005804
1440344433304629248,negative,0.30725793206365803
1440344434315460619,negative,0.13924083246349173
1440344440778878980,negative,0.009196262842054876
1440344441881968651,negative,0.13262907378665528
1440344441940692995,negative,0.009196262842054876
1440344444750815241,negative,0.29676789564387285
1440344447066071053,negative,0.0007698073999467096
1440344449972785164,negative,0.0005336243427449608
1440344450480304136,negative,0.012044787170883565
1440344453189828621,negative,0.036857230966263047
1440344453516914693,negative,0.01299622440568495
1440344454640979973,negative,0.0001296964009952035
1440344455198896137,negative,0.05196829894024612
1440344456444596228,negative,0.05119802920519273
1440344457291857926,negative,5.2361095711563616e-05
1440344461460971529,negative,7.2699556570871475e-12
1440344462232723457,negative,0.29325413048225807
1440344463390375937,negative,0.005025691535231157
1440344464044617728,neutral,0.5101226214277461
1440344464233435149,negative,0.010808214898938961
1440344465277788176,negative,0.03431976693368864
1440344470923317257,negative,0.010808214898938961
1440344471007227912,negative,0.026168012434559976
1440344472122843152,negative,0.037646023795140884
1440344473230139394,negative,0.07804048781972601
1440344473842577410,negative,0.004033941806040659
1440344475709046790,negative,0.23998727042985107
1440344476157767684,negative,0.0015930531277924915
1440344477177024518,neutral,0.4737554465528978
1440344479530061830,negative,0.00017899775319929253
1440344480754769925,negative,0.04810612162202492
1440344482688344064,negative,0.005181545345543328
1440344495287988237,positive,0.9844453983430719
1440344496047222784,negative,5.224920020636616e-05
1440344496466583559,negative,2.0188442553479694e-06
1440344498798673929,negative,0.2788576992762651
1440344498802860038,negative,0.004961827475410116
1440344505018814474,negative,0.08879956541753184
1440344505215901703,negative,0.023093421536274986
1440344506289717248,negative,0.010626918907318601
1440344510643335170,negative,0.026143193351998707
1440344511457095692,negative,0.1765709549872744
1440344513004793866,negative,3.0554647878207866e-07
1440344513780670468,negative,0.0015477954904480052
1440344517194891266,negative,0.00015059077340966623
1440344521858895895,negative,0.0002975789521050374
1440344522186133517,negative,0.00019994045389795298
1440344530897698819,negative,0.012044787170883565
1440344531606540297,negative,0.0001985680673660676
1440344532311150598,negative,0.001303961343289171
1440344539386974215,negative,3.387532494633847e-06
1440344542205464578,neutral,0.6071526408722111
1440344542213931025,negative,6.247275209895151e-05
1440344546735321106,negative,7.367462506505943e-05
1440344551378456588,negative,0.04939938634966419
1440344565743951876,negative,0.06595789823423918
1440344566356275204,negative,0.00015059077340966623
1440344567685922830,negative,0.2021828894461095
1440344569325899793,negative,0.2186366811851303
1440344572496736257,negative,1.9947290582428325e-05
1440344573188861952,negative,3.3030250725159742e-06
1440344577802588163,negative,0.00020229791026431368
1440344582034657281,negative,0.00012357700871729364
1440344582441431054,negative,0.01299622440568495
1440344583057993735,negative,0.26154288880638493
1440344584018542599,negative,0.0006051832091189408
1440344585645924352,negative,0.2186366811851303
1440344588254793732,negative,0.18885278780317927
1440344588913238017,negative,0.0025026627789957764
1440344590372855818,negative,0.00027323635891460333
1440344590549073924,negative,0.004961827475410116
1440344592507834390,negative,0.2021828894461095
1440344598023266304,negative,0.007493570983540712
1440344604033703946,negative,0.01666215276670816
1440344606210609159,negative,0.022537975263785964
1440344607821205512,negative,0.009196262842054876
1440344636225064961,negative,0.04295636050546059
1440344637978279937,negative,0.0005753984159923951
1440344638624202754,negative,0.013316165570005804
1440344640062779393,neutral,0.3472290389240519
1440344640859742228,negative,0.1856807530172181
1440344646203293709,negative,1.5956289536763054e-07
1440344647113404430,negative,0.32915582865434
1440344648854036482,negative,0.011200475872795972
1440344650930221064,negative,0.15960559452264758
1440344661348917248,negative,5.569345744487474e-06
1440344661780885506,negative,0.04956026847406002
1440344662124818439,negative,0.09126996812948611
1440344665471873051,negative,0.012044787170883565
1440344665518010371,negative,0.06474736024705492
1440344666310799366,negative,0.006363792232378198
1440344669154525190,negative,0.00020229791026431368
1440344670702223360,neutral,0.46127768308170247
1440344671603937293,negative,0.054215113850220965
1440344680474943490,negative,0.006363792232378198
1440344682756644871,negative,2.059142784777519e-07
1440344684228845573,negative,0.009196262842054876
1440344687110283280,negative,0.0002502780832687844
1440344687542353925,positive,0.8210233015172765
1440344689740156932,negative,0.0025132684148165573
1440344690537091075,negative,0.008184278945600438
1440344691908616201,negative,0.07628073905581889
1440344694475481096,negative,0.00022922210258927188
1440344695024930829,negative,0.035041909303620784
1440344695826042882,negative,0.04295636050546059
1440344697898078210,negative,0.009851626221985762
1440344701815508997,neutral,0.36358204352955886
1440344705288396801,negative,0.2186366811851303
1440344705749766146,negative,0.0006577670304726555
1440344713005993994,positive,0.879158981205498
1440344713232408586,negative,0.02767555270867449
1440344714184564750,negative,0.0006287543779531469
1440344716051050499,negative,0.2747176545180043
1440344717699338250,negative,0.0007090639669966105
1440344719905595397,negative,0.009721990936887831
1440344723370037259,negative,0.0012740971265163246
1440344724791910418,negative,0.2186366811851303
1440344728357072905,negative,7.496416206655466e-07
1440344734971555841,negative,0.0167131327507069
1440344735189635074,negative,0.0016760066498581788
1440344735328006150,negative,0.0020366479357619783
1440344736531767299,negative,0.009196262842054876
1440344739153268739,negative,0.00018829456370752262
1440344742206722060,negative,0.22526532685473644
1440344742437347344,negative,0.002495285865614219
1440344747202154500,negative,0.00020229791026431368
1440344747235627014,negative,0.0001917540678776228
1440344833629966342,negative,0.0005336243427449608
1440344835387392012,negative,6.066407783295285e-06
1440344835639025674,negative,0.00466391682122545
1440344835752296452,negative,0.08441948816693348
1440344839749468163,negative,9.319306739469853e-05
1440344846204428289,neutral,0.5823330593361561
1440344847852863492,negative,0.16869262236824414
1440344848259686401,negative,0.32667192882550816
1440344849803202561,negative,0.003501141504376159
1440344852349161484,negative,0.1054667319987044
1440344856111448065,neutral,0.4173913957623813
1440344860200820744,positive,0.8210233015172765
1440344860205076485,neutral,0.37410201109036517
1440344860922245121,negative,0.04295636050546059
1440344860939087873,neutral,0.4938013795412572
1440344862113419277,negative,1.8313744123754343e-06
1440344863887687689,negative,0.023093421536274986
1440344865351503885,negative,0.032457505740043205
1440344869877075982,negative,0.2625504605249401
1440344872246906891,negative,0.0014222878668671477
1440344875224875159,positive,0.8210233015172765
1440344882996908040,negative,0.0011378456079881665
1440344883051384842,negative,0.029292996080039043
1440344883470823431,negative,1.114697288839472e-10
1440344885656055813,negative,0.06474736024705492
1440344886205566978,negative,0.1856807530172181
1440344887015084039,negative,0.00046919143779994564
1440344891591065601,negative,0.2421073717064255
1440344894032121867,negative,0.010808214898938961
1440344894942289932,neutral,0.343988657116278
1440344895550476305,negative,0.265490943696957
1440344898499055631,negative,0.007357578366045678
1440344900159959044,negative,0.002495285865614219
1440344901317640193,negative,0.05607942523021769
1440344902961827840,negative,0.009196262842054876
1440344903091834882,negative,0.06480856021644504
1440344912013127688,negative,0.04295636050546059
1440344918929543170,negative,0.28935377868269496
1440344920355573762,neutral,0.46127768308170247
1440344920569499661,negative,0.04388821000247341
1440344922536566787,negative,0.07382953457990245
1440344922620448780,negative,5.2724736773696265e-11
1440344923136409610,negative,0.22526532685473644
1440344923736199184,negative,0.00021510079622994946
1440344925300617223,positive,0.9183127138641288
1440344926412148744,negative,4.4961135586955514e-05
1440344930107355138,neutral,0.46127768308170247
1440344930543550477,negative,1.0874558638559434e-05
1440344930782617612,neutral,0.610822086884666
1440344933135650827,negative,0.013492307551109795
1440344933936680961,negative,0.009097323225291044
1440344934771396629,negative,0.002495285865614219
1440344935245307923,negative,0.00213600447543019
1440344937602551813,negative,0.00020229791026431368
1440344939112525829,negative,1.4460166293159876e-06
1440344944015667215,negative,0.016215468737557324
1440344944783151119,negative,0.32681515339211326
1440344944959393797,negative,0.003222538965588384
1440344947450802179,negative,0.00035897705336753377
1440344948503564290,positive,0.8210233015172765
1440344948583194629,negative,0.0008371633885740427
1440344948759425027,positive,0.9999925378102607
1440344949883428869,negative,6.579242537569963e-05
1440344950810431488,negative,0.0023943578027075412
1440344950843981835,negative,0.023093421536274986
1440344950948777986,negative,0.0001321749801304763
1440344952156819456,negative,0.18055884244749548
1440344953842851851,negative,7.051379656718123e-05
1440344963724693511,negative,1.448810152618954e-15
1440344964823588874,negative,0.04810612162202492
1440344967315013642,negative,3.514742500497078e-06
1440344969051443202,negative,0.04295636050546059
1440344971660333068,negative,0.20109793513259905
1440344973468073986,negative,1.6811631584719213e-06
1440344975720390666,negative,0.0323383940935352
1440344977754574850,negative,0.02767555270867449
1440344979214192644,negative,6.918797231696975e-05
1440344981613383681,negative,0.044054598814448946
1440344986210353157,negative,0.07393886478111271
1440344987326058500,negative,0.15960559452264758
1440344990257844237,negative,0.04956026847406002
1440344992115945473,negative,0.08900184799159831
1440330066005688322,negative,8.522807729863961e-07
1440330169063927815,neutral,0.33697404783957957
1440331293493891079,negative,0.020636739068760308
1440331344265891840,negative,7.24399193211682e-07
1440331394547216385,negative,0.01439913163410458
1440331427199873040,negative,0.01439913163410458
1440331458204233734,negative,9.056321993243315e-10
1440331491607605257,negative,0.0035715501733543675
1440331817626705924,negative,0.0001909553615935904
1440332107327303684,negative,0.0012352318852900477
1440332128139444231,negative,0.01439913163410458
1440332213631926274,negative,0.01439913163410458
1440332377608241168,negative,0.11061857957539915
1440332391894052866,negative,0.01439913163410458
1440332555379560448,negative,0.01439913163410458
1440332683796615170,negative,0.000167093673179241
1440332748099448847,negative,0.01439913163410458
1440333458052583434,negative,2.3337366894544988e-12
1440333733681238018,negative,0.07054425053464825
1440333900702621699,neutral,0.3663113263324901
1440334161663836161,negative,3.648562104712495e-08
1440334324482514946,negative,0.0006584979825336229
1440334441922977806,negative,3.5623404813743976e-10
1440334498999115777,neutral,0.5331848665783477
1440334588316827648,neutral,0.458452529704962
1440334718210228225,neutral,0.49789225920557484
1440334905204899850,negative,0.02353221252053743
1440334933751328776,negative,1.7079959677437173e-08
1440335070431043589,negative,0.0224507195228887
1440335091608158209,negative,0.026524658907723743
1440335166442856466,negative,0.294604401786131
1440335190388199430,negative,0.17496802836391875
1440335460077748226,negative,0.08881583254556477
1440335500099813397,negative,4.1947597441552714e-17
1440335571721748490,negative,2.9387433636240255e-07
1440335620702818315,negative,4.720060064579195e-09
1440336053785665543,negative,2.933105758089201e-16
1440336076921475082,negative,3.389550127049603e-14
1440336301400592390,negative,0.01439913163410458
1440336392941228040,negative,3.419015834985045e-14
1440336500810416133,negative,4.3623877270317654e-13
1440336540211712003,negative,2.282442692123029e-05
1440336885260292096,negative,2.0488437255354047e-05
1440336892512194564,negative,0.053382693897855396
1440336986456264717,negative,1.5462379010175493e-10
1440337159588749324,negative,1.5800751628689735e-16
1440337686443671565,negative,2.6477308774120737e-09
1440337919395303425,neutral,0.4737554465528978
1440338097795846152,negative,3.2454046014553296e-17
1440338283133734918,negative,0.01974486038042291
1440338485798342661,negative,0.03825393128541726
1440338642824667137,negative,8.100328760113592e-22
1440339156954075153,negative,0.01439913163410458
1440339245495828484,negative,4.221312498871437e-12
1440339330300407815,negative,1.2628371647529292e-10
1440339536094007300,negative,0.03825393128541726
1440339593602105348,negative,1.8192315961985045e-19
1440339769993482248,positive,0.8658914884011073
1440339800901382149,negative,0.09878866344413503
1440339814243471378,negative,1.973050871390709e-05
1440339844824109068,negative,4.585776278790455e-19
1440340191483293701,negative,2.1445255065015615e-09
1440340476209496076,negative,4.7755575155452876e-09
1440340524221669385,negative,2.2035842096194193e-05
1440340573349502992,negative,0.0016005411280314034
1440340667419414534,negative,0.025207897363583892
1440340764496564230,negative,2.5520367044031513e-06
1440340861913427977,negative,5.832117343475442e-13
1440340865818365955,positive,0.999999999995282
1440340911393705984,neutral,0.4496129981963387
1440340928628084738,positive,0.6824837810859113
1440340939277406217,negative,0.03293023952490974
1440340966037090319,negative,0.0002473077400072364
1440341012589678603,negative,3.0484499348719383e-19
1440341026535739393,positive,0.6824837810859113
1440341186460327956,negative,0.005884513079739805
1440341334053687300,negative,7.401191744325793e-12
1440341347488067593,neutral,0.5874328353734387
1440341521564246019,negative,1.0275154323226778e-07
1440341779706908688,neutral,0.49366654280472366
1440341834060816393,positive,0.6824837810859113
1440341887970250762,negative,4.568227646820173e-07
1440341924158656519,negative,1.4672131416437182e-06
1440342207676895239,negative,0.13247810989394998
1440342208125669385,neutral,0.395158102689321
1440342345262665730,negative,2.0229666525597032e-08
1440342445795930121,negative,0.3152566377677837
1440342495536185351,negative,0.21747171115795
1440342565358747659,negative,9.171000033068704e-09
1440342871849070604,negative,4.239189830232839e-06
1440342909224513544,positive,0.9677578713186897
1440343070801752072,positive,0.6824837810859113
1440343174182932493,neutral,0.48840725148220804
1440343190318419971,negative,1.3280699840430039e-11
1440343364981854213,negative,0.0006890704181628899
1440343437702688781,negative,4.7631730241351e-11
1440343482128756746,negative,0.30647691423800943
1440343698848444417,negative,0.205904372295765
1440343805757038598,neutral,0.5533970533999424
1440344247798951937,positive,0.6824837810859113
1440344338689507337,negative,0.03825393128541726
1440344890626379792,negative,0.10127831664571274
1440344962403495938,negative,0.2519123587241405
1440330851607203840,neutral,0.49789225920557484
1440333717017272321,negative,0.053383715196043804
1440334044596629523,neutral,0.49789225920557484
1440334875236593665,negative,0.02801141679105017
1440334921541701642,negative,0.006884874592441995
1440337464304943110,negative,0.00011794174389492958
1440337890504896514,negative,0.0005770954657060308
1440338160756543491,negative,0.17672755989941588
1440339896569237512,neutral,0.49789225920557484
1440342565153239042,neutral,0.4662169283079212
1440342711576326145,negative,0.00018864481769963196
1440343767374987267,negative,3.3453367967598226e-21
1440344165745786883,negative,0.0049751144477544465
1440344687303278594,negative,0.0007595733049568137
1440330234100731905,negative,0.0006385411480901555
1440330244452335618,negative,0.00036760120441282543
1440331631131193358,positive,0.831390722333375
1440331960396627980,neutral,0.49789225920557484
1440332063735828484,positive,0.831390722333375
1440332214374334468,negative,2.5663888834255076e-05
1440332517102415879,neutral,0.49789225920557484
1440332532130615309,positive,0.831390722333375
1440332553127301136,positive,0.831390722333375
1440333062915588103,negative,0.0006385411480901555
1440333229676908546,positive,0.831390722333375
1440333667243421698,positive,0.831390722333375
1440333750781440006,negative,2.5663888834255076e-05
1440334157758943237,neutral,0.49789225920557484
1440335359578017797,negative,2.5663888834255076e-05
1440335985343008773,negative,0.009854477404907021
1440336032797364228,negative,0.04140023960501486
1440336061633159181,neutral,0.49789225920557484
1440336333981974532,negative,8.367150054604387e-06
1440336355855192081,neutral,0.49789225920557484
1440336374582759430,positive,0.831390722333375
1440336475816480783,negative,2.5663888834255076e-05
1440336536138969097,negative,0.0014473117977094963
1440337215746240523,negative,0.01243203295515888
1440337678763888653,negative,0.011413307828394247
1440337803028484106,negative,0.01243203295515888
1440338921368391686,neutral,0.6022169295422164
1440338957074526224,positive,0.831390722333375
1440338968634028043,neutral,0.49789225920557484
1440339375674388487,positive,0.831390722333375
1440339393726730253,negative,0.01243203295515888
1440339795096469507,negative,2.5663888834255076e-05
1440340258340569102,negative,2.4338564057501694e-09
1440340289240006660,negative,0.0009235831481960943
1440340314384863246,negative,0.11649181784687002
1440340430147633156,neutral,0.49789225920557484
1440341045737230348,negative,0.00036760120441282543
1440341203321384967,negative,0.024576217820079578
1440341875483758609,neutral,0.49789225920557484
1440341935424630789,positive,0.831390722333375
1440341938851307527,neutral,0.49789225920557484
1440342766492389379,neutral,0.49789225920557484
1440342826399637522,negative,0.0006385411480901555
1440343118176346114,positive,0.831390722333375
1440344277603676172,negative,0.06113074817911593
1440344827619545095,negative,0.06370142448727825
1440329978126561281,negative,1.9447292965902794e-05
1440329979728781317,negative,0.021138055302525296
1440329982006513664,negative,0.058185533598711654
1440329982815838216,negative,5.797782103018831e-18
1440329994622828551,negative,0.003753093565976756
1440330002361303042,negative,2.1130961166914522e-05
1440330014373781504,negative,0.00023058216854622955
1440330021046874121,negative,0.10414454378589615
1440330038650437632,negative,0.0027343180899721082
1440330048272101390,negative,8.371190313051157e-12
1440330064000798722,negative,0.025468863233803984
1440330073433796629,negative,0.006661684148830345
1440330077749723141,negative,7.330943655219482e-11
1440330101783097354,negative,0.00407081355982326
1440330154362896392,negative,3.024527955793761e-10
1440330160436224012,negative,0.0016407996100791175
1440330163363868679,negative,0.1431894777391212
1440330192019341316,negative,2.3326997399446752e-06
1440330221190713351,negative,0.10414454378589615
1440330224059645971,negative,0.004912303866432952
1440330247912648721,negative,3.024527955793761e-10
1440330268527661063,negative,0.008279448586677866
1440330280091275267,negative,2.827660659751011e-09
1440330294146387970,negative,2.1564864036847468e-07
1440330295182442504,negative,0.22325973811215896
1440330296612691972,negative,0.3262649611456458
1440330307522088962,negative,0.0024421120786964016
1440330309988323331,negative,3.41440277543999e-05
1440330310709698568,negative,5.270374435438385e-06
1440330323984748550,negative,0.002411548011022577
1440330341525323781,negative,3.024527955793761e-10
1440330357383974912,negative,0.2368149390231566
1440330371099361289,negative,0.06475352301503018
1440330375612354568,negative,2.965094541465831e-09
1440330383510233097,negative,0.004912303866432952
1440330392347635717,negative,0.19056681373819245
1440330410173493261,negative,0.19056681373819245
1440330434638860295,negative,2.2593001234464937e-07
1440330439156060163,negative,3.024527955793761e-10
1440330441475563527,negative,0.002057361859787121
1440330444323508242,negative,0.0005654789015658155
1440330465748029446,negative,0.003753093565976756
1440330473008349198,negative,0.03168960232204907
1440330492528644106,negative,0.0414343524097533
1440330498585161736,negative,0.0032784706039789826
1440330506315259913,negative,0.008279448586677866
1440330523792920588,negative,0.04340712135996312
1440330530516393988,negative,9.817033121207074e-05
1440330574552465422,negative,7.43390146930144e-05
1440330595716911109,negative,0.003708943992800803
1440330604705243143,negative,0.19056681373819245
1440330611529371649,negative,0.0031449717977150623
1440330618525478923,negative,0.0032784706039789826
1440330620664631307,negative,0.17968266961526605
1440330621952299027,negative,0.19056681373819245
1440330626905772044,negative,3.077542717098426e-05
1440330641317326852,negative,3.024527955793761e-10
1440330650729345029,negative,0.03452391791278231
1440330653879312390,negative,0.008279448586677866
1440330654768451596,negative,8.835895154434197e-05
1440330656928579593,negative,0.0019003550342743232
1440330664235061249,negative,0.3262649611456458
1440330672795652100,negative,0.002057361859787121
1440330675844907015,negative,0.19056681373819245
1440330683323326466,negative,8.801971837520451e-06
1440330686699753480,negative,0.00029499070292703306
1440330698942861319,negative,7.190046174941464e-06
1440330700037636101,negative,0.20565205945981727
1440330700771577868,negative,0.20020604750792687
1440330734187675653,negative,0.002057361859787121
1440330734829330445,negative,0.03168960232204907
1440330799023230986,negative,1.1587129302166235e-08
1440330813824851970,negative,0.3262649611456458
1440330820565168128,negative,0.19056681373819245
1440330828223959049,negative,3.024527955793761e-10
1440330830950244356,negative,0.002057361859787121
1440330834758627330,negative,0.3262649611456458
1440330839322075147,negative,0.00032780277319462
1440330848394309646,negative,0.002057361859787121
1440330848574664705,negative,0.001318556938453698
1440330853633069065,negative,0.021138055302525296
1440330890350006280,negative,0.19056681373819245
1440330898604388366,negative,9.781882775331254e-05
1440330909203369993,negative,0.008279448586677866
1440330910876925953,negative,0.2368149390231566
1440330935552020492,negative,0.002057361859787121
1440330948751495179,negative,0.0007542004471696787
1440330956477321227,negative,0.03930085457682631
1440330957014245388,negative,0.021611543099272608
1440330959149174793,negative,0.2683390302977192
1440330965801340936,negative,0.24906571464111388
1440330969790119937,negative,4.4362255510338576e-10
1440330975817334802,negative,0.004777578908429691
1440330979122450432,negative,0.0003567327883208307
1440331015004721161,negative,1.1359586126814459e-06
1440331033728090120,negative,0.002057361859787121
1440331043639205907,negative,0.1315517183938268
1440331051197341703,negative,1.464694839327156e-07
1440331052552110089,negative,0.20812365875277364
1440331055001600000,negative,0.0011591345810227779
1440331057094533124,negative,2.6703860932899665e-08
1440331060521308166,negative,1.5652534661590883e-06
1440331077164224513,negative,1.753179212903196e-06
1440331086530158600,negative,0.04932738051399559
1440331088983851023,negative,0.07384870532141967
1440331101206048770,negative,0.10414454378589615
1440331102015541253,negative,0.19056681373819245
1440331123750363140,negative,0.008279448586677866
1440331130259918859,negative,2.8447083098213414e-05
1440331152611368970,negative,6.458709220040203e-09
1440331156822446084,negative,0.002057361859787121
1440331160324689936,negative,9.781882775331254e-05
1440331172043628544,negative,9.781882775331254e-05
1440331176527339532,negative,2.1397835182384574e-05
1440331180545433612,negative,0.06475352301503018
1440331184462991366,negative,1.520422294042485e-08
1440331189345153031,negative,2.3022151260315406e-09
1440331215781830668,negative,6.9178209636163536e-12
1440331221121200137,negative,9.512432223863122e-10
1440331223100911619,negative,0.000338796645234073
1440331223281192960,negative,2.283234530160353e-09
1440331231489523714,negative,0.19056681373819245
1440331264884547592,negative,1.471935767671691e-10
1440331271335395349,negative,8.501036499800564e-12
1440331281766649872,negative,6.736042753502044e-05
1440331288758554637,negative,0.3262649611456458
1440331292185296898,negative,0.005252706616718943
1440331296132124678,negative,0.19056681373819245
1440331301727309833,negative,0.00020249746678201945
1440331305372176388,negative,0.06475352301503018
1440331325479653395,negative,0.007398746269693533
1440331343498416134,negative,9.781882775331254e-05
1440331385575591943,negative,0.021138055302525296
1440331423269810187,negative,0.010975739617334347
1440331427795533832,negative,8.659610637959104e-05
1440331431088066562,negative,0.052279584845301916
1440331465355522054,negative,3.077542717098426e-05
1440331477397299205,negative,4.843458913527868e-10
1440331479347654659,negative,0.0009669954112693323
1440331492589125634,negative,5.704058096909704e-06
1440331511010529284,negative,9.781882775331254e-05
1440331551456174081,negative,3.077542717098426e-05
1440331553410744323,negative,4.3387251252398895e-09
1440331557575614470,negative,0.32503136079966266
1440331566173933576,negative,4.833645474062128e-06
1440331568422080513,negative,0.0032105157968415022
1440331576345174017,negative,4.833645474062128e-06
1440331594850443273,negative,0.002411548011022577
1440331612881768471,negative,0.005414106577990871
1440331637967888387,negative,0.002057361859787121
1440331642992693268,negative,0.002057361859787121
1440331648566845444,negative,2.928802558092419e-07
1440331648931799052,negative,0.001561513148274113
1440331663578255369,negative,4.573186068240496e-06
1440331673661423624,negative,0.12150863153160978
1440331685631905792,negative,0.008279448586677866
1440331708008599557,negative,1.336308835412269e-05
1440331715025641472,negative,0.0006373980274555672
1440331735661572100,negative,1.9905479233510413e-08
1440331744339632141,negative,0.3262649611456458
1440331756104650757,negative,2.39567881288809e-05
1440331784244248579,neutral,0.5136446707795853
1440331788061085698,negative,0.002411548011022577
1440331788878942209,negative,0.03168960232204907
1440331799507333127,negative,0.009470165982983324
1440331800077733895,negative,2.6897569812746018e-11
1440331802116165637,negative,2.2085481724096763e-06
1440331803735121923,negative,9.864374518032607e-12
1440331812924846083,negative,2.1130961166914522e-05
1440331817765064707,negative,3.892224168731997e-10
1440331830029262869,negative,0.002057361859787121
1440331831539220480,negative,0.002411548011022577
1440331836559749127,negative,0.19033209215646588
1440331848484208654,negative,0.0003319921703423082
1440331851596324864,negative,0.07017754569778789
1440331869451472897,negative,0.004912303866432952
1440331875977863181,negative,0.0003319921703423082
1440331891534491649,negative,4.626172724184539e-09
1440331918088622088,negative,9.832689246499536e-12
1440331936648421382,negative,2.23748694732326e-05
1440331939731312649,negative,0.018291462788269097
1440331972845338636,negative,0.0001896733105800339
1440331978272739330,negative,0.008283103370183578
1440331998443180042,negative,1.393097545564959e-05
1440332010094952449,negative,0.13861025951839
1440332038238662660,negative,1.4771600118911052e-06
1440332041283727365,negative,0.0006270338572241773
1440332087773462540,negative,0.3262649611456458
1440332090650681346,neutral,0.5476274825420858
1440332090692694038,negative,0.004064984096006078
1440332092152238081,negative,0.05586448554871166
1440332102088605717,negative,0.002057361859787121
1440332102445113363,negative,0.0009320486118278585
1440332107193090056,negative,4.630727982927142e-07
1440332139606646791,neutral,0.45470431267898165
1440332158493593606,negative,0.0022733478573619794
1440332168882913284,negative,7.997041868772131e-10
1440332173089800207,negative,4.3387251252398895e-09
1440332186981310478,negative,8.33923080123545e-07
1440332189808271374,negative,8.134501725615243e-12
1440332194958823429,negative,0.002057361859787121
1440332199815892999,negative,3.266080949106103e-06
1440332206359015433,negative,8.930454494166926e-05
1440332207478824965,negative,0.00029499070292703306
1440332223710855175,negative,0.1129594151199541
1440332225296232450,negative,2.020693116282738e-08
1440332231088566278,negative,0.2350581823773063
1440332266572374025,negative,0.005987947699761022
1440332267235131403,negative,0.010496462425095663
1440332269873287180,negative,0.18753273042843605
1440332271739830281,negative,1.073365537530452e-09
1440332282733027342,negative,0.03759629798975089
1440332288986808327,negative,4.1153860953724956e-05
1440332294963666950,negative,0.01947018098292512
1440332300005244935,negative,0.003623015942720812
1440332312051281923,negative,0.0007254942254802733
1440332319970127879,negative,5.255625498962058e-06
1440332324252487683,negative,4.626172724184539e-09
1440332330678112262,negative,1.2150603243667565e-06
1440332333052096533,negative,0.0891738113691209
1440332348340400137,neutral,0.5136446707795853
1440332355999133703,negative,9.334282958867189e-18
1440332378405097473,negative,0.002411548011022577
1440332381957681160,negative,0.002411548011022577
1440332400093908998,negative,1.8897439074262526e-06
1440332411531718660,negative,0.09472838575448997
1440332423540006922,negative,0.00046036529217158317
1440332434541670401,negative,4.51337309848341e-16
1440332437339336711,negative,0.19056681373819245
1440332440145256448,negative,0.06475352301503018
1440332464778399752,negative,0.3262649611456458
1440332465709600772,negative,0.01544490182930592
1440332467542446098,negative,0.07017754569778789
1440332470650486790,negative,7.632662845146617e-07
1440332475457163272,negative,4.224394897048445e-17
1440332482180640769,negative,3.5972496123628478e-06
1440332483258568708,negative,9.334282958867189e-18
1440332490623750145,negative,0.002057361859787121
1440332496479031299,negative,0.00045826463685938413
1440332496550256648,neutral,0.578479984244387
1440332513877000200,negative,0.0003319921703423082
1440332525805527054,neutral,0.3488631297622385
1440332526199861255,negative,0.19056681373819245
1440332532440973312,negative,0.02352476327315636
1440332540254961682,negative,0.0004965905539206127
1440332554201022470,negative,0.00034009362113104197
1440332563407462404,negative,4.588376454017189e-07
1440332569275289601,negative,0.004709635572124947
1440332576011407362,negative,3.2543691468647916e-06
1440332580276998152,negative,9.334282958867189e-18
1440332589345042433,negative,0.002411548011022577
1440332595670110209,negative,0.002057361859787121
1440332600099311617,negative,0.06475352301503018
1440332610224345097,negative,0.0003319921703423082
1440332611314876420,negative,0.3262649611456458
1440332623495131140,negative,0.004912303866432952
1440332629035814919,negative,3.839180987662934e-07
1440332634618404881,negative,0.3262649611456458
1440332667484917761,negative,7.560785554414023e-06
1440332676355923978,negative,0.0001491235955957403
1440332687349145608,negative,0.3262649611456458
1440332702398312459,neutral,0.5136446707795853
1440332723399237648,negative,1.6800921005300972e-09
1440332728004538380,negative,0.002057361859787121
1440332731666231312,negative,0.3262649611456458
1440332732467335172,negative,0.021138055302525296
1440332738104475668,negative,8.532188584812895e-08
1440332741887684618,negative,0.3262649611456458
1440332747759767563,negative,0.0005921510806453566
1440332755213062144,negative,0.06475352301503018
1440332755770822672,negative,9.017044541212402e-06
1440332788637392898,negative,0.0002083666445553407
1440332811777368072,negative,0.00029882865385442856
1440332811819372549,negative,0.026924944382964514
1440332812314238980,neutral,0.5030332264438171
1440332819167805452,negative,0.0009669954112693323
1440332825559912456,negative,4.391285149014204e-05
1440332848053964808,negative,0.11031959294109761
1440332860322304002,neutral,0.5030332264438171
1440332879377022986,negative,0.002411548011022577
1440332880400379913,negative,0.004354955254463703
1440332906052743178,negative,4.51337309848341e-16
1440332906891657226,neutral,0.5030332264438171
1440332940336975880,negative,0.002057361859787121
1440332941033238543,negative,4.725538050692218e-10
1440332953226145806,positive,0.9514986297050094
1440332962931699723,negative,0.31478058435893475
1440332980849762305,negative,0.021138055302525296
1440332985413165289,negative,0.14459067326151295
1440332989552939014,neutral,0.4663917579447527
1440332993290067977,negative,0.3262649611456458
1440332997098545158,negative,0.07244989034173828
1440333034285252610,negative,0.009470165982983324
1440333037820989449,negative,0.3262649611456458
1440333045442101258,negative,2.096614862947525e-05
1440333048994697217,negative,0.008279448586677866
1440333049678352391,negative,0.009146314449691186
1440333051930677254,negative,0.01570032523448151
1440333063221743628,negative,0.011050887773586662
1440333071077703687,negative,0.3262649611456458
1440333073426489353,negative,0.2727298559547791
1440333075922055168,negative,1.2784055666173839e-06
1440333084688220177,negative,0.15103669369856978
1440333118716604422,negative,0.17042824275725593
1440333131626680323,negative,0.0024739448458450737
1440333131647647756,negative,5.129943802070351e-05
1440333149968355336,negative,0.0012813492296953083
1440333181257805826,negative,0.002411548011022577
1440333196739035142,negative,0.000914654533126377
1440333234118619149,negative,0.2350581823773063
1440333234248712197,negative,0.01544490182930592
1440333247636856842,negative,0.0039023509173463037
1440333249113329668,negative,0.018291462788269097
1440333262723837953,negative,1.1960892392819527e-08
1440333263965360129,negative,1.3033429814707418e-10
1440333275692552195,negative,0.009470165982983324
1440333278012006421,negative,3.1009373247877464e-11
1440333283921825802,neutral,0.3917003367029877
1440333329631383554,negative,0.3262649611456458
1440333335327232007,negative,0.008279448586677866
1440333341098606602,neutral,0.5149741812493364
1440333348686073857,negative,0.19056681373819245
1440333391757393928,negative,0.002057361859787121
1440333405997056008,negative,0.002411548011022577
1440333408140365828,negative,4.932935983258045e-07
1440333444534333471,neutral,0.5320903658751094
1440333465698766853,negative,5.848451648093179e-11
1440333466617331718,negative,0.005612173218304969
1440333472288051208,negative,0.2853089695024018
1440333480341086212,negative,3.987325545060027e-11
1440333490084409350,negative,0.002411548011022577
1440333497613238276,neutral,0.365025625089714
1440333509776707598,negative,0.12150863153160978
1440333515774586889,negative,4.5195681890384755e-07
1440333518538567681,negative,0.0006560224041847011
1440333519503257600,negative,0.015943285485621995
1440333528437182473,negative,1.4160022112737055e-06
1440333557721747462,negative,8.046763061110609e-10
1440333576419954694,negative,0.002057361859787121
1440333594417713154,negative,0.0001395542675882599
1440333609391460353,negative,0.018335420243953904
1440333613199810564,negative,0.0009669954112693323
1440333617712877572,negative,4.391285149014204e-05
1440333646594936843,negative,1.4830441232316556e-06
1440333659936985099,negative,7.591070281007779e-08
1440333678324817935,negative,0.00322150719519513
1440333711828918291,negative,0.3262649611456458
1440333749678329864,negative,0.002057361859787121
1440333760428269571,positive,0.8523838730653985
1440333767395069964,negative,0.06071838489563363
1440333777117466625,negative,6.354317651339783e-07
1440333812664180738,negative,0.0032784706039789826
1440333813096214535,negative,0.008279448586677866
1440333831811203074,negative,9.781882775331254e-05
1440333842385027074,negative,0.04932738051399559
1440333867437547531,negative,0.03968203850811833
1440333875624824835,negative,1.4194034924538562e-08
1440333885691203585,negative,0.026924944382964514
1440333894666964993,negative,9.781882775331254e-05
1440333896118255623,neutral,0.5136446707795853
1440333898173464579,negative,0.0643040422631747
1440333928854786048,negative,4.037759272580562e-07
1440333945841717256,negative,0.03968203850811833
1440333950279323649,negative,0.004912303866432952
1440333954603573248,negative,0.00029499070292703306
1440333974581116929,negative,0.02904775165161407
1440333989990985731,negative,2.662225178236868e-10
1440334004754870282,negative,1.9560070768408723e-09
1440334015035174931,negative,4.4136154293162e-09
1440334042402983946,negative,0.001846978294045898
1440334058806910986,negative,0.004431297522837452
1440334073344364557,negative,0.005612173218304969
1440334103488831495,negative,0.00047102872891381474
1440334110682091527,negative,0.002411548011022577
1440334118944862211,negative,0.002057361859787121
1440334124548382725,negative,5.814966439169565e-11
1440334128046489614,negative,0.12150863153160978
1440334156156735503,negative,0.00029499070292703306
1440334163463184402,negative,4.208974562072798e-12
1440334193427316737,negative,0.06475352301503018
1440334196220719110,negative,0.10324874164918446
1440334220933558280,negative,0.18195899572571597
1440334224486064141,negative,0.003753093565976756
1440334240239931394,negative,0.03827373713327992
1440334241846349826,negative,1.921106983892566e-05
1440334244320972806,negative,0.00012145222171456102
1440334248062246925,negative,0.3262649611456458
1440334255347798019,negative,0.2022117639181395
1440334256232824838,negative,1.1980599194007776e-05
1440334276285775875,negative,5.22441558060209e-06
1440334285941084169,negative,8.309030023271469e-09
1440334293134311437,negative,2.4476436524275173e-05
1440334298465271819,neutral,0.6517550771006018
1440334300822446085,negative,0.004117925581425724
1440334307889872900,negative,0.13910863378873214
1440334322146242561,negative,3.181704925397002e-05
1440334324973195269,negative,0.005612173218304969
1440334362982027271,negative,4.626172724184539e-09
1440334363409801227,neutral,0.3448789537043245
1440334368040312832,negative,0.00017187848944407117
1440334370397515776,negative,4.3387251252398895e-09
1440334373664878605,negative,1.7584337837317154e-08
1440334390517592068,negative,0.0001993650445356242
1440334411493380098,negative,2.1954780870269426e-05
1440334414441947136,negative,0.002057361859787121
1440334425280036875,negative,0.010496462425095663
1440334425389105156,negative,2.7962068991804597e-05
1440334432661950468,negative,0.2350581823773063
1440334434176094219,negative,1.4174923056682578e-08
1440334442296274947,negative,3.181704925397002e-05
1440334450806558728,negative,0.021138055302525296
1440334459459366930,negative,0.002057361859787121
1440334479789203457,negative,0.0032784706039789826
1440334487083044879,negative,0.3262649611456458
1440334507765161984,negative,0.002411548011022577
1440334509434540039,negative,5.8659377671135225e-09
1440334519970631683,negative,0.002057361859787121
1440334532121489410,negative,0.06475352301503018
1440334575192854528,negative,0.06094715444873737
1440334578472816681,negative,0.3262649611456458
1440334606478168078,negative,1.8144338127556855e-11
1440334608654995468,negative,0.17386100705953242
1440334608688554005,negative,0.2368149390231566
1440334624958205959,negative,0.10414454378589615
1440334634592522247,negative,0.002057361859787121
1440334645996896258,negative,0.24896019032329592
1440334669271089152,negative,3.181704925397002e-05
1440334683938582530,negative,3.181704925397002e-05
1440334690456461316,negative,0.002057361859787121
1440334697301569544,negative,0.0003319921703423082
1440334701265178631,negative,3.181704925397002e-05
1440334703165202440,negative,0.3262649611456458
1440334708353605645,negative,0.0003319921703423082
1440334709976801284,negative,0.000338796645234073
1440334732932177920,negative,0.05800804858168889
1440334742608433165,negative,0.2350581823773063
1440334756302909444,negative,0.007783976018254359
1440334763189936144,negative,0.005612173218304969
1440334766495068169,negative,1.0037466977734424e-05
1440334767552036870,negative,3.181704925397002e-05
1440334769993117702,negative,0.01544490182930592
1440334794001317896,negative,0.002411548011022577
1440334842344849414,negative,0.000914654533126377
1440334842881712133,negative,8.667969976890802e-07
1440334851874254862,negative,3.704839904433654e-05
1440334852167913477,negative,0.022244596469193353
1440334856852946954,negative,0.030934789869150398
1440334891179118592,negative,0.00020576458081837703
1440334905271930880,negative,0.0007254942254802733
1440334933759721485,neutral,0.49789225920557484
1440334936402116618,negative,0.3252714188127478
1440334937282924557,negative,0.0027343180899721082
1440334954848669700,negative,0.008279448586677866
1440334955721023503,negative,0.0003540186330873344
1440334957382017044,negative,0.002057361859787121
1440334958657110024,negative,0.2350581823773063
1440334971822960646,negative,0.003077445171402005
1440334985513226240,negative,4.1532134831012735e-11
1440334995982204932,negative,0.002057361859787121
1440335039858757644,negative,0.0006560224041847011
1440335040429232138,negative,3.548835318132898e-12
1440335045898559511,negative,0.010693796301716949
1440335053964251139,negative,0.00017187848944407117
1440335074415632387,negative,0.04937293420995512
1440335096439967748,negative,2.6866321923690733e-10
1440335112940388353,negative,0.006086168337826873
1440335113582112774,negative,0.005812139916286306
1440335116887203841,negative,0.0006271221661171506
1440335136868823040,negative,0.036996890201308
1440335142371807232,neutral,0.3448789537043245
1440335146817781769,negative,0.001063349768816134
1440335148713611278,negative,0.008279448586677866
1440335169592852489,negative,3.181704925397002e-05
1440335190220369926,negative,0.2541240403081234
1440335201905774610,negative,0.035371177737284036
1440335220230668297,negative,4.0936858240937623e-05
1440335286853013516,negative,0.0006560224041847011
1440335292309729283,negative,0.12489694843393528
1440335306448723975,negative,0.0003319921703423082
1440335307996426250,neutral,0.3760331722842451
1440335308139098117,negative,4.0936858240937623e-05
1440335316754124822,negative,4.3976773807151645e-07
1440335318633226253,negative,0.3262649611456458
1440335320667418631,negative,4.0936858240937623e-05
1440335323213414413,negative,4.0936858240937623e-05
1440335350673510410,negative,0.02332034937496178
1440335355027148805,negative,0.0010413875221223356
1440335360496525313,neutral,0.49789225920557484
1440335399889424394,neutral,0.36961486898826895
1440335409037209601,negative,9.925031741268093e-09
1440335409779593225,negative,7.591070281007779e-08
1440335417706901508,negative,2.020693116282738e-08
1440335418684100608,negative,0.005389477956784264
1440335424308740100,neutral,0.5734974318249496
1440335429278978050,negative,0.06475352301503018
1440335429320921095,neutral,0.487980366762386
1440335442046382097,negative,0.02065790571707214
1440335446366511114,negative,3.181704925397002e-05
1440335454285406221,negative,0.06475352301503018
1440335454818033670,negative,0.03285812511692938
1440335459599597569,negative,2.1549180514532565e-12
1440335474564866053,negative,4.523772839311178e-06
1440335477454761990,negative,6.126012820126816e-05
1440335483192496133,negative,4.0936858240937623e-05
1440335484371099653,negative,0.008279448586677866
1440335488519266311,negative,0.0028494472275808693
1440335502914162689,negative,0.010479965151690848
1440335517791309825,negative,0.0003799372198921889
1440335518353346561,negative,3.181704925397002e-05
1440335547214413840,negative,0.002411548011022577
1440335552239177738,negative,6.458709220040203e-09
1440335571365158925,negative,9.017044541212402e-06
1440335574829731848,negative,2.8039770694656178e-08
1440335576520015874,negative,0.00019566419645009918
1440335576775815180,negative,0.008279448586677866
1440335589522378756,negative,4.0936858240937623e-05
1440335590155718663,negative,7.869450349581681e-07
1440335601899761673,negative,0.021138055302525296
1440335602696671235,negative,9.224384266654083e-17
1440335606509232131,negative,0.0019397887173937972
1440335607264264201,negative,3.902248222857889e-15
1440335614616883224,negative,0.0010375858243930009
1440335618274316292,negative,0.00019566419645009918
1440335631838683141,negative,0.19056681373819245
1440335632644001794,negative,0.00010440578835315275
1440335633851961346,negative,0.002411548011022577
1440335635508711444,negative,0.2350581823773063
1440335641766555650,negative,0.003623015942720812
1440335649899368452,neutral,0.6286084483312019
1440335655440027658,negative,2.0377965116405722e-10
1440335670208188424,negative,0.0002255666588507721
1440335670581465092,negative,4.0936858240937623e-05
1440335671458107401,negative,0.010479965151690848
1440335685215416329,negative,2.0018569969943752e-07
1440335706467942400,negative,3.181704925397002e-05
1440335713623371777,negative,3.181704925397002e-05
1440335719268950032,negative,0.002057361859787121
1440335726319583234,negative,5.542982108788333e-08
1440335745466597380,negative,0.008279448586677866
1440335749702819840,negative,0.008279448586677866
1440335754970890249,negative,4.0936858240937623e-05
1440335763820875785,negative,0.0010396080743028666
1440335766014496775,negative,0.00019566419645009918
1440335770921750538,positive,0.9975768705489301
1440335778060455944,negative,0.002057361859787121
1440335784314224660,negative,0.00019566419645009918
1440335822562082822,negative,0.002057361859787121
1440335825711996931,negative,0.06054922790965603
1440335880934232071,negative,0.021138055302525296
1440335883228434437,negative,0.002057361859787121
1440335885329780743,negative,7.999774749669199e-10
1440335885631774732,negative,3.181704925397002e-05
1440335889251536905,negative,3.181704925397002e-05
1440335897719816201,negative,3.181704925397002e-05
1440335897828814860,negative,0.037727306849021286
1440335905093406725,negative,0.0012664030283421194
1440335930410237954,negative,4.0936858240937623e-05
1440335937834143746,negative,4.0936858240937623e-05
1440335948638687251,negative,4.307437609906308e-06
1440335962186268676,negative,0.0005955305370103076
1440335965059305480,negative,4.0936858240937623e-05
1440335973603102728,negative,0.3262649611456458
1440335976044236813,negative,0.000966611093045069
1440336009288323077,negative,0.032510208606179286
1440336014141104134,negative,0.00019566419645009918
1440336015982415877,positive,0.7404173529827339
1440336023813177350,negative,0.002411548011022577
1440336045556469760,negative,0.011358267198068853
1440336052326055945,negative,3.181704925397002e-05
1440336056881074186,negative,0.00019566419645009918
1440336063839424521,negative,0.010479965151690848
1440336125864779780,negative,0.0009669954112693323
1440336130755284995,negative,0.2793490805409956
1440336148098805775,negative,0.06475352301503018
1440336150602797071,negative,0.00019566419645009918
1440336155027804163,negative,0.002411548011022577
1440336158123122696,negative,4.7624200982499784e-05
1440336167400984578,negative,0.002057361859787121
1440336188016005122,negative,0.0014771647984476142
1440336192201912336,negative,0.3262649611456458
1440336207947329539,negative,0.012657082658767829
1440336209641758727,negative,0.037239229725037425
1440336214184185861,negative,2.4539262270816835e-06
1440336219922071559,negative,0.3262649611456458
1440336220584767494,negative,1.2964296094173085e-05
1440336222434447368,negative,2.286606690731992e-07
1440336228981755917,negative,0.033161203893479804
1440336233150889994,negative,0.00019566419645009918
1440336285843918862,negative,3.181704925397002e-05
1440336297751552009,negative,0.002057361859787121
1440336301467652108,negative,0.00019566419645009918
1440336316865003532,negative,0.0003034014375624069
1440336326889381889,negative,4.0936858240937623e-05
1440336331855458308,negative,0.0003319921703423082
1440336333273059332,negative,0.018988336798126004
1440336346401239051,negative,4.0936858240937623e-05
1440336382493224967,negative,3.077542717098426e-05
1440336409026449411,negative,4.224939739110509e-06
1440336410544771081,negative,0.002411548011022577
1440336415846322178,negative,3.181704925397002e-05
1440336439913287680,negative,3.181704925397002e-05
1440336459739713543,negative,0.07110638171072334
1440336459802710018,negative,0.3262649611456458
1440336463476846608,negative,0.0007254942254802733
1440336476324069376,negative,1.775198707196959e-10
1440336492539170816,negative,1.0037466977734424e-05
1440336502790115331,neutral,0.5057895380761488
1440336511329701903,negative,0.010479965151690848
1440336516241190914,negative,0.0272868137940648
1440336533156814849,negative,0.002411548011022577
1440336547513921539,negative,0.03168960232204907
1440336548608704525,negative,0.005823800737618474
1440336553474097165,negative,4.0936858240937623e-05
1440336561489412098,negative,4.0936858240937623e-05
1440336562034642945,negative,4.0936858240937623e-05
1440336564941246473,negative,0.00019566419645009918
1440336583056494594,negative,0.2368149390231566
1440336594041409555,negative,4.626172724184539e-09
1440336594804744196,negative,1.0037466977734424e-05
1440336595689689093,negative,0.011307787663870377
1440336595748458507,negative,0.00019566419645009918
1440336608549490696,negative,0.002057361859787121
1440336610097197072,negative,0.235019550501162
1440336631240675335,negative,0.005823800737618474
1440336632725454858,negative,0.006639975507957012
1440336633723711493,negative,6.145952970475291e-07
1440336637053968386,negative,2.6700314837862556e-07
1440336639050407943,negative,0.00019566419645009918
1440336644104544270,negative,0.005823800737618474
1440336646600212495,negative,3.181704925397002e-05
1440336672105779211,negative,0.2350581823773063
1440336677088624647,negative,0.006982103058270597
1440336686261538829,negative,0.005823800737618474
1440336697414144008,negative,0.09189914645500018
1440336714883485713,negative,0.3262649611456458
1440336730482036739,negative,0.005823800737618474
1440336737411035147,neutral,0.4483283889356538
1440336759544377357,negative,3.663336516954548e-10
1440336765680701455,negative,0.00019566419645009918
1440336783145799690,negative,1.1741863886490992e-10
1440336795837755405,negative,0.0008853043589151705
1440336797024751633,negative,4.723080083080068e-06
1440336804385755137,negative,0.002057361859787121
1440336826124750859,negative,0.002057361859787121
1440336826716229632,negative,0.010479965151690848
1440336829174009866,negative,0.01119336827074893
1440336844546134033,negative,0.005823800737618474
1440336844634279938,negative,9.084239594753059e-07
1440336851307417610,negative,0.005823800737618474
1440336854469935122,negative,0.004829329900462133
1440336872425734147,negative,0.08187820824186215
1440336878759075844,negative,3.181704925397002e-05
1440336895238565904,negative,0.07315483559762567
1440336910606499842,negative,0.008279448586677866
1440336924573536259,negative,0.025929705205632397
1440336944479674369,negative,3.181704925397002e-05
1440336944949387273,negative,0.002057361859787121
1440336979472748544,negative,0.008279448586677866
1440336989077708801,negative,0.002057361859787121
1440336994073153548,negative,0.0006560224041847011
1440336995029446656,negative,0.003266008149999837
1440336999043321856,negative,6.265002819500261e-05
1440337023538130951,negative,1.6011722854745564e-07
1440337037182189571,negative,0.03269058017750313
1440337044853592074,negative,0.002411548011022577
1440337050742386695,negative,0.008279448586677866
1440337057184772099,negative,0.14077889956661618
1440337062817779714,negative,2.020693116282738e-08
1440337063778271233,negative,0.005823800737618474
1440337064793296899,negative,7.725595201845298e-09
1440337066043187202,negative,0.018291462788269097
1440337077313277967,negative,4.7624200982499784e-05
1440337089455792137,negative,1.0037466977734424e-05
1440337111903662083,negative,0.05586448554871166
1440337125606498306,negative,0.010479965151690848
1440337128957698060,negative,0.005823800737618474
1440337137400905742,negative,0.021138055302525296
1440337145294516224,negative,0.14077889956661618
1440337145843965955,negative,2.8118670677226616e-05
1440337159152488456,negative,0.029747040455405865
1440337179243253762,negative,4.307437609906308e-06
1440337184452534281,negative,0.005823800737618474
1440337190643404810,negative,4.0936858240937623e-05
1440337200789426187,neutral,0.5057895380761488
1440337203414986766,negative,0.00817395755069558
1440337204543254538,negative,4.0936858240937623e-05
1440337204765548557,negative,0.002411548011022577
1440337212537663493,negative,0.037727306849021286
1440337220750114816,negative,0.007053448918125394
1440337226009698324,negative,0.0003837401093946973
1440337228991893509,negative,1.0037466977734424e-05
1440337239569944591,negative,3.429095415434578e-08
1440337240912130058,neutral,0.4614058829626494
1440337249338417161,negative,8.260801544050957e-08
1440337268074418181,negative,0.008279448586677866
1440337282683203593,negative,2.7963531407302724e-07
1440337298667696132,neutral,0.48647802636819193
1440337315566551047,negative,2.202740945949225e-06
1440337351998275597,negative,0.00019566419645009918
1440337357174030339,negative,0.0004521324013113653
1440337376933408783,negative,0.0004430601761809184
1440337400132083728,negative,2.127531599949318e-06
1440337414229094405,negative,0.1613484570339575
1440337420889694221,negative,4.3387251252398895e-09
1440337421762056207,negative,1.2598451780693512e-06
1440337429148278786,negative,0.00019566419645009918
1440337429659996160,negative,3.181704925397002e-05
1440337433367703561,negative,0.0032784706039789826
1440337452632137736,negative,0.1613484570339575
1440337455345909763,negative,4.626172724184539e-09
1440337476019621897,negative,0.005823800737618474
1440337476569092100,negative,0.0009669954112693323
1440337484123045906,negative,0.0001395542675882599
1440337486593462276,negative,4.0936858240937623e-05
1440337488854196233,negative,1.2625060173782624e-05
1440337491140046856,negative,0.1613484570339575
1440337504868061193,negative,0.023373782025777785
1440337510849077250,negative,5.270374435438385e-06
1440337511411175430,negative,0.0076799283513473565
1440337512099024909,negative,0.00019566419645009918
1440337516654051331,negative,0.005823800737618474
1440337518256275458,negative,0.00019566419645009918
1440337525961379840,negative,0.1929534126657818
1440337526003228672,neutral,0.5533972726634687
1440337530826592256,negative,0.002411548011022577
1440337533091516422,negative,0.0003319921703423082
1440337542927163412,negative,0.1613484570339575
1440337557531754496,negative,0.002411548011022577
1440337570609594387,negative,0.003623015942720812
1440337579119837200,negative,0.1613484570339575
1440337582118739994,negative,0.037727306849021286
1440337614599426061,negative,1.8897439074262526e-06
1440337621310337033,negative,0.3262649611456458
1440337628482523136,negative,2.7350601587212125e-06
1440337641275158536,negative,0.1613484570339575
1440337647071744004,negative,0.00297881648748956
1440337650297163783,negative,0.05065778405188076
1440337669125337099,neutral,0.578479984244387
1440337673990725643,negative,0.004912303866432952
1440337690000429056,negative,1.0726158620671601e-07
1440337695356567558,negative,3.181704925397002e-05
1440337718404284417,negative,0.002411548011022577
1440337722116239362,negative,1.917934373875959e-05
1440337725865926663,negative,0.012045967323828564
1440337742630580248,negative,1.9739006204949606e-07
1440337748078968834,negative,7.934212241876397e-08
1440337755033112585,negative,5.8740661558157455e-05
1440337759281893384,negative,0.023945871538482176
1440337769151172619,negative,0.14077889956661618
1440337792161042432,negative,0.16818711214020152
1440337816618078214,neutral,0.5136446707795853
1440337820451627012,negative,0.3262649611456458
1440337820963389440,negative,0.005045479372964425
1440337822557237265,negative,0.0909065003650632
1440337829788205057,negative,0.02436569145505683
1440337832858423301,negative,0.037727306849021286
1440337849052590084,negative,0.004117925581425724
1440337858078797828,negative,4.3387251252398895e-09
1440337859018330124,negative,0.0005955305370103076
1440337863216824332,negative,0.002411548011022577
1440337865750159365,negative,0.005823800737618474
1440337871840317460,negative,4.0936858240937623e-05
1440337880178520073,negative,0.11037800155115875
1440337903943442442,negative,0.010496462425095663
1440337909245038595,negative,0.005823800737618474
1440337931944660994,negative,1.0654725467532317e-05
1440337936285798400,negative,2.566488002148782e-07
1440337942300409859,negative,0.06475352301503018
1440337948579299335,negative,0.022519017329490066
1440337960314945536,negative,0.005612173218304969
1440337962869264400,negative,0.00032809029546592566
1440338008847237121,negative,1.6528565331948566e-07
1440338009266606086,neutral,0.5136446707795853
1440338033128001540,negative,0.16453553701516313
1440338036454137861,negative,0.005823800737618474
1440338067215175680,negative,0.3262649611456458
1440338095224721419,negative,0.002057361859787121
1440338114677936132,negative,0.000524443472398157
1440338151596183557,negative,0.0001796132255344978
1440338156759371789,negative,0.007736518853827077
1440338167123439622,negative,0.002411548011022577
1440338197192458249,negative,0.00019566419645009918
1440338197418950668,negative,0.0022981796772951098
1440338201931968515,negative,0.03437115350044961
1440338217740374028,negative,0.0027343180899721082
1440338239244562445,negative,4.0936858240937623e-05
1440338244118351881,negative,0.04101388848549068
1440338246718799872,negative,2.909828169644677e-07
1440338253610057736,neutral,0.5057895380761488
1440338261314920452,negative,0.0014002355941934285
1440338263386963969,negative,4.0936858240937623e-05
1440338289022566416,negative,0.024325486398508653
1440338289521618958,negative,0.0007691935409722371
1440338301433507844,negative,0.002057361859787121
1440338318042931208,neutral,0.5136446707795853
1440338322899943428,negative,1.8099234206600613e-07
1440338368290717712,negative,3.0273374645786673e-05
1440338376444448768,negative,0.0002708342209054798
1440338379862732804,negative,0.004829329900462133
1440338381251043331,negative,4.391285149014204e-05
1440338404646928400,negative,0.002411548011022577
1440338415036207108,neutral,0.5533972726634687
1440338415208173570,negative,0.005612173218304969
1440338421944258566,negative,0.00019566419645009918
1440338426142683137,neutral,0.5057895380761488
1440338428629962756,negative,4.0936858240937623e-05
1440338454357823495,negative,2.2844392713366651e-07
1440338460175261702,positive,0.8281497662047008
1440338500390305798,negative,0.00029499070292703306
1440338509340889090,negative,0.00019566419645009918
1440338515028443157,negative,0.002411548011022577
1440338533391036420,negative,0.06320861341595609
1440338538612936711,negative,0.0179521696907938
1440338555063046152,negative,0.03532379316660976
1440338559051780098,negative,0.2368149390231566
1440338567759155214,negative,0.03443549063807756
1440338595936489478,negative,4.0936858240937623e-05
1440338601225572368,negative,0.002411548011022577
1440338605633769480,negative,4.174913983337976e-11
1440338623690199047,negative,8.467444719958899e-11
1440338651230064640,negative,0.006969771373481443
1440338655285952524,negative,0.005612173218304969
1440338656124829700,negative,7.792434679973992e-13
1440338678895628288,neutral,0.5057895380761488
1440338685161967624,negative,0.01039632997117335
1440338703260418064,negative,0.00019566419645009918
1440338716220805120,negative,0.005823800737618474
1440338724798152710,neutral,0.5748265540358051
1440338765151555588,negative,0.008455720409394683
1440338768242696200,negative,0.0004887911343220883
1440338769354182658,negative,0.0014341241853057887
1440338773200363524,negative,4.70260130755926e-05
1440338779076640771,negative,1.7295102016911198e-08
1440338782251667457,negative,0.007736518853827077
1440338785426821122,negative,0.08187820824186215
1440338788249595910,neutral,0.5057895380761488
1440338803269386250,negative,0.05228361211619631
1440338838891548682,negative,0.003727004779945214
1440338841445888007,negative,0.005823800737618474
1440338847083032579,negative,0.0032784706039789826
1440338859431120908,negative,1.1340241256993033e-12
1440338876778758145,negative,0.03132557398293198
1440338889567191043,negative,3.2436457082356996e-05
1440338901789384705,negative,0.023945871538482176
1440338916620398605,neutral,0.41298027691389205
1440338936291741699,negative,0.0032784706039789826
1440338937856225280,negative,1.5814047296313905e-13
1440338964397756421,negative,0.3262649611456458
1440338965354012677,negative,2.954826762177916e-08
1440338989353881610,negative,0.00019566419645009918
1440339005250293761,negative,0.005823800737618474
1440339042701217794,negative,0.002057361859787121
1440339053237338123,negative,0.0003799372198921889
1440339064150892561,negative,0.11031959294109761
1440339066000592907,negative,0.0007254942254802733
1440339078151499777,negative,0.010479965151690848
1440339100750397454,negative,2.451994503921555e-06
1440339104340738052,negative,0.001309031300388166
1440339110053306378,negative,0.008279448586677866
1440339130718638083,negative,4.0936858240937623e-05
1440339163253936139,negative,0.0007691935409722371
1440339163362959365,negative,0.3262649611456458
1440339194941870082,negative,0.00017187848944407117
1440339207747039245,negative,0.00017983086282286005
1440339219793149963,negative,0.008279448586677866
1440339244212314117,negative,0.019906300206663795
1440339249035763725,negative,2.7237862267763534e-08
1440339266039521281,negative,0.0009669954112693323
1440339268367380485,negative,1.1168015046817518e-06
1440339293587722243,negative,0.008279448586677866
1440339293940043790,negative,3.3315198110483464e-05
1440339315498700815,negative,7.565346847328332e-05
1440339320863219730,negative,4.0936858240937623e-05
1440339327565762566,negative,1.3884630218498629e-07
1440339349468446722,negative,0.06725012691007873
1440339384255979522,negative,0.035802550635286236
1440339430556930057,negative,2.167711638493763e-05
1440339431852949510,negative,0.002411548011022577
1440339473951195153,negative,0.005823800737618474
1440339492024438799,negative,0.051323892140499094
1440339496579452928,negative,0.00017187848944407117
1440339520876994563,negative,0.008279448586677866
1440339539151581186,negative,0.022344056534125918
1440339542230192139,negative,0.002057361859787121
1440339578024443914,negative,0.002411548011022577
1440339604586987527,negative,0.004960869096894871
1440339621796200468,negative,0.06320861341595609
1440339644931985419,negative,0.013723215500952016
1440339645888229385,negative,2.3923877156368906e-05
1440339723491237897,negative,1.64475139392406e-08
1440339730961354768,negative,0.006446034073350982
1440339744093663237,negative,3.3172800843398315e-07
1440339765212057606,negative,0.002411548011022577
1440339778499579911,negative,0.05495393305781666
1440339783272730628,negative,0.026107008634240605
1440339787542523910,negative,3.181704925397002e-05
1440339788763054080,neutral,0.5136446707795853
1440339797323640842,negative,0.00023825131453517604
1440339803564744711,negative,0.002411548011022577
1440339806882451465,negative,0.3262649611456458
1440339848276054031,negative,0.02926760756736566
1440339853451751425,negative,0.002411548011022577
1440339894295928839,negative,5.7582185713388494e-08
1440339909080875009,negative,9.687842411307252e-07
1440339914843824132,negative,0.08214137510288937
1440339929989451784,negative,1.3284131604561496e-06
1440339937040080901,negative,0.003623015942720812
1440339939984478230,negative,0.19056681373819245
1440339942253551617,negative,0.003623015942720812
1440339991536685067,negative,1.2539686127221515e-09
1440340007122702339,negative,0.02926760756736566
1440340007869321221,negative,0.0009669954112693323
1440340039121227776,negative,0.01662921417812233
1440340042061283348,neutral,0.5136446707795853
1440340045894873091,negative,0.010479965151690848
1440340049342517257,negative,7.773389723866331e-11
1440340050806411268,negative,0.002057361859787121
1440340070968356872,negative,0.019845359352531563
1440340074638372869,negative,2.2597769970674957e-05
1440340085115809798,negative,0.035821775597869115
1440340114417217538,negative,4.17204878645325e-12
1440340123699191818,negative,0.003817345564999643
1440340124001128454,negative,0.3262649611456458
1440340134784692249,positive,0.913638072898491
1440340144347750405,positive,0.8705307798308255
1440340168431472645,negative,0.002057361859787121
1440340179399544832,negative,0.22304969779722522
1440340203080597504,negative,0.002529780851497088
1440340206243049482,negative,3.181704925397002e-05
1440340211049787397,negative,1.172094078055743e-16
1440340213746659336,negative,5.687602262631656e-10
1440340224748314641,negative,2.8275056864962445e-06
1440340276250230784,negative,0.00014145049203325731
1440340278884265990,negative,4.4387060002536215e-07
1440340281396641799,negative,0.002057361859787121
1440340309422972938,neutral,0.37874993579954885
1440340311776006153,negative,0.16453553701516313
1440340383729213440,negative,3.181704925397002e-05
1440340388171055113,negative,0.0003319921703423082
1440340390234624016,negative,0.002411548011022577
1440340397629210635,negative,5.683951829802015e-10
1440340449038766083,negative,1.8398350195634104e-05
1440340465438507016,negative,1.937853432224698e-13
1440340472292003848,negative,0.002057361859787121
1440340473948766219,negative,0.0487852938900327
1440340481280409612,negative,4.0634690533547e-06
1440340494005927947,negative,0.19063709716953503
1440340505884180487,neutral,0.5057895380761488
1440340511269654537,negative,0.008279448586677866
1440340527338037270,neutral,0.5057895380761488
1440340552029933568,neutral,0.5136446707795853
1440340552864526336,negative,1.7799187498483594e-06
1440340561882333198,negative,0.0005060105315692096
1440340566470893575,negative,4.0936858240937623e-05
1440340575408951302,negative,0.3262649611456458
1440340598863458322,negative,4.0936858240937623e-05
1440340601023524867,negative,0.04340739704511129
1440340601048731655,negative,0.2578091733824362
1440340601807859722,negative,0.0022702206587985703
1440340627653226501,negative,4.723080083080068e-06
1440340638243774468,negative,0.005823800737618474
1440340641154666501,negative,0.000338796645234073
1440340650277294089,negative,0.0003319921703423082
1440340651896279049,neutral,0.36038696515471275
1440340658737201165,negative,1.936697096551726e-06
1440340667583004684,negative,0.002411548011022577
1440340669168435213,negative,0.0020581207398249948
1440340672318377995,negative,0.002057361859787121
1440340677703831555,negative,0.15099597163947034
1440340678471393295,negative,2.4476436524275173e-05
1440340701573640205,negative,0.002057361859787121
1440340707252707338,negative,0.00019566419645009918
1440340723300061184,negative,2.154140005065558e-07
1440340726160637955,negative,0.005006431524365942
1440340743311138824,negative,0.002411548011022577
1440340748319150080,negative,0.008279448586677866
1440340751880101901,negative,0.01039632997117335
1440340759551512576,negative,0.003727004779945214
1440340765322854405,negative,0.01373912837996739
1440340767633932310,negative,0.0033469924473489123
1440340779646423049,negative,9.000999017462004e-05
1440340780531412997,negative,1.946696307971668e-05
1440340785329631246,negative,0.002057361859787121
1440340796025180160,negative,0.002411548011022577
1440340807232286730,negative,1.5201600516943058e-05
1440340811925704704,neutral,0.5057895380761488
1440340813146300416,negative,3.837322752292275e-06
1440340821727797249,negative,0.08187820824186215
1440340837729128450,negative,0.002411548011022577
1440340839922737170,negative,0.002057361859787121
1440340849825443843,negative,0.0006025876999552912
1440340852497207311,negative,0.002057361859787121
1440340862886502404,negative,2.0579437660596117e-08
1440340895480483842,negative,0.002411548011022577
1440340919497068548,negative,0.00032809029546592566
1440340926379933704,negative,1.1089771100234288e-05
1440340930981101575,negative,0.0017551539331723345
1440340959519145986,negative,0.17607020606584636
1440340960446091271,negative,0.008279448586677866
1440340964531335173,negative,8.714054590642655e-06
1440340968159383567,negative,0.025109967810319822
1440340971846201346,negative,9.743824651567663e-05
1440340981769859075,negative,0.0032784706039789826
1440340982294216719,negative,0.008279448586677866
1440341006897987589,negative,4.1116959116437476e-10
1440341013428518912,negative,5.9915839029799574e-05
1440341032395173897,negative,0.002282727985491827
1440341032403566596,negative,0.002057361859787121
1440341075319611404,negative,0.08825087165582492
1440341076317925380,negative,1.417216826674275e-12
1440341122845319169,negative,1.417216826674275e-12
1440341124070076420,negative,5.4624098028394786e-11
1440341148086595594,negative,1.417216826674275e-12
1440341157163122688,negative,2.042117818677787e-07
1440341164901625869,negative,5.974291044019506e-06
1440341169423085575,negative,0.06475352301503018
1440341183524335620,neutral,0.6598820743921419
1440341190486810626,negative,0.002057361859787121
1440341198397329418,negative,1.8398350195634104e-05
1440341210019684357,negative,0.0012904117968490078
1440341232153071621,negative,0.003721536393409414
1440341233059057671,negative,0.024052889556419897
1440341233994383369,negative,0.04492061944190502
1440341235999248404,negative,0.03285959065635749
1440341240352935939,negative,6.284002980425949e-08
1440341249764966405,negative,0.0025409220462128297
1440341258703015963,negative,0.12399864066768801
1440341274796576782,negative,0.07137320014103293
1440341295604535298,neutral,0.5136446707795853
1440341316580229122,negative,0.014565529789300232
1440341320350851091,negative,8.791857760135111e-05
1440341342228385810,negative,0.0037005564968574894
1440341352630210578,negative,0.005612173218304969
1440341363057324040,negative,0.002411548011022577
1440341390177693703,negative,0.0006900986371410721
1440341407240126468,negative,4.060660825429049e-10
1440341422201184264,negative,1.3290454148836098e-06
1440341445001433092,negative,0.06475352301503018
1440341455210377220,negative,0.001500958461072191
1440341458528079873,negative,1.214458327598736e-07
1440341463276003338,negative,4.3810564289901386e-11
1440341473568833551,negative,0.10654854963616076
1440341474499969038,negative,0.0014097482099911303
1440341475103895560,negative,0.002411548011022577
1440341496658468871,negative,6.947885549666574e-07
1440341502379520011,negative,0.002411548011022577
1440341519815229442,negative,2.7519300739588734e-10
1440341526303760396,negative,6.482401216193199e-05
1440341535250268170,negative,3.73337904415686e-08
1440341541394923523,neutral,0.6598820743921419
1440341548869115909,negative,1.8833911048445634e-07
1440341559455535121,negative,0.0181036828989057
1440341575851073550,negative,2.4476436524275173e-05
1440341579789594634,negative,0.06475352301503018
1440341601864204304,negative,0.002057361859787121
1440341622789586946,negative,0.004117925581425724
1440341646059573253,negative,0.0038878707424732694
1440341665118515214,negative,0.01415871277745762
1440341665974083589,negative,0.015827602032238174
1440341690271682563,negative,1.417216826674275e-12
1440341690892501004,negative,0.0011339910836373685
1440341692587020293,neutral,0.6598820743921419
1440341707564871694,negative,0.009901459892919219
1440341715504619528,negative,0.00019566419645009918
1440341718117715982,negative,0.3037924416029144
1440341719032025092,negative,0.20707730718033404
1440341724832821256,negative,0.14077889956661618
1440341727638790161,negative,0.0038878707424732694
1440341739206705164,negative,0.0012426503588414972
1440341742172053505,negative,0.008279448586677866
1440341742847348754,negative,0.005812139916286306
1440341748706729991,negative,0.03822766487945741
1440341752737460236,negative,0.0002686417247037716
1440341758244581383,negative,0.03822766487945741
1440341764481552405,negative,1.417216826674275e-12
1440341794319863813,negative,0.002411548011022577
1440341820639092736,negative,0.05356790270270111
1440341822010630158,negative,3.2821791363552535e-10
1440341823809933314,negative,0.0181036828989057
1440341831540043777,negative,0.00014438455714932055
1440341835948257282,negative,9.664013238566246e-09
1440341845033115677,negative,0.00039871772990930713
1440341854197714953,negative,0.0001921193229932642
1440341860120031232,negative,1.6867117965626924e-05
1440341861520924674,negative,7.671600653034991e-08
1440341872312942594,negative,4.0936858240937623e-05
1440341900716699653,negative,0.0007338346402490909
1440341920497094662,negative,0.05356790270270111
1440341955477598213,negative,4.0936858240937623e-05
1440341967443955735,negative,0.0038878707424732694
1440341977770250255,negative,5.544411646821834e-07
1440341985101942794,negative,1.2889730188743984e-05
1440341989581475859,negative,4.0936858240937623e-05
1440342008770351110,negative,0.18807110540078564
1440342024436080646,negative,0.2567865058607798
1440342073052319752,negative,0.002411548011022577
1440342091574378500,negative,0.3262649611456458
1440342093335912452,negative,0.16522755984149395
1440342106338254856,negative,9.039531222133954e-05
1440342153767489536,neutral,0.46395137405296316
1440342155461939212,negative,0.0038878707424732694
1440342186948640775,negative,0.2486801120822855
1440342188643086339,negative,0.03019555219139816
1440342189305782282,negative,2.826739293033898e-07
1440342224319881225,negative,6.836722799718659e-08
1440342237276106759,negative,0.045501246627738606
1440342303776784389,negative,2.149463560605751e-06
1440342313583067141,negative,7.21415906257054e-11
1440342320507875341,negative,6.672718235443286e-05
1440342335414431751,negative,5.484151393795977e-07
1440342359154167810,positive,0.7073967397258194
1440342374769577993,negative,2.599114217373109e-05
1440342401415974931,negative,4.0936858240937623e-05
1440342409481633802,negative,0.0002568150314906371
1440342410152738821,negative,7.26819041811224e-13
1440342415211044870,negative,0.00021887859092733502
1440342420680417284,negative,2.3141086208375343e-05
1440342423465431051,neutral,0.6598820743921419
1440342436144771083,negative,0.001419156536533173
1440342440901103626,negative,1.7073080116195423e-08
1440342503299813379,negative,0.05256973883628795
1440342508395843586,negative,5.4883410737427966e-05
1440342511407407104,neutral,0.3741510563145033
1440342517958930433,negative,1.6148485917719038e-07
1440342518814568462,negative,0.002057361859787121
1440342542071959574,negative,0.0009793549846056201
1440342577207660554,negative,0.0003319921703423082
1440342591891914752,negative,0.00039871772990930713
1440342596258131985,negative,0.22431938841881313
1440342599609380870,negative,3.077542717098426e-05
1440342609075916803,negative,0.0009005832100441521
1440342622833287174,negative,4.2968046838627065e-05
1440342624632598531,negative,0.008279448586677866
1440342633633648648,negative,4.212473657122885e-10
1440342663199293448,negative,0.3262649611456458
1440342676369334286,negative,0.00021092481314294553
1440342775690510339,negative,0.0032784706039789826
1440342805193232399,negative,0.0011339910836373685
1440342810310295552,negative,3.181704925397002e-05
1440342810905825297,negative,0.0010850548083052918
1440342834977013760,negative,0.3262649611456458
1440342854069411843,negative,0.002057361859787121
1440342855378104322,negative,0.010479965151690848
1440342866102939649,neutral,0.4925881015146217
1440342885749047313,negative,0.002411548011022577
1440342888412418053,negative,0.00019566419645009918
1440342902060716033,negative,2.43734557122159e-06
1440342916442984459,neutral,0.4628803474493934
1440342957626847234,negative,7.356485643458379e-09
1440342960801927176,negative,0.03822766487945741
1440342964656431104,negative,0.03822766487945741
1440343013494968324,negative,0.010479965151690848
1440343030729297921,negative,4.0936858240937623e-05
1440343079207141381,negative,0.0005907734444672626
1440343090095538176,negative,3.181704925397002e-05
1440343092104613904,negative,4.881945061170564e-05
1440343096538009609,negative,7.552061117740214e-05
1440343108445618185,negative,2.5114939984630003e-05
1440343124576911374,negative,5.809696951566456e-06
1440343128754384900,neutral,0.5136446707795853
1440343131753365516,negative,0.002408657403347883
1440343138548129797,negative,0.27978458982435306
1440343165412675591,negative,0.011405542478794562
1440343179157331970,negative,1.390841367902935e-10
1440343213911404545,neutral,0.5095161722628333
1440343217073885198,negative,3.4412187654205534e-08
1440343223633793043,negative,1.7160521904518287e-12
1440343256450011147,negative,0.0015757836588798913
1440343267753660420,negative,0.0027343180899721082
1440343284765757450,negative,4.0936858240937623e-05
1440343285730447363,negative,0.002411548011022577
1440343310736900105,negative,0.002411548011022577
1440343341279821837,negative,5.400138960078663e-12
1440343371801763844,negative,0.09728755492621276
1440343372477059079,negative,0.002057361859787121
1440343376620965891,negative,2.03374301820319e-06
1440343390718074891,negative,0.006742788842731602
1440343401375752196,negative,0.00019566419645009918
1440343402491506698,negative,4.437827841921539e-10
1440343405385555988,negative,1.2870449126841557e-06
1440343424146673664,negative,0.3262649611456458
1440343431331520528,negative,3.181704925397002e-05
1440343441838276608,negative,0.0031973474136602906
1440343444258320387,negative,0.0059701158215717896
1440343447076950028,negative,0.07584798921261611
1440343451610980366,negative,0.0027913537828660223
1440343473773707275,negative,4.796749354078141e-07
1440343476499935246,negative,2.5421397153159537e-11
1440343482611081216,negative,6.070689836080896e-10
1440343491737915400,negative,5.107903337332587e-07
1440343531000774659,negative,0.0038878707424732694
1440343541209698306,neutral,0.3775182807403829
1440343541499105286,negative,0.0002549354751837133
1440343554975432711,negative,0.0008127648383153866
1440343567155691527,positive,0.6705012157253638
1440343614047993870,negative,0.002411548011022577
1440343616992399373,negative,0.002411548011022577
1440343634952409090,negative,0.00019566419645009918
1440343636877529092,negative,0.0001855566873496696
1440343647195521038,negative,0.002411548011022577
1440343653851926533,negative,0.0031973474136602906
1440343662781628424,negative,0.00047949020262177863
1440343681559453698,negative,0.0031973474136602906
1440343685095251975,negative,3.181704925397002e-05
1440343700664557571,negative,0.0031973474136602906
1440343711393587207,negative,0.0007254942254802733
1440343717517221903,negative,0.14708558949184208
1440343734147715081,negative,0.002411548011022577
1440343739503767552,negative,3.4721197533405344e-08
1440343785490157576,negative,4.0936858240937623e-05
1440343793622917127,negative,0.0010850548083052918
1440343831468072975,neutral,0.43392515230159706
1440343845221191688,negative,1.0418477929794432e-05
1440343869812469781,negative,4.660473285006073e-06
1440343892570763276,negative,0.005823800737618474
1440343922425798657,negative,0.002411548011022577
1440343927618359308,negative,0.002411548011022577
1440343938150191110,negative,4.956735173623112e-05
1440343949005049858,negative,0.007631945023038464
1440343954294071297,negative,0.0031973474136602906
1440343956487753732,negative,3.181704925397002e-05
1440343982760812558,negative,0.06320861341595609
1440343984404975621,negative,0.01906285685774371
1440343989912170503,negative,0.002057361859787121
1440343990683897861,negative,0.002411548011022577
1440343994035175424,negative,6.635724615269774e-07
1440344027283349517,negative,0.0003832932070530569
1440344034468265986,negative,4.0936858240937623e-05
1440344049752293379,negative,7.341008915065916e-08
1440344056760967172,negative,0.0031973474136602906
1440344066374266883,negative,0.0031973474136602906
1440344068098117637,negative,0.0009669954112693323
1440344076558094351,negative,9.5603570369949e-06
1440344087501033481,negative,6.989010026547775e-05
1440344095507959816,negative,0.008279448586677866
1440344145525047306,negative,6.122479250698249e-08
1440344160809021456,negative,0.002411548011022577
1440344175430422531,negative,0.0038878707424732694
1440344176479014914,negative,7.301046517384772e-05
1440344189380694029,negative,0.1491520731282705
1440344190173343750,negative,0.0031973474136602906
1440344226596745232,negative,0.0028520561075461195
1440344237099282439,negative,1.606985862848008e-07
1440344256795721746,negative,0.0011775105205447472
1440344257181618178,negative,0.0031973474136602906
1440344287707688972,negative,0.005823800737618474
1440344288596938755,negative,0.002411548011022577
1440344301527994381,neutral,0.5136446707795853
1440344323619364883,negative,2.2251992395172363e-08
1440344326932815881,negative,0.002411548011022577
1440344334054739983,negative,0.06338539480817437
1440344335627612177,negative,0.021138055302525296
1440344340056842252,negative,0.06515540971811758
1440344352220344320,positive,0.9980451855408714
1440344383321083904,negative,0.0009669954112693323
1440344408163897347,negative,0.06293921216194473
1440344415822761998,negative,0.00013144291655143754
1440344417370394643,negative,4.728301902911945e-05
1440344437121445892,negative,0.0006741198397631869
1440344446978068488,negative,0.002411548011022577
1440344456788516866,negative,0.008279448586677866
1440344460202700807,negative,0.0020095502301235176
1440344464954826758,negative,1.2227785152981465e-14
1440344489566998536,negative,0.00019566419645009918
1440344496160399374,negative,0.0006560224041847011
1440344501252280325,negative,0.002057361859787121
1440344506126123010,neutral,0.5136446707795853
1440344526346854412,negative,0.00013504790297714391
1440344538569068550,negative,0.005823800737618474
1440344553903378439,negative,0.09728755492621276
1440344561088221187,negative,0.002057361859787121
1440344571821506568,negative,5.08221717844239e-07
1440344581795561489,negative,0.002057361859787121
1440344587344646153,neutral,0.5136446707795853
1440344589634658317,negative,3.077542717098426e-05
1440344590804869138,negative,4.0936858240937623e-05
1440344597767487488,negative,0.025600348329701855
1440344632085270545,negative,0.002057361859787121
1440344633607737347,negative,0.0009669954112693323
1440344645456711682,negative,0.0005461951073319777
1440344680944713732,negative,0.00019566419645009918
1440344686481141761,positive,0.9936540231475743
1440344698002960394,negative,0.008279448586677866
1440344735021862916,negative,0.3262649611456458
1440344740818403341,negative,0.0011285082560212598
1440344745822199810,negative,0.11071568928007414
1440344759206244375,negative,0.00017187848944407117
1440344793167515654,negative,0.01906285685774371
1440344799437987840,negative,0.002057361859787121
1440344815921610767,negative,0.0003319921703423082
1440344816789770253,negative,0.002411548011022577
1440344821013495812,negative,2.0368656474348432e-05
1440344843994079242,negative,0.002411548011022577
1440344859261374468,negative,4.29528702972446e-11
1440344879226187783,negative,0.10184988692523217
1440344887564505109,negative,0.3262649611456458
1440344916278726663,negative,0.010508675706250185
1440344932087054343,negative,1.0237609661984898e-08
1440344965331095561,negative,0.01172570965553364
1440344986155831309,positive,0.9714694921848672
1440345009614569474,negative,0.0031973474136602906
1440345009912381450,negative,0.00026664246755079337
1440345039377297424,negative,8.143534635488497e-11
