Tweet_ID,Sentiment_Label,Probability_pos
1427359506296713216,negative,0.15882158782075223
1427359506518925313,negative,0.23852461137612804
1427359506711908361,negative,1.7475865336133667e-08
1427359506783252481,negative,0.0022802277763734275
1427359507022172176,negative,0.004512999209569112
1427359507106222081,negative,0.0676518615961301
1427359507110318088,negative,6.029031796062344e-05
1427359507118702602,negative,0.05899548892440595
1427359507152257035,negative,0.00011286030956187134
1427359507160584196,negative,0.004080388667594057
1427359507282219016,negative,0.009109648078855753
1427359507383005188,negative,0.006647086252552409
1427359507416436747,negative,0.002899640035048667
1427359507416436757,negative,1.7892461586819398e-07
1427359507554971651,negative,0.00015473375555488957
1427359509085818887,negative,5.9381667359162e-06
1427359509224304642,negative,0.016089493472048955
1427359509425672193,negative,0.2356691887624644
1427359509450723328,negative,0.1262911108073941
1427359509467451426,negative,0.01750586923609324
1427359509631152131,positive,0.9551655632024858
1427359509865910282,negative,0.2401005885452358
1427359509895335941,negative,0.03509676915877642
1427359509945602069,negative,8.829278154494415e-05
1427359509987610630,negative,0.02842212971611381
1427359510017019904,negative,0.24979158726032938
1427359510075625482,negative,4.2653736754459656e-06
1427359510079975438,negative,0.00010249682540934942
1427359510222426126,negative,0.02970128937629895
1427359510230880256,negative,0.0009211403777141768
1427359510423814146,negative,0.17418758724774816
1427359510658633744,negative,0.25324577574726426
1427359512923623432,negative,7.967000542326741e-05
1427359513162752003,negative,0.051937782814791014
1427359513674452992,negative,0.27216550178989146
1427359513775001618,negative,0.16112696151773576
1427359513959550984,negative,0.0015285541350712525
1427359514144223240,negative,0.19938957082161707
1427359514626560011,negative,0.00017569020463284996
1427359514785828886,negative,3.471738972502936e-08
1427359516925087745,negative,2.8939527951702295e-13
1427359518070030349,negative,0.005092882031995884
1427359518476877831,negative,0.084580790077214
1427359518640513028,negative,0.13596106497507796
1427359520725086215,negative,0.16890673735631462
1427359521261953031,negative,1.612628166128177e-07
1427359522444689413,negative,0.18815220753554426
1427359522570579968,neutral,0.4143856101811453
1427359524621590530,negative,0.00010613279047781991
1427359525246472203,negative,0.038690191601149726
1427359527935041538,negative,0.12636627367316783
1427359528480354305,neutral,0.5939287388280717
1427359528895528980,negative,0.18387029119173803
1427359529419919361,negative,3.591725785675346e-15
1427359531261124613,negative,0.16352019608485005
1427359532062285825,negative,4.332554903002017e-05
1427359532225859588,negative,0.028958610007762217
1427359532741709831,negative,3.7735637594227026e-05
1427359534113247233,positive,0.973357448418701
1427359534306185219,positive,0.9343671310991865
1427359534641713152,negative,0.010320231446011024
1427359536088768520,negative,0.07365437437223223
1427359536940257280,negative,0.0008920047304927495
1427359537951125513,negative,0.022718547948800565
1427359538148167687,negative,0.08762484183605158
1427359538865377290,negative,0.0644461396545525
1427359539037417472,negative,0.015609109747442779
1427359539939192834,negative,0.02623160122389394
1427359540337692681,negative,1.1020807602618106e-05
1427359541319114753,negative,0.12944280751431483
1427359541344313346,negative,0.15328472729543216
1427359542204055556,negative,2.070197824437395e-06
1427359542296334337,neutral,0.4297403560719353
1427359542455816200,negative,0.011165907773573194
1427359543512780801,negative,0.015306280792126455
1427359543550521349,negative,0.004219081515727852
1427359544791994371,negative,0.004219081515727852
1427359546050293768,negative,0.13068678921591073
1427359546436096004,negative,0.023214452159475898
1427359546473959435,negative,0.07479841038966344
1427359546490687492,negative,0.1947911742678152
1427359547535106056,negative,0.12146426141732296
1427359547618959364,negative,0.13150820617501519
1427359549900656649,negative,0.024213489446686245
1427359552069148677,negative,0.0007214196294591189
1427359552232697863,negative,0.0001366626212685694
1427359552236883976,negative,0.0001366626212685694
1427359552429862920,negative,0.0001366626212685694
1427359553033842689,negative,0.00034749133986150196
1427359553084174343,negative,0.001706942532290926
1427359553612562439,negative,0.0009722708283357628
1427359554128556046,neutral,0.418643144867986
1427359555793604610,positive,0.9343671310991865
1427359556988985345,negative,0.20439966089722336
1427359558092173320,neutral,0.5442060184796753
1427359558238973955,negative,0.08923339490650965
1427359558654173188,negative,0.2705091523956041
1427359559123935237,negative,0.001253727823037312
1427359560529063944,negative,0.003967623379257381
1427359560633765899,negative,2.02521783596149e-07
1427359562055753732,negative,0.12146426141732296
1427359562122862602,negative,0.15126300411007393
1427359564270288903,negative,0.06587144503077128
1427359565377642510,negative,0.03677145358934142
1427359566933762050,negative,0.12146426141732296
1427359567143325696,negative,8.255545614274963e-05
1427359568447877123,neutral,0.47612671887096547
1427359569454456832,negative,0.01521169672906435
1427359570498924556,negative,4.5524252769612185e-06
1427359570683318285,negative,5.5387695828077294e-08
1427359571996258310,negative,0.1449527228462341
1427359572126281735,negative,0.03867142691775281
1427359572369584145,negative,0.030462341841469374
1427359574290583555,negative,0.19674817264494004
1427359575712452608,negative,0.1557545385666459
1427359575880110084,negative,0.05816502922693265
1427359576115056644,neutral,0.418643144867986
1427359576974843906,negative,0.13068678921591073
1427359577343922179,negative,0.07544074262340159
1427359577897676804,negative,0.099376747147168
1427359578497462281,negative,0.029088321008871862
1427359579009163273,neutral,0.4571370806756548
1427359579105529861,negative,0.0009528240570941547
1427359580359577605,negative,0.02644142183654108
1427359580707774465,positive,0.8008815015805597
1427359581337006086,negative,0.15006957151578018
1427359581789884418,negative,0.06587144503077128
1427359585745215488,negative,0.0016410446560546751
1427359586953179137,negative,0.002463209023216259
1427359588790280193,neutral,0.5140943767116861
1427359592548343812,negative,0.005089586484486109
1427359592619597832,negative,0.052222222693579776
1427359593173176322,negative,0.0008287618243459576
1427359593387147272,negative,0.0006967580946897974
1427359594704248834,negative,0.006847006588740513
1427359595480207364,negative,0.2075134389704694
1427359596172218376,negative,0.2429355194378761
1427359596377673733,negative,0.034460725528559
1427359596604182534,negative,0.0027959197319359906
1427359597258592256,negative,0.2584521272262807
1427359597493465095,neutral,0.4297403560719353
1427359597954744327,negative,0.14686089096832639
1427359599443783681,negative,0.01242959221594717
1427359599993184261,negative,0.004092421089941119
1427359602778193926,negative,5.485113818787672e-08
1427359604284039172,negative,0.1639450951235744
1427359604330024985,negative,0.0007887652638632782
1427359604753772545,negative,0.011165784120959919
1427359606947389441,negative,0.003232505998643636
1427359607127687173,negative,0.13165952055446914
1427359609409445890,negative,0.0003922083941098036
1427359609870819328,negative,0.0008779450805202075
1427359610126716929,negative,0.0003067713786467925
1427359610344820737,positive,0.8243618816442493
1427359613737910272,negative,0.0021489741573473046
1427359613930938375,negative,0.11154443292387338
1427359615726018571,negative,0.0006273918678822649
1427359616959193093,negative,0.10600636607000048
1427359617403719684,positive,0.7204155503338039
1427359620339834881,negative,0.17267659725964915
1427359621497462798,neutral,0.49789225920557484
1427359622080483333,positive,0.9213603773109085
1427359622294298627,negative,4.632528959176704e-09
1427359622898331655,negative,0.0035758019741188086
1427359623728803843,negative,0.00025677508970996666
1427359624370573317,negative,8.255545614274963e-05
1427359625649672202,negative,1.803134165692017e-12
1427359627252011014,negative,0.0016282007344049435
1427359629051404292,negative,0.01521169672906435
1427359630154420227,negative,0.00856520062263418
1427359630188072963,negative,0.27559764237793355
1427359630972395539,negative,0.044638075926150246
1427359631878279173,negative,0.0899490595633273
1427359632046055426,negative,2.556293418997174e-07
1427359632201236485,negative,0.09185594002677887
1427359632373260290,negative,0.00012792402187290035
1427359633656664072,negative,2.357227908938964e-06
1427359634038435844,negative,0.06524361383828783
1427359634587783168,negative,4.739620445419964e-09
1427359635997085696,neutral,0.5191934070021026
1427359636647260170,negative,0.0036791114382249746
1427359637163102223,negative,0.11176772762326523
1427359638241034240,neutral,0.6167616748233712
1427359638484307976,negative,3.727180361745307e-12
1427359638673141768,negative,1.803134165692017e-12
1427359639784632328,negative,0.0036791114382249746
1427359641705631747,negative,0.1084703447209691
1427359642011701249,negative,1.7539567840063618e-05
1427359642313641997,neutral,0.3996580091506196
1427359643077054464,negative,0.0022011879584961963
1427359643756482592,negative,0.00010192848988653052
1427359643836297216,negative,7.854813429971676e-08
1427359644142514180,neutral,0.5258484143078468
1427359644566102016,negative,0.003246204907532431
1427359644687683587,negative,0.002463209023216259
1427359645081997316,negative,0.066871782275829
1427359647904813062,neutral,0.5032297678423504
1427359648252776463,negative,0.09049333684142451
1427359648764551176,negative,0.00020026284546057328
1427359649322389509,negative,0.1947911742678152
1427359649704005646,negative,0.18735930243146845
1427359650874265607,negative,5.56986374285323e-06
1427359651625160712,positive,0.9799245847669791
1427359653323689989,neutral,0.49789225920557484
1427359653336322053,negative,0.01939165374723412
1427359654397480961,negative,0.0007812602793993199
1427359655622324227,positive,0.7344049639932397
1427359656825982976,negative,0.12533752095125392
1427359657035767815,positive,0.8360838429673846
1427359658763825162,neutral,0.49789225920557484
1427359659644571652,negative,0.058553252288677915
1427359660626042891,negative,5.623054904077379e-05
1427359660835749889,negative,0.0008920047304927495
1427359663360778244,negative,0.2850157292204184
1427359664178614276,negative,0.00021497242809911883
1427359664623296523,negative,0.0016410446560546751
1427359666519126022,negative,0.029110071149492756
1427359666842054658,negative,3.3849443017507215e-05
1427359668087762944,negative,1.803134165692017e-12
1427359668763045894,negative,1.8009288046760409e-12
1427359669127979012,negative,0.25366359999702986
1427359669333417986,negative,0.06587144503077128
1427359669710958592,negative,0.016467914749585023
1427359672458153984,negative,4.243270453943736e-05
1427359672688852996,negative,0.000248359495041441
1427359676820295690,negative,0.04281234770844967
1427359676887404558,negative,0.00047471802549437886
1427359676992196611,negative,0.19125106606368786
1427359677646577664,neutral,0.5496678701602578
1427359678472736781,negative,0.004059937713147421
1427359683464024064,negative,0.00010192848988653052
1427359685301133313,negative,0.009686272167096534
1427359685720494085,positive,0.6789216652729287
1427359686404280326,negative,0.2261367415805343
1427359686572007429,negative,3.171555237560158e-08
1427359687960416258,negative,5.901405182043606e-08
1427359688568582146,negative,0.06587144503077128
1427359689273139200,neutral,0.49789225920557484
1427359689453576201,negative,0.01449768033798974
1427359689474510850,positive,0.9998200539527042
1427359689709277184,negative,0.22596117602012664
1427359691718348803,negative,2.202666552647389e-05
1427359692083404801,negative,1.16123067491097e-05
1427359692544696330,negative,0.02644142183654108
1427359693081546757,negative,0.12636627367316783
1427359695770107908,negative,0.1401054826751126
1427359695883407360,negative,8.255545614274963e-05
1427359697032601603,negative,4.260568438419958e-06
1427359698446131209,negative,0.010633229850891384
1427359698508926977,negative,0.04264931088709467
1427359700157444099,negative,0.0009648336687120561
1427359701990260740,positive,0.9998792706894254
1427359702145540098,negative,0.008531734831303478
1427359706402668561,negative,0.20675901895092239
1427359706797023233,neutral,0.4954418181455017
1427359707061227526,negative,2.4512660364841996e-12
1427359707358957578,negative,0.1557545385666459
1427359707468124160,negative,0.1557545385666459
1427359707602296840,negative,0.01313590735916523
1427359707790991368,negative,0.24045389292588248
1427359708336246790,negative,0.00010192848988653052
1427359708759920645,negative,0.000684643530353339
1427359708835364866,negative,0.004024037221972339
1427359709183500292,negative,0.0006080865043248299
1427359709271576582,negative,0.0033940565768935844
1427359709749710851,neutral,0.3547139886135571
1427359710420914177,neutral,0.3726847435457324
1427359710630584328,negative,0.04301142002460114
1427359710852878337,negative,0.0036791114382249746
1427359711649804289,negative,0.011749453384240617
1427359711704358914,negative,4.442526816972574e-07
1427359714640338953,negative,0.012436381837542143
1427359715357507594,neutral,0.6195183598762789
1427359716238319616,negative,3.108208010872531e-05
1427359716439691269,negative,2.260010821399603e-08
1427359716498411520,negative,1.6525075076711478e-05
1427359716993273861,negative,0.0012596800268742574
1427359717366583302,negative,0.0001366626212685694
1427359717706412033,negative,0.0003922083941098036
1427359718222319626,negative,0.015906356906634094
1427359719312789505,negative,0.004092421089941119
1427359722403991559,negative,0.03692181460083454
1427359722747932675,negative,0.00012792402187290035
1427359723448410117,negative,0.0009103778552859584
1427359724358578181,negative,0.2842445546266848
1427359724731838468,negative,0.1401054826751126
1427359724887027719,negative,2.565657756830047e-05
1427359725008605188,negative,6.537767949821857e-06
1427359727382564868,negative,0.07019238151249844
1427359727621591044,negative,0.0268924350435207
1427359728477294592,negative,0.11543859966310979
1427359729072820268,negative,0.07019238151249844
1427359729525870593,negative,1.7484497949469456e-10
1427359730536701953,negative,0.000248359495041441
1427359730582925322,negative,0.08210800994723882
1427359732130586624,negative,0.01521169672906435
1427359732868726785,negative,0.1084703447209691
1427359733195890700,neutral,0.33510827203032445
1427359733346877445,neutral,0.4334392617149784
1427359733451739143,negative,0.000248359495041441
1427359733871222794,negative,0.0016390251728313466
1427359733942476806,negative,0.1557545385666459
1427359734018019332,negative,0.010913102457812433
1427359734491983882,negative,3.4258392653605124e-06
1427359734802358275,positive,0.7344049639932397
1427359734869417991,negative,0.03621603171716427
1427359736043905030,neutral,0.5305678527031858
1427359736404619270,negative,0.0016282007344049435
1427359737046253580,negative,0.007092371478304936
1427359738791186441,neutral,0.3450564479169591
1427359739185451010,negative,3.7735637594227026e-05
1427359739709739012,negative,0.0005236483388878762
1427359739722313735,negative,0.00842955170000214
1427359740363956229,negative,0.08922997017330599
1427359741970460678,neutral,0.5372318511317483
1427359742972792840,negative,0.000312350540675895
1427359743316799488,negative,1.803861303899703e-05
1427359744939986945,negative,0.18530902850192799
1427359745464229889,negative,0.00032018505819935816
1427359745573261316,positive,0.9153016113402414
1427359745699155973,negative,0.0006002194196648405
1427359748559618052,negative,0.00014437399451675334
1427359748698038277,negative,0.05217269890806904
1427359749020991492,negative,3.77576653768301e-14
1427359749541138435,negative,0.23413873478091332
1427359751252361220,negative,0.006275474034431426
1427359752695296001,negative,0.004225795847748311
1427359752783269899,negative,0.0012748046739288214
1427359755916480519,negative,0.18795859623648656
1427359756415639552,negative,0.07784702010984206
1427359756516151301,negative,0.11036682895159695
1427359756612685826,positive,0.9927844058215817
1427359757405343783,neutral,0.3795835261238298
1427359759020199941,negative,2.895735899124949e-05
1427359759057960962,negative,0.02618797331782168
1427359759158677506,positive,0.7886315901194763
1427359759192281100,negative,0.002338156115429608
1427359759414566925,negative,0.0022011879584961963
1427359759800446988,negative,0.09913542073757665
1427359759804555277,negative,0.0886644274015753
1427359760828018690,negative,0.06587144503077128
1427359760870002692,negative,1.0040572772114269e-05
1427359761314586634,negative,0.00032018505819935816
1427359761817903113,negative,0.00673616214343545
1427359763810168835,negative,4.5159830164051874e-05
1427359763994644485,negative,0.00019189923855105411
1427359765789827072,negative,4.966729553435139e-06
1427359766557384708,negative,0.05977686520305812
1427359768155463681,negative,0.11154443292387338
1427359768201605125,negative,0.016247316492125515
1427359768394571778,neutral,0.4111355927487227
1427359769128542214,negative,0.21869627399406738
1427359770953097234,negative,0.0008310634954803494
1427359773444476935,negative,5.649395328752285e-07
1427359774560116738,negative,0.004219081515727852
1427359775310942208,negative,0.011765172110812244
1427359776124583943,negative,0.003192368116173083
1427359777508761612,negative,0.05217269890806904
1427359777517195278,positive,0.6858100065112352
1427359777739448328,positive,0.6917059519039537
1427359778305716226,negative,0.19446635551892968
1427359779735887874,neutral,0.5496678701602578
1427359780906151941,negative,0.011724737227430823
1427359780998459395,negative,0.00019211770572859815
1427359783083024387,negative,0.00036615308798946405
1427359783984799749,negative,0.0208775121246834
1427359784018321411,negative,0.13068678921591073
1427359784534102024,negative,0.0003024590061030017
1427359785058512899,negative,0.13596106497507796
1427359786023145473,negative,0.0008779450805202075
1427359786027323405,positive,0.7278786247609863
1427359788376084499,positive,0.6789216652729287
1427359789131059217,negative,0.016594262225908225
1427359790448119811,negative,0.0001240595539479959
1427359791379267603,negative,0.005871462562078824
1427359791974858753,negative,0.2966306142067299
1427359792318849026,negative,6.349761027404997e-06
1427359792545345537,negative,2.8622701107387656e-05
1427359792956379148,negative,0.029748760023119377
1427359794092990469,negative,9.850855449671934e-11
1427359794277519370,negative,0.10600636607000048
1427359794793488389,negative,0.2850093417421068
1427359795699458060,negative,0.32791792530548236
1427359796060114952,negative,0.0008779450805202075
1427359797016514573,positive,0.9266034090344558
1427359797121363970,negative,0.16930261136427058
1427359797226217474,negative,0.005262184393086062
1427359797314260999,negative,6.301577885392284e-07
1427359798102724609,negative,0.032807095301547184
1427359799335849989,positive,0.9315311369991527
1427359799914737668,negative,1.7004169846078896e-08
1427359799923167239,negative,0.1557545385666459
1427359800061534208,negative,0.001690265446614161
1427359800212475913,negative,3.136543930502692e-05
1427359800413736987,positive,0.9559917075151311
1427359800413859842,negative,0.2712408155467774
1427359801739206661,negative,0.00017569020463284996
1427359802141904901,negative,0.13621944997364444
1427359802171215875,negative,8.734124406897557e-06
1427359802351570944,negative,0.00017439261938047805
1427359802544607234,negative,0.002463209023216259
1427359804096458763,neutral,0.436545799903067
1427359804218134528,negative,0.3128926966452036
1427359804830339073,negative,0.32936530419176985
1427359805606436869,negative,0.03218617076347516
1427359808815091718,negative,0.10964564277093683
1427359809171595265,negative,0.12306678348967855
1427359810673127425,negative,0.22493346794813412
1427359811583234052,negative,0.058553252288677915
1427359811642007553,negative,0.0017614942858223128
1427359811830681602,negative,4.1850884938354916e-05
1427359812254371852,negative,0.10964564277093683
1427359812870819851,negative,0.0010722910754424764
1427359812971606023,negative,0.2712408155467774
1427359813869064198,negative,0.0003922083941098036
1427359813974085634,negative,0.084580790077214
1427359814016020483,negative,0.259595488154903
1427359814506668042,negative,0.1947911742678152
1427359814909321219,negative,0.0012333055364396025
1427359816213749763,negative,0.001587123246326177
1427359816549380101,neutral,0.48968107641114417
1427359817786544143,negative,0.00010192848988653052
1427359817816055808,negative,0.015609109747442779
1427359818046709765,negative,0.2967580431747182
1427359818390675460,negative,0.11154443292387338
1427359819820937216,positive,0.7661310847749466
1427359820152246289,negative,0.0006838081866822319
1427359821536301062,negative,0.0019142096206745001
1427359822484283408,negative,0.00036615308798946405
1427359823646048256,negative,4.258054000712619e-05
1427359824774373379,positive,0.764024109867307
1427359824862486549,negative,0.016883231740267332
1427359826405908481,positive,0.9559917075151311
1427359826473066501,negative,0.03674275068010442
1427359828033343488,negative,0.06996864025787894
1427359828469551107,negative,0.09563108019205067
1427359828704378882,negative,4.9156431169259664e-08
1427359828784078851,negative,0.31820487300311295
1427359828826107907,negative,0.0006576025836624553
1427359830008909826,negative,0.000248359495041441
1427359830168293377,negative,0.004219081515727852
1427359832978427911,negative,0.0008818821371768531
1427359833255256066,negative,1.5786116148655069e-09
1427359833741742089,negative,0.00010192848988653052
1427359834219950083,negative,0.004310858050701245
1427359834366746625,negative,0.12146426141732296
1427359836581220370,negative,0.259595488154903
1427359838158393344,neutral,0.37874993579954885
1427359839303446532,negative,0.04181091088578541
1427359839844388872,negative,0.03250212806831981
1427359841207693321,negative,0.0036791114382249746
1427359841236963328,negative,0.1947911742678152
1427359841639616517,negative,0.1639450951235744
1427359842625261579,negative,0.00031877888379222894
1427359843631964166,negative,0.057601201114416266
1427359844546318340,negative,0.0022728689932260413
1427359844957310977,negative,1.0302142950604623e-11
1427359847155183616,negative,0.0001560142920193388
1427359847570448384,neutral,0.4571370806756548
1427359847578734594,negative,0.0010449416575109831
1427359848321232898,negative,0.000248359495041441
1427359848627310597,negative,0.000248359495041441
1427359848899891217,negative,0.00032018505819935816
1427359849709514762,negative,0.00019896583474272538
1427359849990524930,negative,0.0007887652638632782
1427359850296717314,neutral,0.3403391890910929
1427359850674245636,negative,0.00036615308798946405
1427359851127181315,negative,0.0003091291318189614
1427359851164979203,negative,0.051097251710634305
1427359851966042116,negative,0.001720189609022609
1427359852016320519,negative,0.09305361491152071
1427359855208275973,neutral,0.49789225920557484
1427359855308857347,negative,0.0035758019741188086
1427359857238282242,negative,0.1739466423725511
1427359857410256897,negative,0.06732962061307489
1427359859486363669,negative,0.3229159671896775
1427359861398966272,negative,2.4289775964273046e-07
1427359863022276612,negative,0.00021424838445273733
1427359864356016139,negative,0.20030180422105262
1427359866084110336,negative,0.013442618389940639
1427359867187179523,negative,0.00017439261938047805
1427359867656880132,negative,0.045439897150781394
1427359867770179585,negative,3.095605811936572e-08
1427359867916865562,neutral,0.49789225920557484
1427359868479053825,negative,1.3651378874185918e-06
1427359868604850185,positive,0.8516993859199892
1427359868609089538,negative,0.0017587756110726042
1427359868818763783,negative,0.03782885212895554
1427359869544316932,negative,0.0006403025242603823
1427359869590544385,negative,0.00529079789059794
1427359869628305411,negative,0.06562385698515819
1427359871054360577,negative,4.442526816972574e-07
1427359872216190980,negative,6.176953920692287e-05
1427359874153947139,negative,0.2853163137483196
1427359874455855113,negative,0.28574245251694513
1427359874967605264,negative,4.654716542500639e-06
1427359875487735814,negative,0.16352019608485005
1427359876125167617,negative,0.000313991757549751
1427359877089931269,neutral,0.5191315705715616
1427359877932982277,negative,0.0644461396545525
1427359878775980034,negative,0.006992521737203475
1427359879287623696,negative,0.0001569089924359024
1427359879816171523,negative,0.010920081407666593
1427359879996461056,neutral,0.4143856101811453
1427359885604397059,negative,0.03692181460083454
1427359885692489729,negative,0.07671832864917577
1427359886212481027,negative,0.11154443292387338
1427359886652891144,negative,0.07248054795975
1427359887303008259,neutral,0.3344282274274719
1427359887378558982,negative,0.00011168618557757987
1427359887399522307,negative,0.002463209023216259
1427359890553593860,negative,0.0915031790456532
1427359892352942087,negative,0.09488824926404411
1427359893548371981,negative,0.1557545385666459
1427359894144000007,negative,8.442989158247898e-05
1427359894726971392,negative,0.08638702926702722
1427359895343542278,negative,0.02002547611697828
1427359895658156037,negative,0.0007812602793993199
1427359895888834560,negative,0.025191922605083128
1427359896039792641,negative,0.00032018505819935816
1427359896136257539,negative,0.18619298524969327
1427359896547246088,negative,0.0886644274015753
1427359896954032136,negative,0.03250212806831981
1427359897235116037,positive,0.6785976055735782
1427359898095038467,negative,4.242323599659676e-07
1427359898594054145,negative,0.00017439261938047805
1427359898648694784,negative,0.04301142002460114
1427359899168788485,negative,0.0006960636726990353
1427359899202334724,negative,0.02931854816287503
1427359900435456005,negative,0.05217269890806904
1427359900607422464,negative,0.0002829609325331251
1427359901886652423,negative,0.10964564277093683
1427359903597924356,negative,0.029110071149492756
1427359904797429763,negative,0.0007887652638632782
1427359904969510913,negative,9.264839955290737e-12
1427359905338515464,negative,0.03918761490136093
1427359906777247753,negative,0.16352019608485005
1427359906810765316,negative,0.015609109747442779
1427359907825733634,negative,0.00029471560312253095
1427359908001890318,negative,0.19099039025728143
1427359908412932104,negative,0.23479051043063884
1427359908421308422,negative,0.005032649971595723
1427359908450684935,negative,0.00036822960599163407
1427359908819869702,negative,0.00012049449239936324
1427359909218246664,negative,0.0009255819186408358
1427359909583237126,negative,0.17010680590107932
1427359909897723908,neutral,0.48968107641114417
1427359911651037187,negative,0.002463209023216259
1427359911684476928,negative,0.000248359495041441
1427359912691126274,negative,1.940737362481279e-09
1427359913605533707,negative,0.24039657769468067
1427359914427568128,negative,0.17418758724774816
1427359914725449737,negative,0.00013402102821268515
1427359915551690753,negative,0.1084703447209691
1427359916709318659,negative,0.16352019608485005
1427359918001172483,negative,0.21869627399406738
1427359919116800009,negative,0.13068678921591073
1427359919301439492,negative,0.015489774098384132
1427359921004294148,negative,0.006711023934833233
1427359921683812353,negative,0.01483921386187369
1427359923332059139,negative,0.01622534753582558
1427359923852169219,negative,0.002045023592239596
1427359926154846212,negative,0.10964564277093683
1427359926800822273,negative,0.002463209023216259
1427359927094300686,negative,0.0033282900778951303
1427359928763703302,positive,0.7110806139299414
1427359928973410304,negative,2.260010821399603e-08
1427359930454007808,negative,0.04536863484237109
1427359930579931138,negative,0.06692082588542778
1427359931846610945,neutral,0.3547139886135571
1427359933478150145,negative,0.004219081515727852
1427359933629149185,negative,0.03959363087660447
1427359934371581960,negative,1.5746699034354656e-07
1427359937093591054,neutral,0.37182899450612844
1427359937605349383,neutral,0.4373255837432663
1427359939706728449,negative,0.1639450951235744
1427359939769643012,negative,1.1733528433496607e-07
1427359940453224449,negative,0.01521169672906435
1427359941543727107,negative,0.006706008906595009
1427359942189764608,negative,0.13068678921591073
1427359942890119181,negative,0.05217269890806904
1427359944253353996,negative,0.1084703447209691
1427359944274235392,negative,1.0302937082944775e-05
1427359945268219926,negative,1.359660324068083e-06
1427359947734626311,negative,0.00018132511811772673
1427359948082720773,negative,7.720476614492758e-05
1427359949152206860,negative,0.11543859966310979
1427359951773646848,negative,0.11013253626173018
1427359951794712579,negative,0.031663219589489436
1427359951996035078,negative,0.16352019608485005
1427359952910360581,negative,5.996806494959398e-09
1427359953157775361,negative,0.009743322062844976
1427359954000879618,negative,0.11219885805149757
1427359955246587905,negative,0.18792187048491685
1427359955766628357,negative,0.00017439261938047805
1427359956110651402,neutral,0.47612671887096547
1427359956437721092,negative,0.00035534817610541884
1427359958430011392,negative,0.0024627904685767094
1427359959172403202,negative,0.1557545385666459
1427359959180849156,negative,0.0002743249785723395
1427359959797403655,negative,0.2379576518697791
1427359960405618690,positive,0.9361329931363962
1427359960917233665,negative,8.826771390568837e-06
1427359962150457344,negative,0.002875240305365248
1427359963798773767,positive,0.764024109867307
1427359965271007242,neutral,0.3392320057922241
1427359966181068801,negative,8.44677761778071e-06
1427359966705426443,positive,0.9959483227192251
1427359966856458240,negative,2.3986610310258783e-06
1427359968051793924,negative,0.1739466423725511
1427359969742147587,negative,3.262099447585443e-06
1427359969998000134,negative,0.16215059392708145
1427359970933231616,negative,0.084580790077214
1427359972560719879,negative,0.1876355290384613
1427359973370220554,negative,0.0016282007344049435
1427359975098175489,negative,0.05217269890806904
1427359975299588099,negative,0.2579185672479961
1427359976297832458,negative,0.011632564208803814
1427359976683606029,negative,0.0030504637016349925
1427359977321140224,negative,0.1577154949361677
1427359978524975114,positive,0.6789216652729287
1427359979179286530,negative,5.571922882041343e-08
1427359979636502532,negative,0.30479235297613827
1427359979951038465,negative,0.01521169672906435
1427359980622172161,positive,0.7344049639932397
1427359980966002697,negative,0.14250787241514593
1427359981771411457,negative,0.0003762539599144907
1427359982174056449,positive,0.7919824676735754
1427359982371147782,negative,0.0005152752824563073
1427359983465902087,negative,7.573345004921017e-06
1427359989207810053,negative,1.0040572772114269e-05
1427359989274980354,negative,0.029110071149492756
1427359990675820547,negative,0.000248359495041441
1427359991095341061,negative,2.4755745464402948e-06
1427359991132995591,negative,6.232374185486393e-06
1427359991162294278,negative,0.0011338215464044932
1427359991195967490,negative,0.004651952118274643
1427359991456051215,negative,0.00019046514784947015
1427359992324235271,negative,0.015362124622497112
1427359992353525764,negative,0.0036791114382249746
1427359992475172865,negative,0.259595488154903
1427359993276342279,negative,0.005173984795641118
1427359993578262538,negative,0.01521169672906435
1427359993746108421,negative,0.03966636426796163
1427359993913819136,negative,8.44677761778071e-06
1427359995746832384,negative,0.010849923834607615
1427359997206405121,negative,0.02427618685368559
1427360001883054082,negative,0.15028502031411328
1427360001929224192,negative,0.0032230238403867157
1427360002713563137,neutral,0.49789225920557484
1427360005196558348,negative,0.0033894363767782505
1427360005439823875,negative,0.05131355920774915
1427360007847358469,negative,0.16352019608485005
1427360008283504650,neutral,0.4334392617149784
1427360008308674561,negative,0.09130636050496427
1427360008484835332,negative,0.16352019608485005
1427360009042677764,negative,3.2021914373450446e-06
1427360009252392964,negative,0.050386134190221345
1427360009260871687,negative,0.002463209023216259
1427360010036776967,negative,4.483967149375876e-06
1427360010863091713,negative,0.0005206812019977457
1427360012465319939,negative,0.00201948948947083
1427360012536619014,negative,2.260010821399603e-08
1427360013509697536,negative,7.039694174383411e-05
1427360013526441997,negative,0.0003564586284954042
1427360013887082504,negative,0.0002743249785723395
1427360014898016263,negative,0.3267318093990725
1427360015850086403,negative,1.589428827721728e-05
1427360016638562313,positive,0.7714867593976366
1427360019289366534,neutral,0.33997676466435167
1427360019306143745,positive,0.9472325257129763
1427360019327164416,positive,0.8008815015805597
1427360019805261831,negative,0.2911983991033176
1427360020136697858,negative,0.13150820617501519
1427360020669292545,negative,0.08480193138363104
1427360020895764486,negative,0.009528051972932976
1427360021445218317,negative,0.007092371478304936
1427360022737133568,negative,0.003235676989935893
1427360023001325570,negative,0.029748760023119377
1427360023609585665,negative,0.007430135787573414
1427360024418996227,positive,0.8409373580836934
1427360024813195299,negative,0.2714083573698832
1427360025035644933,negative,0.0014230174394731362
1427360028672069643,negative,7.720476614492758e-05
1427360028722405379,positive,0.6845006410254175
1427360029447970819,negative,0.011985144152414836
1427360029510979584,negative,0.15205969755398666
1427360030278492161,negative,0.00291543799616947
1427360031981379585,negative,4.4401128021501844e-05
1427360034279739406,positive,0.8321982327531797
1427360034531512325,positive,0.9898000247671743
1427360037840867332,neutral,0.49789225920557484
1427360038096625671,negative,3.5223203819001494e-06
1427360038440550404,positive,0.7115534994452857
1427360039896068101,negative,0.007170730247850166
1427360039933812736,negative,1.9513562703284284e-10
1427360044635475983,negative,0.0657640556545827
1427360045004738573,negative,8.462489461623588e-05
1427360045184995335,negative,0.030653444041686573
1427360045247913988,negative,0.004210796312055414
1427360045768089606,negative,4.9172855790500574e-05
1427360046875389962,negative,2.1094720148963972e-05
1427360048632799235,negative,0.11219885805149757
1427360049404465159,negative,0.10964564277093683
1427360050063024135,negative,0.06030860727826591
1427360050335600657,negative,0.013911797166000212
1427360050801217537,negative,0.17930167428036708
1427360051275124737,negative,2.260010821399603e-08
1427360052474753025,negative,0.05217269890806904
1427360052684414979,negative,3.2767428823465696e-05
1427360052869017603,negative,0.00012792402187290035
1427360053179392004,negative,0.051097251710634305
1427360053481377794,positive,0.7714867593976366
1427360053875646467,negative,0.013911797166000212
1427360055121285126,negative,0.16352019608485005
1427360056480256004,neutral,0.3547139886135571
1427360056895541253,negative,0.09381218284130616
1427360058401300484,negative,0.13512510140398817
1427360058690752517,negative,0.20030180422105262
1427360058891976707,negative,0.000737265557906732
1427360060615843849,negative,0.01521169672906435
1427360060896841731,neutral,0.5305678527031858
1427360062788587521,negative,0.05217269890806904
1427360064663343108,negative,3.8216563660983337e-07
1427360065108029446,negative,0.02692846113789838
1427360066122960901,negative,0.0012333055364396025
1427360066320146437,negative,5.998655886654369e-06
1427360067586826250,negative,0.003246204907532431
1427360067964313608,negative,1.492853133548112e-11
1427360069046386695,negative,0.008624706801133529
1427360069469999111,negative,0.2705091523956041
1427360070413819905,negative,0.018724544391780024
1427360070958993410,negative,0.00012792402187290035
1427360071827271685,negative,5.56986374285323e-06
1427360072338915334,negative,0.18387029119173803
1427360072552914951,negative,0.030462341841469374
1427360073169326084,negative,0.0012916717691463272
1427360073899200512,negative,1.8201302692977285e-10
1427360074272591876,negative,9.210307688397412e-09
1427360076508114949,negative,8.409599537905727e-05
1427360076688498698,negative,0.0008779450805202075
1427360077309222912,negative,0.000248359495041441
1427360078445809675,negative,0.10964564277093683
1427360078466801668,negative,0.16022986908032372
1427360078991138823,negative,0.15224482533329312
1427360080484356107,negative,9.541969538540055e-07
1427360083353161734,neutral,0.41956321267742214
1427360083529318400,neutral,0.33407612551078075
1427360084556931078,negative,0.0007214196294591189
1427360084926021634,negative,3.2021914373450446e-06
1427360085119062026,negative,0.0668913014859878
1427360086150860803,positive,0.9476992821329407
1427360086834487307,neutral,0.4571370806756548
1427360086926704640,negative,0.16352019608485005
1427360087719415808,negative,3.44470769769322e-07
1427360088562585603,neutral,0.36330853505685373
1427360089414021123,negative,0.10019903376017361
1427360089736941574,negative,8.022656835934096e-08
1427360090743529474,negative,0.18108131422223686
1427360091192299521,positive,0.8516993859199892
1427360093486690308,negative,0.11154443292387338
1427360093541179392,negative,0.00010192848988653052
1427360093901926400,negative,0.18387029119173803
1427360094157688840,negative,0.027840701200167097
1427360094514188293,negative,2.260010821399603e-08
1427360094635823108,negative,0.002568458015254756
1427360095663497219,negative,7.044382683314808e-07
1427360095873163268,negative,0.033111384777081816
1427360097152425991,neutral,0.604103997566798
1427360098184318980,negative,3.355658304031061e-10
1427360099950075913,neutral,0.3403391890910929
1427360101850038279,negative,9.314225651296137e-05
1427360102055546888,negative,6.301577885392284e-07
1427360102785355776,negative,2.260010821399603e-08
1427360103095750661,negative,0.10291766622039035
1427360103502598145,negative,1.1389682040254981e-05
1427360104224104449,negative,2.260010821399603e-08
1427360104349847552,neutral,0.34184640523860554
1427360104572145675,negative,0.0001390860192938796
1427360104823889920,negative,0.1025601560794151
1427360106375700483,negative,0.14793407752960605
1427360107600523273,negative,0.0002743249785723395
1427360107709534213,positive,0.6789216652729287
1427360108116316161,negative,0.25122532022143024
1427360108523175937,negative,0.0022011879584961963
1427360108535853059,negative,0.00015343938238222997
1427360109844475905,negative,0.002791009493003752
1427360110158942219,neutral,0.48968107641114417
1427360111769575430,negative,0.04935373180241479
1427360112830734346,negative,0.10964564277093683
1427360112851685382,negative,0.03899975774360613
1427360114030387200,negative,0.21869627399406738
1427360114185494529,negative,3.7735637594227026e-05
1427360114344923141,negative,0.20143739722464746
1427360115246735361,negative,7.347382375683121e-10
1427360115531952128,negative,0.084580790077214
1427360116765044737,positive,0.9628838102869247
1427360116794347521,negative,0.00013455133404413015
1427360118673395714,negative,0.00010192848988653052
1427360118983831557,negative,0.006135805205869797
1427360119273271298,negative,0.1947911742678152
1427360121718546432,negative,3.7391483836691087e-07
1427360123152916487,negative,0.11013253626173018
1427360123278745602,negative,0.0008779450805202075
1427360123337547780,negative,0.00036997164344262234
1427360123513712642,negative,0.06010164158726479
1427360123765280773,negative,0.001989988672808346
1427360123933110272,negative,0.0021507213747434493
1427360124235046912,negative,0.2911983991033176
1427360124826423299,negative,1.8177017933614865e-05
1427360124830732292,negative,4.739620445419964e-09
1427360126793568264,negative,0.2556676784677873
1427360127338926082,negative,0.31535207061665854
1427360128358141954,positive,0.7344049639932397
1427360128735629327,negative,0.11514602059613607
1427360129155059715,negative,0.07558785432498015
1427360129775652879,negative,0.029748760023119377
1427360131042447368,negative,0.000248359495041441
1427360131247976449,neutral,0.37899840162270665
1427360132921495558,negative,0.005918963312053349
1427360132992802822,negative,0.020557090135157476
1427360133730951168,positive,0.7263454024938072
1427360133961687043,negative,0.030462341841469374
1427360134980833282,negative,0.005068486355978653
1427360135828156418,positive,0.9499367320631046
1427360136830595084,negative,0.010510598925195338
1427360137937833987,negative,0.13068678921591073
1427360139208806407,negative,3.108208010872531e-05
1427360140135747584,negative,0.00025674640809308555
1427360143621206019,negative,0.06408018386176763
1427360143927300105,negative,0.02909171278245602
1427360144535408647,neutral,0.3996580091506196
1427360144627802116,negative,0.00666819658337271
1427360146309750785,negative,0.2047217102450708
1427360146754351111,negative,0.0006640280204368871
1427360148301959174,negative,0.011165907773573194
1427360149384142851,positive,0.6785976055735782
1427360149577125896,negative,0.067816071905177
1427360150734659584,negative,0.00428226948935598
1427360151284195333,negative,0.01521169672906435
1427360152458604546,negative,0.0036791114382249746
1427360152517283840,negative,0.003648688977188587
1427360153137975302,negative,0.001720189609022609
1427360153196802060,positive,0.9213603773109085
1427360153456762887,negative,0.015609109747442779
1427360153830150147,negative,0.04170124796616772
1427360153892900883,negative,0.0657640556545827
1427360154022989830,neutral,0.41561463714960173
1427360154085990404,negative,0.003235676989935893
1427360154484297729,negative,1.2799147235112883e-05
1427360154652119042,negative,4.442526816972574e-07
1427360155142926342,negative,0.05131355920774915
1427360155356762116,negative,0.21292270352416687
1427360158284488716,negative,0.0575862204255013
1427360159937056774,negative,0.0015564757776315053
1427360161081999367,negative,0.0011747003711458028
1427360161115553792,negative,0.0004902555987588117
1427360162478755845,negative,3.2021914373450446e-06
1427360162642284544,negative,0.019298947454276676
1427360162671648776,positive,0.9361329931363962
1427360163749634055,positive,0.7344049639932397
1427360164383006728,negative,0.06453766310401075
1427360164466860035,negative,8.657554349967755e-05
1427360164974403588,negative,0.0037783268697840536
1427360165133750273,negative,0.011724737227430823
1427360165695733769,negative,2.3986610310258783e-06
1427360166169792527,negative,0.00012503148781259468
1427360166740209670,negative,0.10964564277093683
1427360169130868749,negative,0.0024928196120666104
1427360170028539910,negative,0.0011947192122113842
1427360170062008320,negative,8.153693392527467e-06
1427360170229878789,negative,0.0033282900778951303
1427360170519240705,negative,0.0323706092693789
1427360171076964366,negative,0.005365903744804575
1427360171144224774,negative,0.017316635245716114
1427360172071133189,negative,0.000248359495041441
1427360172175994881,negative,0.07862174512090776
1427360174403211271,negative,0.0003454651517943693
1427360175334248453,negative,0.060808332105058704
1427360175594299396,negative,0.00019896583474272538
1427360176915587074,negative,0.084580790077214
1427360177397829635,negative,0.051097251710634305
1427360178073219078,negative,3.0467491504842825e-08
1427360178345762823,neutral,0.5734576952979002
1427360178635251716,negative,0.000122937350040461
1427360179163701252,negative,0.23666692934340403
1427360180463865861,neutral,0.4434395497950739
1427360184142290953,negative,0.00012792402187290035
1427360184171696135,negative,1.803134165692017e-12
1427360185841065991,negative,0.015281840053117187
1427360186155638785,negative,0.019156264857237277
1427360187774652426,negative,0.28052799863085226
1427360189473304576,negative,0.16352019608485005
1427360189636820997,negative,1.447642651203529e-05
1427360191188770821,negative,0.22120445561218716
1427360191297859584,negative,0.002791009493003752
1427360191608233985,negative,0.00012792402187290035
1427360191855595520,negative,0.01521169672906435
1427360192648421376,negative,7.222074773643692e-05
1427360193260687364,negative,0.2911983991033176
1427360193529122819,negative,0.0007809312610772711
1427360193600446475,negative,2.49704595764137e-09
1427360195898925059,negative,0.03517772364836443
1427360196112883716,negative,0.10291766622039035
1427360196427399174,neutral,0.4571370806756548
1427360196729479175,negative,0.0028521593806129526
1427360197480226819,negative,0.08889829340128808
1427360197652135946,negative,0.24039657769468067
1427360197937451016,negative,0.030462341841469374
1427360198079963139,negative,2.4755745464402948e-06
1427360198843412490,negative,0.21921412548362115
1427360199413805056,negative,0.13150820617501519
1427360199690555394,negative,0.13253024524492177
1427360200940478470,negative,0.01376191164421334
1427360201838108689,positive,0.9628838102869247
1427360202903343125,negative,0.002463209023216259
1427360203062890502,negative,0.11619088098358671
1427360203641589769,neutral,0.418643144867986
1427360204648329216,neutral,0.3979983432348607
1427360205650731011,negative,1.3881516606685247e-05
1427360206531530755,negative,0.0019505520766250376
1427360207320068106,negative,0.11154443292387338
1427360208137900041,negative,0.000248359495041441
1427360208259530757,negative,0.0886644274015753
1427360208397950979,negative,0.1401054826751126
1427360208569896966,negative,2.0421933421076147e-05
1427360209824059392,negative,0.043876783986844914
1427360210822307847,negative,2.599595787823268e-10
1427360211141079045,negative,0.01521169672906435
1427360214123175944,negative,0.03867142691775281
1427360217143074816,negative,0.30942350916132183
1427360218686672900,negative,0.2812124665127172
1427360219168976897,negative,0.31302568928416363
1427360219558985732,negative,0.11176772762326523
1427360219881955328,neutral,0.49789225920557484
1427360220762750980,negative,0.004210796312055414
1427360221266157573,neutral,0.5496678701602578
1427360223514275845,negative,0.006958199315606197
1427360223652630540,negative,2.260010821399603e-08
1427360225544261641,negative,0.03913130009772657
1427360225615650819,negative,2.4755745464402948e-06
1427360225628233728,negative,0.026639219118770905
1427360225938616320,negative,0.0006126559573401267
1427360227549122569,negative,5.144197528104992e-12
1427360227754758160,neutral,0.49789225920557484
1427360228199313415,negative,0.017748037501161402
1427360229747040258,negative,0.042223038111028
1427360229797376001,positive,0.6917059519039537
1427360230225039363,negative,0.00010192848988653052
1427360230413934603,neutral,0.40089700790493593
1427360230455881734,negative,0.10545286981511183
1427360230539661313,negative,0.0022624843816926267
1427360232657801216,negative,2.260010821399603e-08
1427360232779419653,negative,0.008233289841403792
1427360232955592710,negative,0.12468739547779328
1427360234012651522,neutral,0.5372318511317483
1427360236621414405,negative,0.06962688922089935
1427360236789194754,negative,3.108208010872531e-05
1427360236873080838,negative,0.1739466423725511
1427360238169174021,negative,0.11194064529017334
1427360238433353732,negative,0.0016282007344049435
1427360238483693569,negative,0.09488824926404411
1427360239989534726,negative,0.00196855567152133
1427360240941600769,negative,0.2379576518697791
1427360242304634917,negative,0.04301142002460114
1427360242631909376,negative,1.3158848750152901e-09
1427360244896763916,negative,0.0008424143296179866
1427360245270069253,negative,0.031663219589489436
1427360246566170626,negative,2.5140404124725945e-06
1427360246805274628,negative,0.041809380055319846
1427360247681855501,negative,0.03149955010291329
1427360248059371526,negative,0.0001044459704701879
1427360249447653381,negative,4.739620445419964e-09
1427360249762156551,negative,0.00773540233296544
1427360250395598851,negative,3.262099447585443e-06
1427360252090060801,negative,0.11176772762326523
1427360255105712132,negative,0.04047490180510253
1427360255328104452,negative,2.5961305844605377e-05
1427360255403511809,negative,0.25366359999702986
1427360255835525126,negative,4.3505769695912764e-05
1427360256091475975,negative,0.084580790077214
1427360256473059340,neutral,0.36072098323156504
1427360258176004099,positive,0.6789216652729287
1427360258410876929,negative,8.153693392527467e-06
1427360258997964801,negative,0.011887956254572665
1427360260126298113,negative,0.006680905583044323
1427360262416322579,negative,0.21752264810936486
1427360262445682713,negative,0.1409226245190164
1427360262521294852,negative,0.15689399809156418
1427360262630350851,negative,3.2021914373450446e-06
1427360262760407044,negative,3.440290932234542e-06
1427360263137857552,negative,0.002463209023216259
1427360263427305478,negative,0.02427618685368559
1427360264677117956,negative,2.260010821399603e-08
1427360264735891459,negative,7.557416967516278e-06
1427360265469837320,negative,0.22949407482612988
1427360266413608966,negative,0.003607424711676905
1427360267063762952,negative,0.28748550773598475
1427360268800118805,negative,0.07019238151249844
1427360268955312129,positive,0.6789216652729287
1427360269257232398,negative,0.00033637465424363227
1427360269576118274,negative,0.000248359495041441
1427360269701951503,negative,5.644488912876278e-08
1427360270083575813,negative,0.07723560831678909
1427360270431752192,neutral,0.3419384428643814
1427360271140630530,negative,0.0004501100929760997
1427360274038857742,neutral,0.40596892775046894
1427360274647031815,negative,0.004968939748621479
1427360275397742593,negative,0.0003695766531251776
1427360277637451796,negative,0.015609109747442779
1427360279185272840,negative,5.56986374285323e-06
1427360280988766213,negative,1.589428827721728e-05
1427360283417317386,negative,1.7418251527192722e-05
1427360284105183234,negative,7.774087523418626e-05
1427360284130385927,positive,0.8195052976358304
1427360286424633352,negative,0.002463209023216259
1427360286730752006,negative,1.6024649797494014e-09
1427360289754951689,negative,0.1876355290384613
1427360290094653450,negative,0.11514602059613607
1427360290631475208,negative,0.06818566538541256
1427360291130576906,negative,0.012176204081920567
1427360292653129733,negative,0.07724245901417592
1427360293265547267,negative,0.28011987520281056
1427360293588504587,negative,0.000248359495041441
1427360293819191299,negative,3.0467491504842825e-08
1427360294070800384,negative,0.11571446505566221
1427360294775443457,negative,0.25366359999702986
1427360295643754496,negative,0.18387029119173803
1427360296092450818,negative,8.409599537905727e-05
1427360297023688704,negative,2.260010821399603e-08
1427360297128452096,negative,0.11619088098358671
1427360298911125507,neutral,0.5831117608183899
1427360299162689540,negative,0.008808917921969328
1427360299229847561,negative,0.09175035184953899
1427360300186099720,negative,6.002124486680308e-05
1427360302258167820,negative,0.2080069320105487
1427360302325288968,positive,0.6914453886270334
1427360302891356172,neutral,0.604103997566798
1427360303361269762,negative,0.012813938433307179
1427360303965216779,negative,0.0005965021382568259
1427360304590114818,negative,0.08244264769317933
1427360304929943564,positive,0.6789216652729287
1427360305047351299,negative,0.15695417386300095
1427360305869463555,neutral,0.604103997566798
1427360306058174464,negative,0.17391829589681007
1427360306448244738,neutral,0.4334392617149784
1427360306611765249,negative,9.31848514106226e-05
1427360308956368897,negative,0.0036791114382249746
1427360309602357261,negative,5.366731072075926e-06
1427360309958819841,negative,0.0035758019741188086
1427360310332116995,negative,0.04220487130030765
1427360311670083594,negative,0.00017439261938047805
1427360312232071183,negative,1.5307514126160573e-10
1427360312878112772,negative,6.685831202591566e-05
1427360313939316740,negative,0.21921412548362115
1427360314572611593,negative,7.102432023883846e-05
1427360315621068801,negative,0.241578289881779
1427360316321583107,negative,5.9581949416468386e-06
1427360316480950273,negative,3.957185478855366e-06
1427360318540304392,negative,0.00014439920837620518
1427360318938882057,negative,0.18739543126695674
1427360319400288260,negative,0.06094845464733535
1427360319433854981,neutral,0.418643144867986
1427360320570470411,negative,0.05217269890806904
1427360320637612035,negative,0.1947911742678152
1427360321434537988,negative,0.259595488154903
1427360321451200521,neutral,0.418643144867986
1427360322092879872,negative,0.06547858168901839
1427360322445352975,negative,0.11619088098358671
1427360324911570947,negative,0.01163717673231319
1427360325133819914,negative,0.004601112890697783
1427360325393866766,negative,0.0349705717052082
1427360328535379968,negative,0.2712408155467774
1427360329080590357,neutral,0.49789225920557484
1427360330175369217,negative,0.0032401714580734724
1427360331790262281,negative,0.08422203159189535
1427360334164209674,negative,8.255545614274963e-05
1427360334197755907,negative,0.031663219589489436
1427360334696828935,negative,0.0003922083941098036
1427360336236224513,negative,1.5154266467828582e-07
1427360337079283722,negative,0.07302412072975543
1427360337699954692,negative,0.16847634498426758
1427360337985216517,negative,0.020491077762390227
1427360338152919047,neutral,0.49789225920557484
1427360338673127427,negative,0.00010192848988653052
1427360339797086210,negative,0.0008463731500872914
1427360341168726021,negative,0.07174362539377149
1427360342129070101,negative,0.1557545385666459
1427360342221463552,negative,0.031663219589489436
1427360342418591751,negative,0.00015819927774326107
1427360342536036358,negative,0.28574245251694513
1427360343307825153,negative,0.26997241004738376
1427360343672635400,neutral,0.3353500257179539
1427360343819374601,negative,3.7735637594227026e-05
1427360344385671173,negative,0.0886644274015753
1427360344951951370,negative,0.034460725528559
1427360345186869265,negative,0.2773264606062614
1427360345660825602,negative,5.135409102399921e-13
1427360345954336768,negative,0.212372174040475
1427360346197606406,negative,0.032102810580965306
1427360346361171975,neutral,0.37679209754895876
1427360346931617805,negative,0.016537778702007278
1427360347342655491,negative,0.017353956746382643
1427360348940738566,negative,0.09563108019205067
1427360350769385486,negative,2.740416572885957e-07
1427360350790377477,negative,0.05431387351855678
1427360351692201990,negative,0.015609109747442779
1427360352912744459,negative,5.1090738376187985e-05
1427360353466437642,negative,0.02322607311108576
1427360354804408321,negative,1.4317008429992123e-15
1427360356012265472,negative,0.25868927784558615
1427360356016574468,positive,0.9910857989583947
1427360356821766159,negative,0.009389844017083385
1427360356914143235,negative,0.0007887652638632782
1427360357169999874,negative,0.11619088098358671
1427360357882937347,negative,0.25366359999702986
1427360358302420996,negative,2.260010821399603e-08
1427360359959056408,negative,0.008761880856133239
1427360361745985611,negative,0.013565813505903869
1427360363566321668,negative,0.17740690242135923
1427360364044357635,negative,0.1639450951235744
1427360364161912838,negative,0.24589520746350227
1427360364409262082,negative,0.16352019608485005
1427360365843664919,negative,0.07724245901417592
1427360367370457088,negative,0.2508875997277282
1427360367525703688,negative,0.19099039025728143
1427360368637222916,negative,0.21869627399406738
1427360370096807939,neutral,0.43700193594599357
1427360370658795525,negative,0.26719795190818996
1427360371061440518,negative,0.1639450951235744
1427360371904495618,negative,4.670256650218043e-06
1427360373334843396,negative,0.01380230042406076
1427360374546894852,negative,0.034460725528559
1427360375771705355,negative,0.06513598552834562
1427360376518332417,neutral,0.382951434315947
1427360378065981440,negative,0.00013359244834073742
1427360378225315844,negative,0.13621944997364444
1427360378279845890,positive,0.8114308549234515
1427360379206881281,negative,0.0027457474196805054
1427360380444160001,negative,0.000248359495041441
1427360380842557445,negative,0.003953746410861581
1427360382608449540,neutral,0.5932249856381626
1427360384185421832,negative,4.924286466858962e-06
1427360385599000579,negative,0.0036791114382249746
1427360385968054275,negative,0.30473123865057933
1427360387155087361,neutral,0.37899840162270665
1427360391655534598,negative,0.30942350916132183
1427360392037142534,negative,0.16847634498426758
1427360392515305472,negative,0.08552439695251261
1427360394855829505,negative,0.0013056194046818092
1427360395967225856,negative,0.00010192848988653052
1427360398005739530,neutral,0.530068146978571
1427360398102208513,negative,3.950671400837799e-09
1427360398811049990,negative,0.1231339584511526
1427360398995492868,negative,0.000248359495041441
1427360399444234247,negative,0.026793267627951495
1427360399490494466,negative,0.04944193418842664
1427360399683465216,negative,0.0008779450805202075
1427360400190889992,negative,0.07174362539377149
1427360400924942338,neutral,0.46127768308170247
1427360401268805634,negative,0.06030860727826591
1427360401281503242,negative,0.003769319392083204
1427360403311497220,negative,0.12185644740807991
1427360405513543692,neutral,0.3353500257179539
1427360406595571719,negative,3.2021914373450446e-06
1427360407870660609,negative,0.09563108019205067
1427360408554385408,neutral,0.4153373325707398
1427360410076794897,negative,0.2911983991033176
1427360410634702851,negative,0.11081768723331883
1427360411041484813,negative,5.703566841469115e-05
1427360411091881987,negative,0.00025677508970996666
1427360411712724999,negative,0.31014530179100014
1427360412153094145,negative,0.0006758883893054047
1427360413482639367,negative,0.0003549749025315696
1427360414229270528,neutral,0.34390760743775584
1427360414233505802,negative,0.11619088098358671
1427360415353352206,neutral,0.5282666824705302
1427360416242491401,negative,0.0022011879584961963
1427360417752494085,negative,0.0016282007344049435
1427360418322845707,neutral,0.5450494921012777
1427360418658459649,negative,0.015609109747442779
1427360419254054919,negative,1.5401330723249348e-05
1427360419824427014,negative,0.08387442311142992
1427360420269076485,negative,0.27559764237793355
1427360421003112448,negative,0.017759908225597473
1427360421158268932,negative,0.0800346427184915
1427360421162491908,negative,2.260010821399603e-08
1427360421653229571,negative,0.001904475383042406
1427360421930020865,negative,0.12320898036135165
1427360422038999044,negative,1.4211100605187807e-05
1427360422156509191,negative,0.16352019608485005
1427360424622702602,negative,0.18739543126695674
1427360425226682374,negative,1.642298075483701e-07
1427360425625141257,negative,3.262099447585443e-06
1427360425717473288,negative,0.0006380915197720522
1427360426019459074,negative,0.011492037936585531
1427360427063877634,negative,2.7891218223691182e-08
1427360427713843205,negative,0.008840121000625567
1427360428687073286,negative,0.1997607479626431
1427360429869838340,negative,0.004210796312055414
1427360430608076815,negative,0.001720189609022609
1427360432663191554,negative,0.010293654447449061
1427360433531408385,negative,0.10671668356614815
1427360433615380480,negative,3.6385382244968615e-07
1427360433929871364,neutral,0.37899840162270665
1427360436152938500,negative,0.31595270457825786
1427360437012738052,negative,0.09454161882435294
1427360437016879112,negative,0.00896456103400881
1427360437495123973,negative,5.086908022888413e-07
1427360437725810691,negative,0.16847634498426758
1427360437801144325,negative,0.051097251710634305
1427360439055290369,negative,0.03487277930548057
1427360439730647048,neutral,0.46187539713643033
1427360440200286243,negative,0.2911983991033176
1427360445426540545,negative,0.2331250459177007
1427360447108304911,negative,6.778878509697875e-07
1427360448232448007,negative,0.023298536089763584
1427360450275053574,negative,0.10964564277093683
1427360450442899456,negative,0.01619791044760044
1427360453441826822,negative,5.316234639325652e-05
1427360454301605895,negative,0.0015564757776315053
1427360454372900867,negative,0.18013262156430654
1427360455769661442,neutral,0.49789225920557484
1427360457065701379,neutral,0.36914606414390816
1427360457246052355,negative,0.030397938012196292
1427360458424659973,negative,0.013911797166000212
1427360458772815875,negative,3.9908204252211174e-07
1427360460656021510,negative,0.04240090957107008
1427360463130710017,neutral,0.3497822853856602
1427360463277461505,negative,3.0467491504842825e-08
1427360463457816581,negative,0.0008424143296179866
1427360463982153733,negative,3.108208010872531e-05
1427360465810767886,negative,0.034460725528559
1427360467861790721,negative,0.007525169484565994
1427360468474155013,negative,0.06587144503077128
1427360469791215619,negative,0.0015564757776315053
1427360470177128451,negative,0.07724245901417592
1427360470776811524,negative,0.00012792402187290035
1427360473096335363,negative,0.024448487293284245
1427360475361198090,positive,0.9343671310991865
1427360477059895296,positive,0.9997435592868792
1427360477819047944,positive,0.9943819774651903
1427360478469181440,neutral,0.36072098323156504
1427360478536273923,negative,0.2850093417421068
1427360478922149897,negative,0.049864327571077637
1427360480348319753,negative,0.05217269890806904
1427360480813850627,negative,0.02865845925606376
1427360482445377539,negative,0.0001717890714159698
1427360484567797763,negative,2.565657756830047e-05
1427360484760694796,negative,0.004229101000034595
1427360484978827268,negative,0.013028896264686788
1427360485775654913,negative,0.16352019608485005
1427360486526443521,negative,0.05704234542591886
1427360486765572102,negative,0.16847634498426758
1427360487059120133,negative,0.00015875069040260142
1427360487164026886,negative,0.01521169672906435
1427360488594288652,negative,0.0012333055364396025
1427360489365966849,negative,1.4096110506691685e-10
1427360490037129216,negative,0.2047217102450708
1427360490066489351,neutral,0.4571370806756548
1427360492104953861,negative,3.7735637594227026e-05
1427360492453081093,negative,0.2379576518697791
1427360492855627781,negative,9.31848514106226e-05
1427360494218850307,negative,0.05217269890806904
1427360494642507780,negative,0.034988058278575075
1427360495300923394,negative,2.260010821399603e-08
1427360495728832519,negative,0.0035758019741188086
1427360496064335872,negative,0.059481255257987704
1427360496676655104,positive,0.9910857989583947
1427360499067408394,neutral,0.3752432714439191
1427360500694851585,negative,0.20331047974963426
1427360500866863105,negative,0.0005624507115427953
1427360501676363782,negative,0.03677145358934142
1427360503576342530,negative,0.00016209154104693333
1427360503693774853,negative,0.06867367172102665
1427360504398372864,negative,0.00014595867603634798
1427360505476354052,negative,0.18739543126695674
1427360506415824896,neutral,0.48968107641114417
1427360506558521354,negative,0.017774394932655344
1427360507263176706,negative,0.15882158782075223
1427360507925782531,neutral,0.552604093023779
1427360508210974720,negative,0.0644461396545525
1427360508357795859,negative,2.1983816127269855e-08
1427360511398666251,positive,0.6789216652729287
1427360514049396748,negative,3.340381121823971e-05
1427360514049396749,negative,0.054637977317572715
1427360514598969345,negative,0.03480958044700316
1427360515475509253,negative,0.00012792402187290035
1427360515584630787,negative,2.260010821399603e-08
1427360515970551808,negative,0.024323328422348228
1427360516264153094,negative,0.16352019608485005
1427360517157425163,negative,0.04944193418842664
1427360518206017543,negative,0.0022099999952849884
1427360519212740620,negative,9.22776844857129e-05
1427360519418228742,negative,0.00014423419990494736
1427360520890376194,neutral,0.48048192158158226
1427360521901289478,negative,0.2470087956324419
1427360521947271169,negative,0.0004776832226504827
1427360523813900298,negative,0.15253718841285904
1427360524396810242,neutral,0.4518924931794885
1427360524812144646,negative,0.12146426141732296
1427360526368219152,negative,0.16352019608485005
1427360528838574081,negative,0.0019250359656919412
1427360528851165184,positive,0.9837374154544264
1427360530277273603,negative,1.340447774639289e-08
1427360531116081157,neutral,0.4394932484037841
1427360532345069575,negative,0.004349585534070277
1427360532890329102,negative,0.07174362539377149
1427360533485871111,negative,0.00018132511811772673
1427360533779451906,negative,0.003043425149867548
1427360533913772042,negative,0.2967580431747182
1427360534098231298,negative,1.4922034878547097e-06
1427360534584823812,negative,0.06588896877700445
1427360535377498123,negative,0.0003922083941098036
1427360535910170632,negative,0.10291766622039035
1427360537445224457,neutral,0.5305678527031858
1427360538582003715,negative,0.000248359495041441
1427360538934317060,negative,0.002012389636067741
1427360539433390083,negative,0.03674978357643355
1427360541832630275,negative,0.0036791114382249746
1427360542252048384,negative,0.3073169143571399
1427360543002726402,negative,0.006304152369077997
1427360544093257729,neutral,0.3499352441185855
1427360544697290755,negative,0.17466203270726963
1427360545691295747,neutral,0.34184640523860554
1427360548111409159,negative,0.004816631640502785
1427360548371509257,negative,0.07089729374821281
1427360549222952963,negative,0.002791009493003752
1427360550032400385,neutral,0.5305678527031858
1427360550875435012,negative,0.00012792402187290035
1427360552163098627,negative,0.002032111542111133
1427360552653819904,neutral,0.3353500257179539
1427360552985190402,negative,0.0009722708283357628
1427360554956595200,negative,0.0019314100419650228
1427360554960789509,negative,0.0009937195670136185
1427360556026040324,negative,0.32936530419176985
1427360556952997892,negative,0.0017587756110726042
1427360557238263811,negative,0.000248359495041441
1427360558593024003,negative,0.18306178266258746
1427360558811127821,negative,0.084580790077214
1427360561646407687,negative,0.11619088098358671
1427360561927438341,negative,0.0017606558913955735
1427360561969389569,negative,0.16124892457072623
1427360562036490242,negative,0.004236451920868604
1427360562623787014,negative,0.000514700153676256
1427360563202494465,negative,0.00010192848988653052
1427360563647164418,negative,0.16847634498426758
1427360564192415754,negative,1.4939972126312398e-05
1427360565907927041,positive,0.8454273789190533
1427360566629306370,negative,0.2920583920939274
1427360567279464449,negative,0.0253315431150147
1427360567581454339,negative,0.000248359495041441
1427360567929548806,neutral,0.49789225920557484
1427360569187778560,negative,0.00017439261938047805
1427360570274197510,positive,0.9412212415305472
1427360571335266316,negative,0.0024928196120666104
1427360572144816136,positive,0.7039216430524671
1427360573067567106,negative,0.0009419693724623645
1427360573780545536,negative,0.027277257338113432
1427360575026307073,negative,0.0006289786226287307
1427360576116772864,negative,4.822840902262845e-09
1427360580684374020,negative,0.023432771102407386
1427360580944465923,negative,5.56986374285323e-06
1427360582852878340,negative,0.0004915061144558433
1427360583570104325,negative,0.16847634498426758
1427360584492883974,negative,0.000203471246103191
1427360585923108868,negative,0.11559796045957355
1427360593678258193,neutral,0.49374589732245106
1427360593820913673,negative,0.012777410080276826
1427360594257141763,negative,0.005308272559535565
1427360594819272708,negative,0.08665627269947537
1427360595721035777,negative,0.10964564277093683
1427360596358537223,negative,0.16352019608485005
1427360596501143565,negative,0.0016282007344049435
1427360596840927237,neutral,0.4296041936220837
1427360597700759552,negative,0.28748550773598475
1427360598229147654,negative,0.07302412072975543
1427360599676227589,negative,0.11619088098358671
1427360599948898305,negative,1.4922034878547097e-06
1427360600779370497,negative,0.027575326945602385
1427360602570297351,negative,0.13596106497507796
1427360604013088773,neutral,0.34184640523860554
1427360604285714432,negative,1.307562421650706e-05
1427360604289970190,negative,0.002463209023216259
1427360604608737289,positive,0.8898492569365942
1427360604851998723,negative,0.07037433435585687
1427360605678276618,negative,0.011165907773573194
1427360610925387781,negative,1.1649587700817123e-11
1427360610954711042,negative,0.078968199135944
1427360612288536585,negative,0.06833119659376531
1427360613156761600,negative,0.10964564277093683
1427360614750564358,neutral,0.488872061101684
1427360614771576835,negative,0.00013686231912625956
1427360618156265479,negative,1.6476273841062608e-05
1427360618512855041,negative,3.0739485994724895e-08
1427360618978299920,neutral,0.38275654828163763
1427360620110831632,negative,0.03692181460083454
1427360621482418177,negative,0.06692082588542778
1427360621948022792,negative,0.04944193418842664
1427360622552010757,negative,0.00012792402187290035
1427360622929383428,negative,0.0035758019741188086
1427360623227199488,negative,0.0004048618888343643
1427360625022443526,negative,0.002463209023216259
1427360625039224840,negative,0.1639450951235744
1427360625056010245,negative,0.12460818802064423
1427360625353641990,negative,0.07019238151249844
1427360625538191364,negative,0.24029506877468385
1427360625597034496,negative,0.01521169672906435
1427360625768996877,negative,0.029748760023119377
1427360626762989579,negative,3.108208010872531e-05
1427360630692990990,negative,3.262099447585443e-06
1427360630953189381,negative,0.3026020257727356
1427360632446271491,negative,1.103180499387853e-06
1427360632819617794,negative,0.0035758019741188086
1427360632848982022,negative,9.932734760269477e-12
1427360633570447368,neutral,0.6038354907875534
1427360633595613187,negative,0.06935443359654692
1427360633708695552,negative,0.05217269890806904
1427360634941976580,negative,8.255545614274963e-05
1427360635348824069,negative,7.236674375847786e-08
1427360636342784004,positive,0.764024109867307
1427360636984610818,negative,0.11013253626173018
1427360638507098118,negative,0.011165784120959919
1427360638616182786,negative,0.06692082588542778
1427360638708355073,negative,0.10964564277093683
1427360640922947596,negative,0.2377210738910394
1427360641304629253,negative,0.006464380642466171
1427360641610883077,negative,2.556293418997174e-07
1427360642202284034,neutral,0.5756348155065912
1427360642298744836,negative,0.04240277316720916
1427360642927894537,negative,0.06441863133120522
1427360644379004932,negative,0.2577144271965789
1427360646123896834,negative,0.002463209023216259
1427360646132346883,negative,0.07365437437223223
1427360646975328258,negative,6.78549642449035e-08
1427360648128876551,negative,0.00010192848988653052
1427360649387159556,neutral,0.3419384428643814
1427360651299758088,negative,0.02168143012423108
1427360653879267329,negative,0.0005426044176943962
1427360655640825857,negative,4.442526816972574e-07
1427360655745691653,negative,8.826771390568837e-06
1427360658279051267,negative,2.260010821399603e-08
1427360658316746755,neutral,0.40944595022028984
1427360658455203849,negative,0.00012049449239936324
1427360661022167040,negative,0.06144994217194745
1427360661110149131,negative,0.01483921386187369
1427360661278007299,negative,0.0006289786226287307
1427360661399613453,negative,0.241578289881779
1427360663245053959,negative,0.002473029849736701
1427360667468709892,negative,0.020403888650021195
1427360668064395271,negative,6.585290759844558e-06
1427360670371172353,negative,0.11024092296732114
1427360670593466370,neutral,0.36072098323156504
1427360671331717122,negative,0.08606770177058636
1427360672518651905,negative,0.015609109747442779
1427360672816435204,positive,0.9702801481862369
1427360675727294465,negative,1.4055213673379126e-10
1427360675756707848,positive,0.7263454024938072
1427360676046069769,negative,0.002463209023216259
1427360676419407872,negative,0.0015461315373879226
1427360676624932865,negative,0.052222222693579776
1427360678369808391,neutral,0.3358789792077224
1427360678965301253,positive,0.7737103783427841
1427360680139792387,neutral,0.49789225920557484
1427360682408882180,negative,0.011165784120959919
1427360682899656715,negative,0.1084703447209691
1427360683080011785,negative,0.008483799122469472
1427360684011032579,negative,0.1947911742678152
1427360684527001606,neutral,0.654228296960192
1427360686766690311,positive,0.7830001603314833
1427360688071192576,negative,0.003235676989935893
1427360688926826501,negative,1.0799755478911954e-05
1427360688935161861,negative,0.16215059392708145
1427360689425895432,negative,0.07949342789755084
1427360689455308800,negative,0.028710166912458524
1427360690902274053,negative,0.07724245901417592
1427360691070046217,negative,1.4922034878547097e-06
1427360691955150855,negative,0.24029506877468385
1427360695176384520,negative,0.1084703447209691
1427360695314694152,negative,0.10964564277093683
1427360695629361158,negative,0.1084703447209691
1427360696048685056,negative,4.751536581895766e-05
1427360698254995457,negative,0.00017446435515422665
1427360698909220874,negative,0.02168143012423108
1427360699509059592,negative,0.00010192848988653052
1427360700293435394,neutral,0.5737224312084238
1427360700964511746,negative,0.09563108019205067
1427360701698433035,neutral,0.4111355927487227
1427360701736267778,negative,0.28030048574839944
1427360702294110215,negative,0.10970066097934549
1427360702524805132,negative,3.037372946517806e-07
1427360702717702145,neutral,0.4334392617149784
1427360702856060928,negative,5.703566841469115e-05
1427360703086727170,negative,0.026907074437591973
1427360703665647621,negative,0.00010192848988653052
1427360703686619139,negative,0.259595488154903
1427360705955737603,negative,0.2742039619042154
1427360709340504067,negative,0.04944193418842664
1427360709478866951,negative,0.0002829609325331251
1427360709621518342,negative,2.260010821399603e-08
1427360711064305666,neutral,0.5533970533999424
1427360711303442435,negative,0.051097251710634305
1427360713681551361,negative,0.3007785478153708
1427360713786347528,negative,0.01521169672906435
1427360716391075843,negative,0.002797739239048106
1427360718391758852,negative,7.936259799387197e-06
1427360718945464322,negative,0.08849266599376246
1427360719222235141,negative,1.4922034878547097e-06
1427360719620689926,negative,0.0022079610361070666
1427360719629082625,negative,0.056891876707297236
1427360720069570566,negative,0.006680905583044323
1427360720304410625,negative,5.6815344074521666e-05
1427360720962965513,negative,0.06685924850895184
1427360723185831937,negative,2.6079142320550593e-06
1427360724049870850,negative,0.27255570400961454
1427360725714997248,negative,1.4922034878547097e-06
1427360726432292868,negative,2.260010821399603e-08
1427360727107506185,negative,0.07174362539377149
1427360730752430080,negative,0.031663219589489436
1427360732484669441,neutral,0.49789225920557484
1427360734548152348,positive,0.6785976055735782
1427360735630434307,negative,0.00723596660367783
1427360736251109385,negative,0.009114587876960057
1427360736515432464,negative,4.090499400852199e-18
1427360740839731206,negative,0.15689399809156418
1427360740990664707,positive,0.9333748396739261
1427360741380792329,negative,0.01521169672906435
1427360741955457028,negative,0.012800519875030492
1427360743326892034,negative,0.004229101000034595
1427360748808855554,negative,0.25366359999702986
1427360748993454080,negative,0.00033365626688276696
1427360751673614339,negative,0.0013056194046818092
1427360754194423815,negative,4.5241317991198155e-05
1427360756618731525,negative,4.5241317991198155e-05
1427360757465878536,negative,5.055246486338623e-05
1427360758690721798,negative,0.002463209023216259
1427360758707466242,negative,0.017277482490978126
1427360759445692423,negative,0.17078972677862292
1427360760636878851,neutral,0.5442060184796753
1427360760942956544,positive,0.7179688797551297
1427360761870004232,negative,0.000445601580750562
1427360762952101888,positive,0.8457002623067913
1427360763329536004,negative,0.1147595856080835
1427360763509821456,negative,0.06175488296274468
1427360763774218246,negative,0.05217269890806904
1427360764331966469,negative,0.002702019565932983
1427360764722126850,negative,0.004229101000034595
1427360764864737284,negative,5.671418956658355e-07
1427360765753774099,negative,0.011248850996408329
1427360765766471685,negative,0.000248359495041441
1427360766047531009,negative,0.05217269890806904
1427360768060641337,negative,0.1639450951235744
1427360768476041227,positive,0.7547008845955447
1427360771206488068,negative,0.24843147508258542
1427360771625861120,negative,0.021620176752374667
1427360771651129344,negative,0.0007812602793993199
1427360771852447755,negative,0.08921901666573896
1427360771982376960,negative,0.0007545051593094525
1427360772259139595,negative,0.1084703447209691
1427360772359958530,negative,0.00017439261938047805
1427360774427717642,negative,0.00032264442890883935
1427360776222879744,negative,0.00012792402187290035
1427360776919076867,negative,3.9851065170383835e-05
1427360778093568006,negative,0.11445313818660773
1427360778240380940,negative,0.021160953676601937
1427360778248675329,negative,0.24086290279979417
1427360778500313088,positive,0.7364955483575036
1427360778613559303,negative,0.00012792402187290035
1427360778676576259,negative,1.598029381124296e-05
1427360778978529291,negative,4.442526816972574e-07
1427360779746123785,negative,0.003091734736491314
1427360780035543047,negative,0.004059937713147421
1427360781205753861,negative,0.21869627399406738
1427360783088996353,negative,0.29632820658078934
1427360783759921200,negative,0.004689263923350539
1427360785475452933,negative,7.892682051756203e-05
1427360785777532930,negative,0.11543859966310979
1427360786314371081,neutral,0.5137403132873646
1427360787622924289,negative,0.01357020131680545
1427360788793204743,negative,0.1084703447209691
1427360790110167044,negative,9.375815484789748e-06
1427360790135414787,negative,0.00033309458843743813
1427360790613483533,negative,6.980756980520892e-05
1427360790798032900,negative,0.01521169672906435
1427360790882000898,negative,0.004210796312055414
1427360791078981659,negative,3.8216563660983337e-07
1427360792010280960,negative,0.009895410728833577
1427360792538599442,negative,0.0657640556545827
1427360794321240068,negative,0.0015252051771075543
1427360794866552839,negative,2.661404971092999e-05
1427360795118260225,neutral,0.46986360860718446
1427360795688591360,negative,0.12636627367316783
1427360795818659848,negative,0.00012792402187290035
1427360796619771908,positive,0.8008815015805597
1427360796976328708,negative,1.4922034878547097e-06
1427360797617901592,negative,0.259595488154903
1427360798612000777,neutral,0.34184640523860554
1427360799480221710,negative,3.8216563660983337e-07
1427360799773929475,negative,0.16352019608485005
1427360800663121928,negative,2.260010821399603e-08
1427360803250913291,negative,0.323934857494844
1427360805679509515,negative,0.03966636426796163
1427360809152389125,neutral,0.3344443116885227
1427360809873809413,negative,0.004080388667594057
1427360816353923076,negative,1.0040572772114269e-05
1427360816446181383,negative,0.07317687953581108
1427360816555233282,negative,0.0008804689134608739
1427360816689451013,negative,0.07365437437223223
1427360817230581761,negative,0.000248359495041441
1427360818388094986,negative,9.181547047169084e-07
1427360819487158279,negative,0.04766443976831161
1427360820388777999,negative,0.006135805205869797
1427360820661559299,negative,0.004229101000034595
1427360821399670792,negative,0.006680905583044323
1427360821479448576,negative,0.0027457474196805054
1427360821911359490,negative,0.060737731811129625
1427360822376992779,negative,6.85856498513841e-07
1427360824079884289,negative,0.0007345438137009536
1427360824348356617,negative,0.00023375414661512244
1427360824838995977,negative,3.2686183415999626e-06
1427360825401122822,negative,0.15786633102616024
1427360826680389633,negative,0.0009528240570941547
1427360828177661963,negative,0.3222499582623529
1427360828819447808,negative,7.366437654403738e-10
1427360830438330368,negative,5.56986374285323e-06
1427360832657178631,negative,0.16352019608485005
1427360834062327808,negative,0.17326684827734695
1427360834586611715,negative,0.0915031790456532
1427360835115102220,negative,0.030556053182562222
1427360835412824072,negative,0.0555718195327597
1427360835932917763,negative,4.413667695248927e-05
1427360836008427526,negative,0.17955770260965792
1427360836268474383,negative,2.101753630217941e-11
1427360838411702297,negative,2.260010821399603e-08
1427360839405916164,negative,0.002791009493003752
1427360839665922053,positive,0.7115534994452857
1427360840597049345,positive,0.8871894497993442
1427360841041592328,negative,1.4211100605187807e-05
1427360843285639177,negative,0.2559359267141252
1427360843788918789,negative,0.00012792402187290035
1427360843826667526,neutral,0.49789225920557484
1427360844166402054,negative,0.0040069841903250525
1427360845697269761,negative,3.1050790140251463e-06
1427360846578061313,negative,0.000248359495041441
1427360847194689541,negative,0.011637922475594724
1427360847517687808,negative,0.0036791114382249746
1427360849715507202,positive,0.7263454024938072
1427360850092908550,negative,0.30024012623461666
1427360850189422607,negative,0.003232505998643636
1427360851082809345,negative,0.004210796312055414
1427360851170897925,negative,0.04944193418842664
1427360854715076611,positive,0.9412212415305472
1427360856359190531,negative,0.07174362539377149
1427360856631873537,negative,0.01939165374723412
1427360857235894273,negative,0.2848129882801992
1427360857542074374,negative,0.0008920047304927495
1427360857864998913,negative,0.16352019608485005
1427360860331134994,negative,0.022280321003159857
1427360860725465090,negative,0.003091734736491314
1427360861568524292,negative,0.2489754597469054
1427360861753126912,negative,0.1542558501259834
1427360862877126656,negative,0.028948660324678927
1427360863133044741,negative,5.688713483015149e-05
1427360864273944576,negative,0.0036791114382249746
1427360865595052048,negative,0.001904475383042406
1427360867205668865,negative,0.00036924477848995947
1427360867486736390,negative,0.002012389636067741
1427360867818086402,neutral,0.4662169283079212
1427360868350808069,negative,0.02792673771566259
1427360868476592129,negative,0.27308095263873877
1427360868636008464,negative,0.004229101000034595
1427360869973905409,negative,0.00046046114001685066
1427360870875738114,negative,0.00036822960599163407
1427360872205258760,negative,0.03674275068010442
1427360872402460674,positive,0.8771555426640766
1427360877724979205,negative,2.1983816127269855e-08
1427360877859201029,negative,0.0004832370321884566
1427360879134199819,negative,0.00111746465424634
1427360879184695301,negative,3.434428581961368e-05
1427360879738245122,negative,0.2755201769609761
1427360880619139077,negative,0.00012792402187290035
1427360881353150466,negative,0.2853163137483196
1427360882288365569,negative,0.21869627399406738
1427360884263903237,positive,0.9999927724192328
1427360885580914688,negative,0.045439897150781394
1427360885635485704,negative,0.00012792402187290035
1427360886436532225,negative,4.739620445419964e-09
1427360887518765068,negative,0.006124294348183318
1427360887573139487,negative,2.633398790978876e-05
1427360889745854467,negative,0.004229101000034595
1427360889942986754,negative,0.16847634498426758
1427360890265931782,negative,0.25366359999702986
1427360892908355586,negative,0.01239043163940525
1427360893260677127,negative,6.148357609323875e-05
1427360894372106245,negative,1.803134165692017e-12
1427360895836082177,positive,0.7344049639932397
1427360896192589829,negative,0.01939165374723412
1427360900613296129,negative,0.000248359495041441
1427360900722446341,negative,2.1983816127269855e-08
1427360901653467140,negative,5.487599669432138e-08
1427360902416900102,neutral,0.35640478905408673
1427360902924406784,negative,1.5734881853532478e-10
1427360903029211136,negative,4.966729553435139e-06
1427360904883146756,negative,0.084580790077214
1427360905826865154,negative,0.0017587756110726042
1427360906934161413,negative,4.5241317991198155e-05
1427360907198451721,positive,0.6800196072792367
1427360907391348739,negative,0.11619088098358671
1427360908322484230,negative,1.8772997106621502e-05
1427360908691525637,negative,0.016162862350965927
1427360909035507720,neutral,0.37899840162270665
1427360909270392834,negative,0.07724245901417592
1427360910465814533,negative,0.004092421089941119
1427360912617492489,negative,0.06394214494000774
1427360912625881098,negative,0.07382550063710334
1427360914886516744,negative,0.1557545385666459
1427360914974650376,negative,0.016162862350965927
1427360917289947144,negative,0.18739543126695674
1427360919517077513,negative,0.004219081515727852
1427360920435662859,negative,0.06144994217194745
1427360921169563654,negative,0.01939165374723412
1427360923250012169,negative,0.11572486190515086
1427360925296861186,negative,0.01939165374723412
1427360925871378432,negative,0.011165784120959919
1427360926244622339,negative,0.1124782932473585
1427360926244691969,negative,7.573345004921017e-06
1427360926924099599,negative,0.05217269890806904
1427360929289748484,negative,1.803134165692017e-12
1427360931445710855,negative,0.00012335955730795694
1427360931596603393,negative,0.002508116547062297
1427360931663818760,negative,0.00017439261938047805
1427360932980744193,neutral,0.37899840162270665
1427360933656076288,negative,0.0004897825072652169
1427360933714739200,negative,0.03704416140507249
1427360933786136581,negative,0.17683246237581293
1427360933840572428,negative,8.427095438467357e-09
1427360934276870145,negative,0.017774394932655344
1427360934591442952,negative,2.260010821399603e-08
1427360935061205002,negative,0.003091734736491314
1427360935069503491,negative,2.565657756830047e-05
1427360936294326278,negative,0.0051052140804740955
1427360937162444800,negative,0.011165907773573194
1427360939024732168,neutral,0.34084555699074887
1427360940849254403,negative,0.0338304888532067
1427360941251993609,positive,0.7344049639932397
1427360942095011848,negative,0.0036791114382249746
1427360942443188224,negative,0.2127323209383065
1427360942610960401,negative,8.521902504983951e-13
1427360943042932737,negative,0.10964564277093683
1427360946691919872,negative,0.06226810524995268
1427360948000526339,negative,0.005844157236348507
1427360948608774144,neutral,0.48728019602140255
1427360949544144897,negative,1.0040572772114269e-05
1427360951469322246,negative,0.029748760023119377
1427360952039755782,negative,0.259595488154903
1427360952505315333,positive,0.8373225559663515
1427360953985814543,negative,0.24135675029090684
1427360956271693825,negative,2.260010821399603e-08
1427360956653490182,positive,0.7522549261924956
1427360958381449223,negative,1.4922034878547097e-06
1427360958905782280,negative,0.0002480693441608974
1427360959212015627,negative,0.0750657313726382
1427360961615257601,negative,0.01939165374723412
1427360962068172824,negative,0.0036057711955179033
1427360963322318858,negative,0.00016583913779201246
1427360964559708162,negative,0.14686089096832639
1427360964714930189,negative,0.010888030351675626
1427360965780197382,negative,0.14024974267129492
1427360965910319108,negative,0.000212584973815987
1427360967776772098,negative,0.000248359495041441
1427360970490384389,negative,0.005522318618531502
1427360971010580482,negative,0.23666692934340403
1427360971547455489,negative,0.27559764237793355
1427360972625350664,negative,0.00033820147751402533
1427360972893822998,negative,0.000325285587657092
1427360973560680449,negative,0.01521169672906435
1427360974252687371,negative,0.07556504314147366
1427360974777069572,negative,0.1645547464776226
1427360974886117383,negative,5.164235763757893e-05
1427360975217381383,negative,0.000248359495041441
1427360976467374084,negative,0.0015761029375287471
1427360977201291264,negative,0.006680905583044323
1427360977952002063,negative,0.2742039619042154
1427360978480549890,negative,0.004092421089941119
1427360979088719888,negative,0.0032927358426655968
1427360980397342720,positive,0.6789216652729287
1427360982993707017,negative,0.241578289881779
1427360983824089091,negative,8.255545614274963e-05
1427360987338919947,negative,8.826771390568837e-06
1427360988764979206,negative,0.03149955010291329
1427360990354620425,negative,5.117278090683512e-05
1427360991453585409,negative,0.013451829688869101
1427360993076662281,negative,0.002463209023216259
1427360993697488902,negative,0.004210796312055414
1427360994041503750,negative,0.006992521737203475
1427360994163101702,neutral,0.36989427946608633
1427360995937239041,negative,0.00017446435515422665
1427360999003365385,negative,2.067805747225944e-06
1427361000186073090,negative,0.019884577845429945
1427361001515671552,positive,0.9992971223823962
1427361001591148563,negative,0.1739466423725511
1427361003378028547,negative,0.16847634498426758
1427361005101854723,neutral,0.552604093023779
1427361005248593926,negative,1.1390050827693365e-07
1427361008767672325,negative,3.7011864077728993e-05
1427361008834723845,positive,0.9266034090344558
1427361009564536835,negative,0.0006534398614698923
1427361009732358159,negative,0.006680905583044323
1427361010101465091,negative,0.13596106497507796
1427361012664225800,negative,0.3029968537174699
1427361013062582275,negative,0.00017439261938047805
1427361014299901952,negative,0.0017989789334437046
1427361014891298824,negative,0.1639450951235744
1427361015524646918,negative,0.0035758019741188086
1427361016145399812,neutral,0.46187539713643033
1427361016707493888,positive,0.8008815015805597
1427361016946601988,negative,0.2379576518697791
1427361017080733697,negative,0.010246089831815493
1427361017256824841,negative,2.294314177638691e-05
1427361018179723271,negative,4.524544958900867e-06
1427361018255183872,negative,0.01026892056065527
1427361019437985797,negative,0.00010192848988653052
1427361022860480512,negative,4.638373161613315e-05
1427361022881456129,negative,5.003536436123661e-05
1427361023313461248,negative,0.006135805205869797
1427361023518986241,negative,0.00031857645639345986
1427361023942701060,negative,0.004762848931173609
1427361024072732677,negative,0.0015761029375287471
1427361024521429009,negative,0.009572017810856573
1427361024940855298,negative,0.0038237617618702164
1427361025008050177,positive,0.8008815015805597
1427361025213538311,positive,0.8008815015805597
1427361025578479618,negative,0.11619088098358671
1427361028476702728,negative,0.010742073704777122
1427361029059596321,negative,1.2712273627671962e-06
1427361029214941187,negative,0.015290918927508905
1427361030208905226,negative,0.004219081515727852
1427361032721272839,negative,0.01521169672906435
1427361033727971328,negative,9.0299462582414e-05
1427361035971973122,negative,0.13632126944601988
1427361036194168834,negative,0.002463209023216259
1427361036374511618,neutral,0.49114048206328076
1427361038081699852,negative,0.16847634498426758
1427361039046352907,negative,0.2162312832740626
1427361039230947328,negative,5.56986374285323e-06
1427361039457394689,negative,0.06010164158726479
1427361040883494917,neutral,0.49789225920557484
1427361041609023492,negative,0.0008920047304927495
1427361041780920329,negative,0.010183258170461146
1427361042070450177,negative,0.007195921073698028
1427361042645065728,negative,0.03866151935455405
1427361042888216595,positive,0.8008815015805597
1427361045031567370,negative,0.017856563058870917
1427361045585215489,negative,0.00016209154104693333
1427361045824380929,negative,0.07365437437223223
1427361046524833793,negative,3.3350690607349035e-07
1427361046751232009,negative,1.4922034878547097e-06
1427361046822543363,negative,1.4922034878547097e-06
1427361047409741830,neutral,0.3388595797650234
1427361049532157965,positive,0.9980891944803831
1427361050895192068,negative,0.2934217913799116
1427361051427868673,neutral,0.40944595022028984
1427361053667700740,negative,0.12146426141732296
1427361054217183236,negative,3.3429276470151034e-05
1427361054590394372,neutral,0.5305678527031858
1427361054758252550,positive,0.7344049639932397
1427361054909210631,negative,0.11261153315948703
1427361054946910209,negative,0.2122286684582283
1427361056473731079,positive,0.764024109867307
1427361057530687489,negative,0.000248359495041441
1427361057593597952,negative,0.0226729485180724
1427361058709295104,negative,0.006238272791846265
1427361061364125698,negative,0.01253029792488872
1427361061800382470,negative,0.002008312192442003
1427361064191152143,negative,2.260010821399603e-08
1427361064921010176,negative,2.5807634914690246e-05
1427361065348833287,negative,5.117278090683512e-05
1427361066456072192,negative,0.1456303510016621
1427361071074058251,negative,0.3172193519306235
1427361071459966978,negative,0.00010041755412123483
1427361072932081666,negative,0.13596106497507796
1427361072932139011,negative,0.002463209023216259
1427361073062154246,negative,0.13135797263445376
1427361073733283841,negative,0.0014820419267293423
1427361073779331076,negative,0.07913219871489864
1427361074395877376,negative,0.0001785210254690778
1427361074630860807,negative,0.3029968537174699
1427361075066966021,negative,0.00010192848988653052
1427361076929236995,negative,0.13657708238836952
1427361078762217472,negative,4.054497633631752e-06
1427361081303998473,negative,2.5968500795986363e-08
1427361081714954243,negative,0.018151469590166506
1427361082897846277,negative,0.034460725528559
1427361083401121795,positive,0.764024109867307
1427361083652808710,neutral,0.5017543432377519
1427361084424523788,negative,0.0016334933859853504
1427361084898521094,negative,0.00015882470130766093
1427361085783486467,negative,0.14285090255615437
1427361086895017988,negative,2.260010821399603e-08
1427361087188611072,negative,0.01239043163940525
1427361087956082691,negative,0.034620562422353555
1427361089168236544,negative,2.260010821399603e-08
1427361090636296207,negative,0.00017439261938047805
1427361091076698114,negative,0.05217269890806904
1427361092716699651,negative,0.010628555768463062
1427361095262556160,negative,0.021862212064745423
1427361095967285255,negative,0.00012792402187290035
1427361096881491974,negative,3.7735637594227026e-05
1427361097384923136,negative,0.01904896529682786
1427361098718752777,negative,0.22493346794813412
1427361099003924481,neutral,0.6167616748233712
1427361099201097728,negative,0.011165784120959919
1427361099943452675,negative,0.07174362539377149
1427361103030493184,negative,0.06950819195780947
1427361103122739201,negative,0.011356263345621299
1427361103235981313,negative,0.002463209023216259
1427361103957401605,negative,0.27871878424119545
1427361104875954180,negative,0.23628274921298656
1427361106033577985,positive,0.8195052976358304
1427361108474609668,negative,0.008102734392632772
1427361108495589383,negative,0.011165784120959919
1427361109649002507,negative,0.10545286981511183
1427361110282412035,negative,0.0886644274015753
1427361110404091912,negative,0.12146426141732296
1427361110638927879,negative,0.024851370516982267
1427361110798348292,negative,0.0033282900778951303
1427361111129698313,negative,0.12944280751431483
1427361112534700032,negative,0.1947911742678152
1427361113830838279,negative,0.09488824926404411
1427361116989149191,negative,0.002463209023216259
1427361117630775303,negative,2.260010821399603e-08
1427361117890809864,negative,0.3233824984701617
1427361119790895110,negative,0.01521169672906435
1427361120478695437,negative,0.015281840053117187
1427361120592044038,negative,0.05217269890806904
1427361120650731529,negative,2.7935729407024173e-05
1427361121405636610,negative,0.00012792402187290035
1427361121418231814,negative,0.008184676437128145
1427361121816678405,negative,2.2655150641568851e-10
1427361122802454533,negative,9.31848514106226e-05
1427361123368591367,negative,0.03818762802057203
1427361123737776135,negative,0.05339423411122402
1427361123909636103,negative,1.1950129945289396e-05
1427361124647936014,negative,0.0010449416575109831
1427361125587472387,negative,0.0038237617618702164
1427361127202238468,negative,0.0029728684277025366
1427361128703676434,negative,3.649288760887064e-07
1427361128888348673,negative,0.10211830171532299
1427361130557620243,negative,1.6174687728983566e-06
1427361131383902213,negative,0.0036849782421733987
1427361133116145674,negative,0.0012333055364396025
1427361135670480906,negative,0.01521169672906435
1427361137851568129,negative,0.00017569020463284996
1427361139248218121,positive,0.6678267057298017
1427361139747442696,negative,0.24039657769468067
1427361140607275008,negative,0.020557090135157476
1427361141261471750,negative,1.913674227200029e-06
1427361142020714502,neutral,0.34184640523860554
1427361142180139011,positive,0.6917059519039537
1427361142264025099,negative,0.1352023891119243
1427361143060893698,negative,3.108208010872531e-05
1427361145585864706,negative,0.0007591224359239046
1427361145653014533,negative,0.16847634498426758
1427361146550439951,neutral,0.3919276791078506
1427361147523682312,negative,0.0032401823196138834
1427361147552997377,negative,0.0025397394676080986
1427361148068892672,negative,0.01521169672906435
1427361148156977159,positive,0.8516993859199892
1427361149381664774,negative,0.00012792402187290035
1427361149654339587,negative,0.00198533531330668
1427361150124056578,negative,3.7735637594227026e-05
1427361150228959240,negative,0.011165784120959919
1427361151139172352,negative,3.146602474044651e-05
1427361151395024901,negative,0.002791009493003752
1427361151856283648,negative,0.08606252449031195
1427361151856390146,negative,0.000248359495041441
1427361152292565003,neutral,0.34184640523860554
1427361153005596673,neutral,0.36707611651754307
1427361154276397059,negative,0.1602918025418373
1427361154460962823,negative,0.056094838341412115
1427361155115372546,negative,0.010246089831815493
1427361155828355078,negative,0.01805984971725108
1427361157036199969,positive,0.9559917075151311
1427361157199900675,negative,0.0009717288410603373
1427361158000889886,negative,0.10964564277093683
1427361158290296856,negative,0.15954178487449425
1427361158923702272,negative,0.011637922475594724
1427361159666098181,negative,0.003492074361701301
1427361162119860224,negative,5.135081534489722e-05
1427361162149105671,negative,0.15954178487449425
1427361163248025602,neutral,0.418643144867986
1427361163852099590,negative,0.0007591224359239046
1427361163893948420,negative,0.07671832864917577
1427361166423101444,positive,0.9343671310991865
1427361167136133128,positive,0.9266034090344558
1427361167375314950,negative,0.00032018505819935816
1427361167652139014,negative,0.004729128185573151
1427361168688046086,negative,0.2122286684582283
1427361168717451267,negative,0.31297597446483455
1427361169636007944,negative,0.07016019910631331
1427361169996664832,negative,0.0003140506684237023
1427361171850600454,negative,5.649395328752285e-07
1427361172546797568,negative,5.156625565654312e-05
1427361172760645667,negative,0.00021628872174779052
1427361173427654663,neutral,0.37712124981625295
1427361174828556293,negative,0.09305361491152071
1427361175050899456,negative,0.0009717288410603373
1427361175633793029,negative,0.0004048618888343643
1427361176900538377,negative,0.0886644274015753
1427361177307426829,negative,0.04358816252527414
1427361178808946688,negative,2.7326575951433853e-05
1427361179517784073,negative,0.1947911742678152
1427361179530321920,negative,4.5524252769612185e-06
1427361179563962372,negative,0.005139655899107063
1427361181426233344,negative,0.032417444413897156
1427361183204532227,negative,0.03370446951904841
1427361183682732035,negative,0.0016410446560546751
1427361183896584192,negative,2.7326575951433853e-05
1427361184748032005,negative,0.057042113919800935
1427361185733697541,negative,4.1068656772347635e-05
1427361185876398086,negative,0.05260674226956535
1427361187407306757,negative,0.13253024524492177
1427361188602683404,negative,0.3029968537174699
1427361188631957504,negative,0.08818704840322641
1427361188703256582,negative,0.32436129163964583
1427361190569730049,negative,0.0423877991961615
1427361191186378759,negative,0.002463209023216259
1427361191714824193,negative,0.12944280751431483
1427361194713698309,negative,0.00012792402187290035
1427361195074498561,negative,0.05217269890806904
1427361195103772675,negative,0.01998672108333927
1427361195405742087,negative,0.0006978309325330042
1427361195791687684,negative,0.06692082588542778
1427361197045829635,negative,3.0824481730309485e-06
1427361199428100096,negative,0.08500615611010989
1427361199436468228,negative,0.2104692882209444
1427361199776206848,negative,0.2848129882801992
1427361201286221832,neutral,0.49789225920557484
1427361203605606403,negative,0.21869627399406738
1427361205463752706,negative,1.4922034878547097e-06
1427361205551828995,negative,0.07019238151249844
1427361207426732041,negative,0.0886644274015753
1427361210283053063,negative,0.00012792402187290035
1427361211696369669,negative,0.00043317440071291444
1427361212581523460,negative,0.03782885212895554
1427361215731290128,negative,0.04101420005337721
1427361216293388291,negative,0.006135805205869797
1427361216754864136,negative,0.006680905583044323
1427361217404878853,neutral,0.37899840162270665
1427361218617036800,negative,0.07019238151249844
1427361219472658432,negative,0.004471387199350931
1427361226867318794,negative,5.48790460365705e-05
1427361227576119303,positive,0.9266034090344558
1427361227806740487,negative,0.00017439261938047805
1427361232063971332,negative,2.260010821399603e-08
1427361233058078725,negative,1.3256364893561727e-06
1427361233137700867,negative,0.12636627367316783
1427361233183944721,negative,0.051097251710634305
1427361233221537792,positive,0.9628838102869247
1427361233246773249,negative,0.0037446227998080136
1427361234475786245,negative,3.410621790420054e-12
1427361235503308802,neutral,0.5191934070021026
1427361235616555014,negative,0.05217269890806904
1427361236446957583,negative,0.15954178487449425
1427361236992217108,negative,0.003607424711676905
1427361237579542535,negative,0.011165907773573194
1427361237806026756,negative,0.00019708796816794803
1427361238124843014,negative,8.826771390568837e-06
1427361238695165954,negative,0.241578289881779
1427361238728658948,negative,0.018646411516092143
1427361239185903616,negative,0.03704416140507249
1427361239483682825,negative,0.011165784120959919
1427361240821772291,negative,0.01521169672906435
1427361240846831623,negative,0.11154443292387338
1427361241257988099,negative,0.00017439261938047805
1427361242398674945,neutral,0.49789225920557484
1427361244185563138,negative,0.000248359495041441
1427361244437229573,negative,0.006297176326018954
1427361244466532359,negative,0.0001924328946987793
1427361246119088132,negative,0.0006253574154416747
1427361248971304965,positive,0.9343671310991865
1427361250070056981,negative,0.1276611938745433
1427361250321780739,negative,5.0665575732727526e-09
1427361253580759044,negative,1.7539567840063618e-05
1427361254738366476,negative,0.23479051043063884
1427361256126681091,negative,5.092592003388696e-07
1427361256793595912,negative,1.517859445475443e-07
1427361257183666185,negative,1.980265076190882e-05
1427361258106462210,negative,1.0792947569116605e-11
1427361262082666510,negative,0.00018092521883480644
1427361264624361480,negative,0.21921412548362115
1427361264934789123,negative,0.2880729693455774
1427361266797002754,negative,0.11261153315948703
1427361267484807191,negative,0.0021695923240097155
1427361267707228166,negative,2.260010821399603e-08
1427361268847955993,negative,0.001025494081906401
1427361269053591555,negative,0.01521169672906435
1427361269607247876,negative,0.20576854470156494
1427361269900890112,negative,0.03149955010291329
1427361272526430208,negative,0.17683246237581293
1427361272539095040,negative,0.004210796312055414
1427361273419796485,negative,0.2850093417421068
1427361273654751235,negative,0.011772453611050771
1427361274950733826,negative,0.0009013868300930839
1427361275051446274,neutral,0.37899840162270665
1427361275932200965,negative,0.05593206624805548
1427361276531990533,neutral,0.49789225920557484
1427361276653670402,negative,0.0016282007344049435
1427361277115043841,negative,0.1703498149872123
1427361278901821444,negative,0.011613334644043164
1427361280122310657,negative,0.2303235765039195
1427361280642490368,negative,1.4211100605187807e-05
1427361281481269248,negative,0.21993070969071518
1427361283410698242,negative,0.001341748662591882
1427361284106956801,neutral,0.5026725710791841
1427361284400549889,negative,8.409599537905727e-05
1427361285092618242,negative,0.0007237138204865453
1427361285398798342,negative,2.5113219919551605e-08
1427361285528702992,positive,0.7244789434866875
1427361285751119875,negative,0.006297176326018954
1427361286950723588,negative,0.21292270352416687
1427361287030263808,negative,6.824673653206219e-07
1427361287349145600,negative,0.000354279148532124
1427361287441424386,negative,0.1990255671395686
1427361290373275657,negative,0.024448487293284245
1427361290956255234,negative,0.00010192848988653052
1427361291178594308,negative,0.00896456103400881
1427361292164210699,negative,0.045439897150781394
1427361295339335680,negative,0.012783616193326502
1427361295532167169,negative,0.25366359999702986
1427361296182398984,negative,2.0616607575893714e-10
1427361300917669889,positive,0.7229924806651902
1427361301328711684,negative,0.004471387199350931
1427361301706199045,negative,0.00012792402187290035
1427361303786508298,neutral,0.46127768308170247
1427361309151092737,negative,0.13150820617501519
1427361309427961859,negative,0.0005728744452156603
1427361309973262344,negative,0.000616776734810865
1427361310287843331,negative,1.4922034878547097e-06
1427361310770073606,negative,1.4922034878547097e-06
1427361312871489539,neutral,0.48728019602140255
1427361314104647691,negative,0.17391829589681007
1427361316067491843,negative,0.007350004587674079
1427361317879492612,neutral,0.49789225920557484
1427361318294671366,neutral,0.5496678701602578
1427361321822179329,negative,0.007074893647033524
1427361322006634502,negative,0.00032018505819935816
1427361322887417858,neutral,0.4334392617149784
1427361323231457282,positive,0.9999927724192328
1427361323717996544,negative,0.13621944997364444
1427361323881467906,negative,0.16352019608485005
1427361328851824649,negative,0.006297176326018954
1427361329556377606,neutral,0.332869652180175
1427361330298773510,negative,5.746984906475093e-07
1427361331599007754,negative,0.007092371478304936
1427361334237306882,neutral,0.39274765723876304
1427361334287605770,negative,0.0017627677242298442
1427361334925172741,negative,0.030663136927927853
1427361335210356741,negative,0.09734476321586635
1427361336460292100,negative,0.11619088098358671
1427361337059987462,negative,0.01572346780666624
1427361337210986505,negative,0.0075938664905005615
1427361337823449096,negative,0.003218599426608914
1427361338662207500,negative,0.004210796312055414
1427361339446599682,negative,0.10596441773359634
1427361339731755009,negative,0.17888176907363987
1427361341136855040,neutral,0.35629046916267293
1427361341417865220,negative,0.323934857494844
1427361342751715330,negative,0.10964564277093683
1427361342848225292,negative,0.13596106497507796
1427361342990823425,negative,0.259595488154903
1427361343141711878,negative,0.11619088098358671
1427361343653531660,positive,0.7518427735407023
1427361345649856514,negative,0.006297176326018954
1427361346455277578,negative,0.2911983991033176
1427361347231227908,negative,0.10596441773359634
1427361347243692055,negative,0.015609109747442779
1427361349915582467,negative,0.00017439261938047805
1427361349953335300,positive,0.916027085208641
1427361351056375810,negative,0.004689263923350539
1427361351635243013,negative,0.00010192848988653052
1427361355477266434,negative,0.016162862350965927
1427361355963699208,negative,8.719279799373091e-07
1427361356043407361,negative,0.2379576518697791
1427361356244787201,negative,0.00016209154104693333
1427361356278378498,negative,2.260010821399603e-08
1427361356999692290,negative,0.2381541143156243
1427361358320848901,negative,0.045974171233361553
1427361358539018242,negative,0.01916820084027119
1427361358757179394,negative,0.01013493680258338
1427361359302365185,negative,8.255545614274963e-05
1427361359960870914,negative,0.0002499618698722396
1427361360510390275,negative,0.004679477934296385
1427361363660312579,negative,8.495873050773365e-14
1427361364083978242,negative,0.001904475383042406
1427361364327141376,positive,0.7115508795478466
1427361368961916944,negative,0.0052666150195163665
1427361369897193473,negative,0.06587144503077128
1427361369913966600,negative,0.0030504637016349925
1427361370551500813,negative,3.3763418885882566e-05
1427361371252039680,negative,0.00605769723861574
1427361371574968324,positive,0.694610992818756
1427361374452293637,negative,0.24325126373138325
1427361377925087232,neutral,0.6255233073169476
1427361378734596100,negative,0.0005223298128552596
1427361380005470218,neutral,0.37899840162270665
1427361380185804809,negative,0.0033282900778951303
1427361380542423053,negative,0.00017439261938047805
1427361382056566795,negative,0.013565813505903869
1427361382916308992,negative,0.016202454031689337
1427361383079944192,negative,5.226407777784131e-11
1427361384426262535,negative,0.001706942532290926
1427361385474834444,negative,9.519997434180573e-09
1427361386326331396,negative,0.12367736106673359
1427361388448649219,negative,0.0012333055364396025
1427361389815996418,negative,3.108208010872531e-05
1427361393876086787,positive,0.8456024287813213
1427361394706550786,negative,0.007778214645519392
1427361395134373893,negative,0.01521169672906435
1427361397655187456,negative,0.30942350916132183
1427361397940367368,negative,0.0033282900778951303
1427361399467036679,negative,0.008617696562096325
1427361399882321921,negative,0.24963428294165133
1427361399920021508,positive,0.6785976055735782
1427361399991377920,negative,0.03850320312424535
1427361401169981449,negative,0.0007812602793993199
1427361403053162496,negative,0.000878810844145198
1427361403220934656,negative,0.1416856628057027
1427361403548094467,positive,0.6917059519039537
1427361404257017857,negative,8.826771390568837e-06
1427361404261216269,negative,0.011165784120959919
1427361406161080343,negative,0.006297176326018954
1427361406211411999,negative,0.015609109747442779
1427361407004205057,neutral,0.3837162173843233
1427361408178696199,negative,0.0008516423374840542
1427361408535126018,negative,7.720476614492758e-05
1427361409428561926,negative,8.409599537905727e-05
1427361409910849539,negative,0.004210796312055414
1427361410091298819,negative,6.980756980520892e-05
1427361410359627783,positive,0.8195052976358304
1427361411206942730,negative,0.00010192848988653052
1427361411752239112,positive,0.6785976055735782
1427361411919925248,negative,0.002463209023216259
1427361412175826950,negative,0.0761040885649054
1427361415728451588,positive,0.6789216652729287
1427361415883591690,negative,0.2508916892984939
1427361416999313412,negative,0.005981220466459234
1427361418093944841,neutral,0.5973104775897096
1427361418702114819,negative,0.00012792402187290035
1427361419046051857,neutral,0.39274765723876304
1427361419872411649,negative,0.02644142183654108
1427361421470412803,negative,0.0036791114382249746
1427361421554237446,negative,0.00018092521883480644
1427361422187667463,negative,0.014457259073642112
1427361422556684298,negative,0.031663219589489436
1427361422602813440,negative,0.2559359267141252
1427361423810834434,negative,5.717186640089296e-05
1427361423877939200,negative,0.002508116547062297
1427361424674861062,neutral,0.40944595022028984
1427361425106821121,negative,5.117278090683512e-05
1427361425421443075,negative,3.6554403259514705e-05
1427361426822336514,negative,0.21418643604989376
1427361427006889992,neutral,0.3837162173843233
1427361428323938312,negative,0.0008764366911265445
1427361428634226693,negative,0.00018092521883480644
1427361429095583752,negative,5.7362899426417754e-05
1427361430634958851,negative,0.020557090135157476
1427361432824422409,negative,0.02644142183654108
1427361434229432323,negative,2.1672907632725e-10
1427361434439233546,negative,0.014641907515847194
1427361436179869706,negative,8.255545614274963e-05
1427361436481773571,positive,0.7870556287454983
1427361440650903555,negative,0.00012792402187290035
1427361440705519623,negative,0.05015596766902933
1427361441313591296,negative,0.01995600735866825
1427361442181832711,negative,9.0299462582414e-05
1427361442269909001,negative,8.255545614274963e-05
1427361442555207680,negative,8.021916574970878e-05
1427361443570126855,negative,0.20771934817642312
1427361443733819392,negative,0.21869627399406738
1427361444635582469,negative,0.0015212712061878609
1427361445222748163,negative,0.051684433257830155
1427361447013715972,negative,0.07019238151249844
1427361447072473089,negative,4.7390191360305584e-05
1427361447756156933,negative,0.21398142550980154
1427361449802977284,positive,0.9999927724192328
1427361449807056904,negative,7.365851458140793e-10
1427361450557906947,positive,0.9559917075151311
1427361451438592016,negative,1.6933414256908623e-06
1427361451669340165,negative,0.0002496451188532968
1427361451858087942,negative,0.006989132650751437
1427361453686861831,negative,0.2369710931082333
1427361453753962502,negative,0.0006098537235235384
1427361456534786059,negative,0.07019238151249844
1427361456635457538,negative,4.678813699361745e-05
1427361459089125380,negative,0.02014814796819691
1427361460452306944,negative,6.067143909592379e-06
1427361465779032070,negative,0.04166428795080839
1427361466651455494,neutral,0.3358218310945649
1427361468727578627,negative,0.002278890995534874
1427361468887011331,negative,0.017446183431072605
1427361468924645392,negative,0.006680905583044323
1427361469054717953,negative,0.0038237617618702164
1427361469184761856,neutral,0.48728019602140255
1427361470002630667,negative,1.8888003658067644e-12
1427361470459809793,positive,0.9343671310991865
1427361470753411072,neutral,0.6167616748233712
1427361474683588611,negative,0.004059937713147421
1427361475035860997,negative,0.008531734831303478
1427361475086077957,negative,0.0005082585031979294
1427361477128822787,negative,0.13253024524492177
1427361477690892294,negative,4.91406432099474e-10
1427361478521376779,negative,0.10954888280717937
1427361478911401990,positive,0.9004972920463373
1427361479020335105,negative,0.16144942007613375
1427361479045623812,negative,0.030462341841469374
1427361480018735115,neutral,0.4518924931794885
1427361480920510472,negative,0.06692082588542778
1427361482736549889,negative,5.41783137997709e-05
1427361483147644928,negative,0.28569867934759663
1427361483562881032,negative,0.04944193418842664
1427361485655793670,negative,4.442526816972574e-07
1427361487849496589,negative,0.0008927629700881719
1427361488654774284,negative,0.0007148008615596405
1427361489296429071,negative,0.0026469175471586287
1427361490831544327,negative,0.05987393966540952
1427361490991042569,negative,0.015564241905047646
1427361494107398150,negative,0.07174362539377149
1427361495596339202,negative,0.00012792402187290035
1427361497982902276,negative,0.020384575606940403
1427361498007998465,negative,0.002463209023216259
1427361498897256453,negative,0.03782885212895554
1427361501850083333,negative,0.0018559872795298343
1427361502235926531,negative,0.02792673771566259
1427361504307859456,negative,0.18502078498646365
1427361504962154501,negative,0.00010192848988653052
1427361505100681219,negative,0.0004419904045048025
1427361506895740928,negative,3.108208010872531e-05
1427361507852103684,negative,0.11261153315948703
1427361508766404619,negative,0.00029082168054182133
1427361508854484992,negative,0.0800346427184915
1427361509240451074,negative,0.09633065975676036
1427361509366239241,negative,0.045439897150781394
1427361509525557248,negative,0.08118656824133574
1427361510515433475,negative,2.347522190319391e-07
1427361512453181445,negative,0.04574357571664197
1427361512461635591,negative,0.0838419649278292
1427361514244222989,negative,0.0077847767477023525
1427361514801991689,negative,0.0034009455654994965
1427361515309576203,negative,0.00048816727672073456
1427361515871641607,negative,0.004219081515727852
1427361516135800853,negative,0.10964564277093683
1427361516362375177,neutral,0.6101917856536656
1427361516546895881,negative,0.014448430840098569
1427361516928618499,negative,0.08965167387768633
1427361518719483912,negative,6.3015363881061265e-06
1427361519310942214,negative,0.12146426141732296
1427361519986221063,negative,0.016467579313151712
1427361523052208129,neutral,0.6265176012356455
1427361523442270209,negative,0.0915031790456532
1427361524318883853,negative,0.00039350248325847306
1427361524725735427,negative,1.983922948020937e-09
1427361525564588032,neutral,0.49789225920557484
1427361528253227011,negative,5.116568584393145e-08
1427361529792499712,neutral,0.35121129650097277
1427361529796698120,negative,0.06576145673305406
1427361531440807937,negative,0.00017439261938047805
1427361532866928645,negative,0.031663219589489436
1427361532963442692,negative,0.04574357571664197
1427361533437296641,negative,0.28114167471461954
1427361534343319556,neutral,0.49789225920557484
1427361535928774665,negative,0.08118656824133574
1427361536956407808,negative,0.03674275068010442
1427361538554441732,negative,0.13259430846401665
1427361538625654784,negative,0.00016717006641948776
1427361540592881668,negative,6.403661999737003e-06
1427361541968498688,negative,0.0024485169496169866
1427361542387994626,negative,2.8492745520251403e-05
1427361543256256523,negative,0.000248359495041441
1427361543717535747,negative,0.0003717201166477062
1427361544044691457,negative,8.255545614274963e-05
1427361544980082698,negative,0.010246089831815493
1427361546112471051,negative,3.442702913969547e-05
1427361547106537472,positive,0.6789216652729287
1427361547152609294,negative,0.00017439261938047805
1427361547328835585,negative,0.003246204907532431
1427361547597205514,negative,7.5834838343384844e-06
1427361547907735557,negative,0.002908327961871775
1427361548096450561,negative,0.0012585729399960453
1427361549296021504,positive,0.9867568369372737
1427361550172557318,negative,0.0009528240570941547
1427361550495588359,neutral,0.37899840162270665
1427361550570967053,neutral,0.46127768308170247
1427361550982057986,negative,0.0001937906697733709
1427361551116378130,negative,0.0036791114382249746
1427361551900725249,negative,0.17280662053397886
1427361555641946118,negative,0.011724737227430823
1427361557973913603,neutral,0.46127768308170247
1427361558166851595,negative,0.014559812270032774
1427361558368329736,negative,0.2848129882801992
1427361559106527239,negative,9.643177835889016e-05
1427361560259928066,negative,0.000248359495041441
1427361563401408513,neutral,0.4737554465528978
1427361563497934854,negative,0.0008920047304927495
1427361563883810820,neutral,0.5212990816196356
1427361563921485828,negative,0.0022551132360220743
1427361563996934164,negative,0.0948908403365332
1427361564248756233,negative,0.0010707614739809406
1427361564399587342,negative,0.001871004572556795
1427361565016150053,neutral,0.46127768308170247
1427361565523779585,negative,0.2726361967142851
1427361566677094425,negative,1.82995869981387e-05
1427361566773628932,negative,0.00010192848988653052
1427361568275193856,positive,0.9559917075151311
1427361569210515465,neutral,0.6218115513570791
1427361569361518597,negative,0.1084703447209691
1427361569676021766,neutral,0.37143562150662096
1427361570175262721,negative,0.04574357571664197
1427361570263224326,negative,0.11261153315948703
1427361570594725890,negative,0.0023513144785303444
1427361573635493896,neutral,0.506962603859008
1427361573975248900,negative,0.11312764394717961
1427361574348525575,positive,0.6601751906887828
1427361574491197440,negative,0.023251872906725507
1427361574734503943,negative,0.026335602803350965
1427361575774605317,negative,0.00038856405871223943
1427361577926217733,positive,0.6789216652729287
1427361578471591936,negative,0.0004356130238422985
1427361582665932812,negative,1.3567597366107255e-10
1427361582791774218,positive,0.9628838102869247
1427361585429950469,negative,0.005174145105555625
1427361588462432261,positive,0.7870556287454983
1427361589418729475,negative,0.0001840240671301699
1427361589976608777,positive,0.9980891944803831
1427361591843074052,negative,0.0015698641902110234
1427361592019144706,negative,5.003157446318078e-05
1427361594187653123,negative,0.07019238151249844
1427361595341119489,negative,0.024397930288269743
1427361596708462596,negative,0.037424745874031974
1427361599271145475,negative,0.2901738530170132
1427361600130912258,neutral,0.3303750339523824
1427361600944623630,negative,0.0017696296090660827
1427361601133453314,neutral,0.3837162173843233
1427361601318006796,positive,0.6789216652729287
1427361603712847885,negative,9.846162684922213e-12
1427361604321038336,negative,0.012797571761010864
1427361604446953474,negative,0.048255845412030526
1427361606766407682,negative,5.56986374285323e-06
1427361606996987905,negative,0.028713318100315653
1427361608028856326,negative,0.018650281149275916
1427361608200867845,negative,0.07019238151249844
1427361609261932549,negative,0.02168143012423108
1427361609639411715,negative,0.0002829609325331251
1427361610264465413,neutral,0.5136446707795853
1427361610331574281,negative,0.0323706092693789
1427361611556265993,negative,0.024486118322525507
1427361611761819653,negative,0.09555482409316124
1427361614420922374,negative,0.00032018505819935816
1427361614550999044,negative,0.08820559683085027
1427361614567809025,negative,0.07248054795975
1427361614748073987,negative,0.11319533146777858
1427361614882299910,neutral,0.3837162173843233
1427361616417406978,negative,0.06692082588542778
1427361618036465664,negative,0.01697177987996139
1427361619768655883,negative,0.30942350916132183
1427361619823271942,negative,3.671368630663844e-11
1427361622499250184,negative,0.2812124665127172
1427361624000716802,negative,0.0007214196294591189
1427361624692858885,negative,0.13068678921591073
1427361625544265733,negative,0.06562385698515819
1427361625657520130,positive,0.6789216652729287
1427361625800155141,negative,0.12146426141732296
1427361626353803265,negative,0.259595488154903
1427361626584453120,negative,0.14578081051076233
1427361627486183425,negative,2.3156122413154327e-06
1427361629172379651,negative,0.011613334644043164
1427361629214330897,negative,0.25366359999702986
1427361630095040517,negative,0.00257849675386712
1427361630434779136,negative,0.11481100301139596
1427361630623576064,positive,0.7795636730209627
1427361630631907328,negative,0.10920509336096447
1427361633131696128,negative,0.003246204907532431
1427361633555341320,negative,0.038606742034734964
1427361633588895747,negative,0.0007752944679588408
1427361633937076228,positive,0.9831346543564844
1427361635082153985,negative,0.045439897150781394
1427361636264943616,negative,2.773968026832967e-05
1427361637116284928,negative,0.026907074437591973
1427361637992964096,negative,0.0555718195327597
1427361638139764737,negative,0.067816071905177
1427361638265524231,neutral,0.48468480120752266
1427361638710120449,negative,0.32439987789677355
1427361638781374483,negative,0.015609109747442779
1427361639339368456,negative,2.260010821399603e-08
1427361639355994127,negative,0.0024912143856032315
1427361640337616896,positive,0.8195052976358304
1427361642971553797,negative,0.0021041609770631265
1427361643785244681,negative,5.999900924242558e-07
1427361644603133962,positive,0.7386603421780076
1427361644863234051,negative,0.001286079941381692
1427361647686000640,neutral,0.37899840162270665
1427361649099481097,negative,0.15061930820899874
1427361650362011654,negative,0.04574357571664197
1427361651188289544,negative,2.251124660485269e-07
1427361652547141645,negative,0.01521169672906435
1427361653079875585,neutral,0.5932249856381626
1427361654451343363,negative,0.0009528240570941547
1427361655667765252,negative,8.826771390568837e-06
1427361657823637511,negative,0.0075228404185445266
1427361658721210369,negative,4.435559750666565e-05
1427361659044171782,negative,0.0036791114382249746
1427361659065180165,negative,0.0037353794660489425
1427361659669172225,negative,0.0004928706134645771
1427361659799150598,negative,0.1366627784409172
1427361660629655561,negative,0.006679046941736111
1427361660797440002,negative,0.01706187037497607
1427361660956725253,negative,0.05081828836329435
1427361661644525571,negative,0.08301289864159057
1427361662999437317,negative,0.015609109747442779
1427361665612451840,negative,2.260010821399603e-08
1427361666723889156,negative,0.008486354270234966
1427361667847901211,negative,0.00012049449239936324
1427361667923398673,negative,1.232566066066048e-07
1427361669001498628,negative,0.08795196960294345
1427361671677456384,negative,0.015609109747442779
1427361672285523968,negative,0.00040247981835164634
1427361672507887616,negative,0.2379576518697791
1427361673212538881,negative,0.04919260287503859
1427361673455808514,negative,0.10964564277093683
1427361674173030401,negative,0.17672755989941588
1427361674592391173,negative,0.0015252051771075543
1427361676265938948,neutral,0.42507619662732005
1427361676718919683,negative,0.07019238151249844
1427361676987351043,negative,0.048255845412030526
1427361677276860418,negative,8.590348648910347e-05
1427361678870687749,negative,8.255545614274963e-05
1427361680007340038,negative,0.018003683070576322
1427361680506429445,negative,0.12989936881063488
1427361681596878852,negative,9.550841889499343e-06
1427361683316555788,negative,0.07019238151249844
1427361683920625669,positive,0.902504283833121
1427361684688031758,negative,0.00017446435515422665
1427361684944007170,negative,4.7355588146479666e-06
1427361685816369152,negative,0.00017439261938047805
1427361686672060421,negative,0.000248359495041441
1427361686768521221,negative,0.0031051095320140166
1427361687640985607,negative,0.002485440367920465
1427361687829729289,negative,0.015609109747442779
1427361688202919938,negative,0.001904475383042406
1427361690501402635,negative,0.025272367040003556
1427361690505601024,negative,0.21921412548362115
1427361691369607173,negative,0.058553252288677915
1427361692636299274,positive,0.7870556287454983
1427361692758024196,negative,0.05217269890806904
1427361694301528068,negative,1.4922034878547097e-06
1427361695505190912,negative,0.011613334644043164
1427361695576506372,negative,0.10596441773359634
1427361696390303746,negative,0.0026469175471586287
1427361697275289603,neutral,0.5716116764059075
1427361697602445312,positive,0.6789216652729287
1427361697996558362,negative,2.2922910107165436e-06
1427361699053522970,negative,4.2566636960505213e-07
1427361699489853443,negative,0.0016410446560546751
1427361700232286217,negative,0.1084703447209691
1427361703008903178,negative,4.5524252769612185e-06
1427361703344447496,negative,0.001803475075891626
1427361704372051970,negative,0.005926327670607705
1427361704674013187,negative,0.0028309330795117686
1427361705743503365,negative,0.11036682895159695
1427361705856684074,neutral,0.4334392617149784
1427361705986830345,negative,0.0005763275168348636
1427361707932864533,positive,0.6789216652729287
1427361709988188169,negative,0.10596441773359634
1427361711137361921,negative,1.0425250483290196e-05
1427361711938543627,negative,0.0007812602793993199
1427361712009842696,negative,0.0019858334516663734
1427361713465200640,negative,0.05217269890806904
1427361714970955779,negative,8.620436002594747e-05
1427361715482767368,negative,0.04574357571664197
1427361718385233922,negative,0.06184819890422248
1427361719056228352,negative,0.002463209023216259
1427361720029388801,negative,0.2005758037509807
1427361721056911361,neutral,0.6301234559680013
1427361722642403331,negative,8.255545614274963e-05
1427361722998874113,negative,0.28748550773598475
1427361723678347264,negative,0.07019238151249844
1427361723816849414,negative,0.004219081515727852
1427361725083439123,negative,0.00010192848988653052
1427361725800722434,negative,0.003246204907532431
1427361726006243330,negative,0.00015846056529702398
1427361726249504770,negative,0.11013253626173018
1427361726912212994,negative,0.2559359267141252
1427361727927234571,neutral,0.42112829232730054
1427361728883576836,negative,0.0007302993785361128
1427361731106545669,negative,2.260010821399603e-08
1427361731844640770,negative,0.00018092521883480644
1427361732293505037,negative,0.000737265557906732
1427361733161664520,negative,0.007350004587674079
1427361733845340163,negative,0.0009987192699143631
1427361733933404164,negative,0.06513598552834562
1427361735539929091,negative,0.0007651033741088694
1427361736827473929,negative,0.037424745874031974
1427361737611874305,negative,0.004521060153543765
1427361738853425163,negative,0.009540074415792623
1427361739704872965,negative,0.21869627399406738
1427361741063737347,negative,0.2848129882801992
1427361741541978113,negative,0.0004652907868640738
1427361741613244425,negative,4.442526816972574e-07
1427361742066262022,positive,0.7870556287454983
1427361742686986244,negative,0.2080069320105487
1427361743316131849,neutral,0.5136446707795853
1427361743420919809,negative,0.0005624507115427953
1427361744142446597,negative,0.1084703447209691
1427361744184352777,negative,0.07365437437223223
1427361744830271496,negative,1.4922034878547097e-06
1427361744842903553,negative,0.00023347493992764644
1427361745119682570,negative,2.1343309478279445e-05
1427361745476141059,negative,0.30942350916132183
1427361747132993545,negative,0.014957834658465997
1427361747241930753,negative,4.739620445419964e-09
1427361748248580101,negative,1.355352706013236e-05
1427361749184000000,negative,0.04574357571664197
1427361749314031629,negative,2.260010821399603e-08
1427361751054626819,neutral,0.5995205795009348
1427361752073785349,negative,1.0799755478911954e-05
1427361752619098112,negative,0.023214452159475898
1427361755429314560,negative,0.048255845412030526
1427361756091863052,negative,0.0006889910218540374
1427361756171677696,negative,0.002463209023216259
1427361759011221504,negative,0.011749453384240617
1427361761523638277,negative,0.0002611689437421904
1427361761699762186,negative,0.0014219439242732928
1427361762815393803,neutral,0.42112829232730054
1427361763306115073,negative,0.00021948702024763116
1427361763612401665,negative,0.14283508328004615
1427361763654344704,negative,1.4922034878547097e-06
1427361764933517312,negative,0.21869627399406738
1427361765260767248,neutral,0.34390760743775584
1427361767278227458,negative,3.119178803139036e-05
1427361767609470979,neutral,0.47612671887096547
1427361767722782723,neutral,0.48728019602140255
1427361768624599041,negative,0.0323706092693789
1427361769413124097,negative,0.000248359495041441
1427361769509564418,negative,2.0878070496990302e-07
1427361769585053706,negative,2.20092481821656e-11
1427361769606066184,negative,0.0014259316871597118
1427361770151333897,negative,0.004313061365964225
1427361770260336640,negative,0.1328590631839817
1427361770272866309,negative,0.0012333055364396025
1427361774261637122,negative,4.442526816972574e-07
1427361774681182209,negative,0.00027673911773555527
1427361774765027333,negative,0.13253024524492177
1427361775071088661,negative,0.00010192848988653052
1427361775708622857,negative,0.00036822960599163407
1427361776849543169,negative,0.0008463731500872914
1427361777516531716,negative,0.006483327710749541
1427361777759801348,negative,0.07588036777675015
1427361779798220813,negative,0.0005148163075669519
1427361780347686913,negative,0.0001105078140306763
1427361780796477448,negative,0.1639450951235744
1427361783279464455,negative,0.04574357571664197
1427361784885829644,negative,0.0003140506684237023
1427361787146551298,negative,0.018310264308690757
1427361787217911822,negative,0.027372424731251996
1427361788128120840,negative,0.0245203123808173
1427361789449228295,negative,7.255517715797636e-07
1427361790007054337,negative,0.011002318036216367
1427361790179020804,negative,0.0886644274015753
1427361793769410561,negative,7.350637531390056e-05
1427361794490777606,positive,0.6785976055735782
1427361794629246990,neutral,0.4434395497950739
1427361795518390279,positive,0.7263454024938072
1427361795803582472,negative,0.08095641466329799
1427361796097249294,positive,0.7263454024938072
1427361796432830465,negative,0.0007214196294591189
1427361797749805057,negative,0.00012792402187290035
1427361799352037379,negative,1.4922034878547097e-06
1427361800484442115,negative,0.26845984196620165
1427361803433136132,neutral,0.3358218310945649
1427361803487617026,negative,0.003246204907532431
1427361803579834376,negative,0.001989988672808346
1427361804464926723,negative,0.00048816727672073456
1427361806461423620,negative,0.00010192848988653052
1427361807417679881,negative,0.058553252288677915
1427361807790915585,positive,0.9628838102869247
1427361807933509633,negative,0.0015564757776315053
1427361808625639432,negative,0.00017417305274239125
1427361810173280264,negative,3.8216563660983337e-07
1427361813356859394,negative,0.003607424711676905
1427361814334132226,negative,0.00023340693253163537
1427361815466496005,negative,0.00015790833467575562
1427361816749957122,negative,0.01313003967541103
1427361818310287365,negative,0.1396295656560446
1427361818314518534,negative,1.4922034878547097e-06
1427361820709380096,neutral,0.48728019602140255
1427361821988622344,negative,0.030462341841469374
1427361822143877121,positive,0.764024109867307
1427361822454202369,negative,0.06692082588542778
1427361826346577922,negative,0.12944280751431483
1427361827260977157,negative,0.07302412072975543
1427361827940339714,negative,0.023214452159475898
1427361830939369477,negative,0.0015564757776315053
1427361831069302791,neutral,0.3353500257179539
1427361831358767110,negative,0.006297176326018954
1427361831799119876,negative,0.0226729485180724
1427361832625397761,negative,0.07019238151249844
1427361833061699584,negative,0.003235676989935893
1427361833237696525,negative,0.20807145462243126
1427361835037216772,neutral,0.3837162173843233
1427361835754393603,neutral,0.4332388422326355
1427361837713068035,negative,0.02827307356651505
1427361838883291143,negative,0.000248359495041441
1427361838950490113,negative,0.18524844217787054
1427361839877435394,positive,0.6774024187612661
1427361840581984257,negative,1.8215655863994215e-06
1427361841001414662,negative,0.04574357571664197
1427361841169174532,neutral,0.3648009634053891
1427361842326872076,negative,0.10964564277093683
1427361843471921154,negative,0.01357020131680545
1427361845350961161,negative,6.026656642897673e-08
1427361846227570693,negative,0.19719694201579419
1427361846877634562,negative,0.016254428364492035
1427361848542773252,negative,0.0005148163075669519
1427361848664416258,negative,0.0001025254120693981
1427361850006589440,negative,0.323934857494844
1427361850660835348,negative,0.27650385099192715
1427361851868958723,negative,0.005530930920246476
1427361852066078725,negative,0.002463209023216259
1427361852212797443,negative,4.2865973849156845e-06
1427361852544147470,negative,0.016254099785203136
1427361853164900359,negative,0.0031930057156443837
1427361855845064705,negative,0.08262538988471722
1427361856054759439,negative,0.22159934705259285
1427361858151927815,negative,5.56986374285323e-06
1427361858978291716,negative,1.4922034878547097e-06
1427361859389181960,negative,0.00010192848988653052
1427361859393495044,negative,0.05015596766902933
1427361861465526275,negative,0.0035758019741188086
1427361862832857091,negative,0.04574357571664197
1427361862933430275,negative,0.16352019608485005
1427361863650709506,negative,1.4922034878547097e-06
1427361864351195140,negative,0.03149955010291329
1427361864762249218,negative,0.003607424711676905
1427361865475272704,negative,0.011724737227430823
1427361865642889231,negative,0.0031822577927552954
1427361868214059022,negative,0.0009907269448575702
1427361869510086656,negative,0.0916381702720079
1427361869573066752,negative,0.09725559484129473
1427361870772686849,positive,0.9999927724192328
1427361871758303232,negative,5.6272179470412276e-09
1427361873146568708,neutral,0.33130905950609324
1427361874295799812,positive,0.9573071047088656
1427361876187418628,negative,0.002463209023216259
1427361877265371137,negative,0.10545286981511183
1427361878095843330,negative,0.0016282007344049435
1427361878301368325,negative,8.390857556745642e-08
1427361879765262339,negative,0.030373678283540383
1427361880775999491,negative,0.14473383476613813
1427361881463959566,negative,0.0010490892821708804
1427361882323787777,negative,0.0041780286879435895
1427361883456221187,negative,0.21139109066500397
1427361886291517441,negative,5.335267400459982e-07
1427361886711029767,negative,0.00010192848988653052
1427361888019664897,neutral,0.4514940053375065
1427361888980062208,negative,0.020093233295141056
1427361890175442947,negative,0.004210796312055414
1427361890280394758,negative,0.0005577970804449461
1427361890649329673,negative,0.0010282811105410794
1427361890905231360,negative,0.00015790833467575562
1427361893111541768,negative,0.000248359495041441
1427361893543399427,negative,0.241578289881779
1427361894281711618,negative,0.12714221641562007
1427361894462074887,negative,0.0026514926545798045
1427361895481237512,negative,0.0005148163075669519
1427361896383062021,negative,0.20576854470156494
1427361898476064771,negative,0.04944193418842664
1427361899910422534,positive,0.9002708070030431
1427361900455768070,negative,9.51500126358252e-12
1427361901902811136,negative,5.414151069345274e-12
1427361904402513926,negative,0.005442962815936527
1427361904528330756,negative,0.11013253626173018
1427361905736306691,negative,1.4922034878547097e-06
1427361905874767875,negative,8.826771390568837e-06
1427361907573460995,negative,1.5287191755028407e-07
1427361908131258373,negative,1.4211100605187807e-05
1427361908794011656,negative,0.16215059392708145
1427361908886163456,negative,0.241578289881779
1427361909859303424,negative,0.0003922083941098036
1427361910052249609,negative,0.2742039619042154
1427361910572392449,positive,0.8090037184732517
1427361911285366789,positive,0.9997435592868792
1427361911792816148,neutral,0.4147454973971492
1427361912019472391,negative,1.5179040415843528e-05
1427361912329850882,negative,0.2812124665127172
1427361912459825154,negative,0.006308402163603372
1427361913739091973,negative,0.041353986876790226
1427361915634868243,negative,0.003235676989935893
1427361915974656005,negative,0.241578289881779
1427361919149748236,negative,0.0003922083941098036
1427361919334236161,negative,0.009478112850026891
1427361921695629313,negative,0.10964564277093683
1427361922282934274,negative,3.262099447585443e-06
1427361923197280259,negative,0.010125307342660572
1427361924057010188,negative,0.0036791114382249746
1427361924099022849,negative,0.00023802261624031868
1427361925386674181,negative,9.375815484789748e-06
1427361925957144578,neutral,0.35509496682161057
1427361926972071938,neutral,0.3837162173843233
1427361927379001349,negative,0.004229101000034595
1427361930168131591,negative,0.04574357571664197
1427361931115974656,positive,0.6789216652729287
1427361931866820609,negative,0.004210796312055414
1427361932936372230,negative,2.1983816127269855e-08
1427361933162917904,negative,0.00010192848988653052
1427361936023425028,neutral,0.4334392617149784
1427361937575268353,negative,0.0017587756110726042
1427361938019917833,negative,0.07019238151249844
1427361939198447623,negative,0.2911983991033176
1427361940796428306,negative,0.006680905583044323
1427361941786284053,negative,3.8216563660983337e-07
1427361943086637056,negative,3.108208010872531e-05
1427361943799549952,negative,0.0009677394084064768
1427361944072302595,negative,2.260010821399603e-08
1427361944097501193,positive,0.7886315901194763
1427361946106466315,negative,0.0003013541745454072
1427361946291027974,negative,1.9757106193630397e-06
1427361947989823491,neutral,0.34184640523860554
1427361948560240643,negative,0.00036822960599163407
1427361949206077445,positive,0.7344049639932397
1427361951362002946,negative,0.0005045481996674803
1427361952431542274,negative,0.006297176326018954
1427361954402799617,neutral,0.49789225920557484
1427361954423885831,negative,0.00012792402187290035
1427361955216564234,negative,0.028710166912458524
1427361956483280896,neutral,0.37899840162270665
1427361957393338372,negative,0.00012792402187290035
1427361957666070533,neutral,0.38652777679307315
1427361958303453208,neutral,0.6076537022251639
1427361959339507715,negative,2.070197824437395e-06
1427361959708594176,negative,3.7735637594227026e-05
1427361959947735047,neutral,0.48728019602140255
1427361960916566016,negative,0.10042655560560587
1427361960920821769,negative,0.0005114454800345163
1427361960983777281,negative,3.7735637594227026e-05
1427361963324096514,negative,0.0036791114382249746
1427361963789651968,negative,0.000248359495041441
1427361964024532995,positive,0.6789216652729287
1427361965731627014,neutral,0.4334392617149784
1427361968403456006,neutral,0.47371072416927557
1427361969229664256,negative,0.017868698736110127
1427361970462896132,negative,0.25472943918112745
1427361971255525376,neutral,0.5533970533999424
1427361971364671491,negative,0.11219885805149757
1427361971423285253,neutral,0.3648009634053891
1427361972387991553,negative,0.01521169672906435
1427361972870426626,negative,0.3071571254058082
1427361973965033479,negative,0.0016410446560546751
1427361974720077828,negative,0.0033018071697684267
1427361974824980485,negative,0.13293138544370806
1427361975546400772,negative,0.0005297377126110054
1427361978033524744,positive,0.8195052976358304
1427361979207983105,positive,0.6789216652729287
1427361979237224453,neutral,0.33124250627998575
1427361980965347331,neutral,0.4860213364893137
1427361981204516866,negative,0.0018247268446210227
1427361981405745157,negative,0.006135805205869797
1427361981938520067,negative,2.3986610310258783e-06
1427361983691739140,negative,3.6983764895087163e-06
1427361984874418177,positive,0.9011394885003907
1427361985356832770,neutral,0.43795816681501476
1427361985511972866,negative,0.004333842769319067
1427361985834864654,negative,0.002187379711125295
1427361986027954183,negative,0.045439897150781394
1427361986124394498,negative,0.11176772762326523
1427361987428765702,negative,1.3093334093469094e-06
1427361988833955842,negative,0.214854454806073
1427361990058680326,negative,6.329995790518272e-05
1427361990792695820,negative,3.8216563660983337e-07
1427361991174369285,positive,0.9011394885003907
1427361993976078337,negative,0.04574357571664197
1427361995788103682,negative,0.00016583913779201246
1427361997058945028,negative,0.015609109747442779
1427361997063180292,negative,2.7326575951433853e-05
1427361997746806793,negative,0.001720189609022609
1427361998204018692,negative,0.11219584815596174
1427361998485049348,negative,0.18739543126695674
1427362000691159047,negative,0.00024268675117473926
1427362001903394820,negative,6.993121784920226e-11
1427362002641502209,negative,0.0045657822579316795
1427362003010600966,negative,0.28748550773598475
1427362004726173701,negative,0.051097251710634305
1427362005825032194,negative,0.00048238812533633706
1427362005980229636,negative,0.05393772178856192
1427362006085128193,neutral,0.4514940053375065
1427362006642929669,negative,3.262099447585443e-06
1427362007133605892,neutral,0.4295035849141295
1427362007204962310,negative,1.4922034878547097e-06
1427362007481737216,negative,0.017000031893005467
1427362008953929731,negative,0.0001840240671301699
1427362008983298055,negative,1.4616726569235362e-06
1427362009767632909,negative,0.2080069320105487
1427362011520847872,negative,5.681919919231809e-08
1427362013391441936,negative,4.5524252769612185e-06
1427362014305861643,negative,0.0016282007344049435
1427362017132924934,negative,0.11219885805149757
1427362019028705283,negative,2.1566915586054486e-05
1427362019108347906,negative,0.011772453611050771
1427362022614835205,negative,1.4922034878547097e-06
1427362023810093079,negative,0.003728503309134775
1427362023906680836,negative,5.280497981700002e-06
1427362023910920192,negative,0.024287470507413644
1427362023927685127,negative,0.058036004545419545
1427362023944380419,negative,0.00029291117711137177
1427362026318348292,positive,0.9910857989583947
1427362029388673026,negative,0.04574357571664197
1427362029468258313,neutral,0.46813523565687853
1427362030047145986,neutral,0.40944595022028984
1427362030084927490,negative,0.09357403064456858
1427362030244278273,negative,0.1063832031345541
1427362031045328902,neutral,0.44054615157121163
1427362031523483652,negative,0.00012792402187290035
1427362032043577352,negative,4.6686339849121895e-07
1427362033436184578,negative,0.12234976530043482
1427362036242124804,negative,0.006297176326018954
1427362036468502546,negative,0.009981459122490589
1427362038083428358,negative,0.31707727700760097
1427362038712569862,negative,7.720476614492758e-05
1427362040197402627,negative,0.004229101000034595
1427362040289562625,negative,0.0003922083941098036
1427362040289677318,positive,0.9981091249043921
1427362040998514688,negative,0.0012630893083789715
1427362041203986441,negative,0.00017446435515422665
1427362041577230339,negative,0.04317296878675898
1427362041631842307,negative,4.423654481417096e-07
1427362041937944582,negative,0.0008463731500872914
1427362043066265601,negative,1.4922034878547097e-06
1427362044517490695,negative,0.07427650221878958
1427362044903366656,negative,0.25366359999702986
1427362044920143876,negative,0.039982057505828277
1427362046622982158,negative,0.00036822960599163407
1427362049395462150,negative,2.445158706266119e-05
1427362050330742786,negative,0.004210796312055414
1427362050418823177,negative,0.07502655091846802
1427362050578202630,negative,0.00034811883919991693
1427362051375177734,negative,1.2316284991584654e-06
1427362052054605824,positive,0.8195052976358304
1427362058597650446,negative,3.262099447585443e-06
1427362059738550273,neutral,0.49789225920557484
1427362061714169863,positive,0.9910857989583947
1427362061806293005,negative,0.003235676989935893
1427362063073042433,negative,0.016162862350965927
1427362064922816514,negative,3.086083157930848e-06
1427362065535193101,negative,7.356882712737832e-06
1427362065992269827,negative,0.009895410728833577
1427362068311810051,negative,2.445158706266119e-05
1427362068706078727,negative,0.241578289881779
1427362068798312456,negative,1.2226441662978587e-16
1427362069087666176,negative,2.556293418997174e-07
1427362069205094409,neutral,0.5978743861407889
1427362074452242433,negative,0.011165784120959919
1427362075681120264,negative,9.32864999367166e-07
1427362076062896133,neutral,0.47174260761643255
1427362077019099136,negative,0.002460796474940253
1427362077333606428,negative,0.1499492889687212
1427362077597917197,negative,0.0015564757776315053
1427362078721982466,positive,0.9002708070030431
1427362079338602497,negative,0.10954888280717937
1427362079409909766,negative,0.25366359999702986
1427362079556706305,negative,0.003235676989935893
1427362083667120132,negative,0.015253568545414774
1427362083721682949,negative,0.0035758019741188086
1427362084656930816,negative,0.12613981338248456
1427362087043420165,negative,0.01515081835358237
1427362087601414155,negative,3.3502850235188966e-11
1427362090440855552,negative,0.006297176326018954
1427362091741155328,negative,0.16847634498426758
1427362092475158531,negative,0.011783433515917974
1427362094257741824,negative,0.1557545385666459
1427362094882623491,negative,4.218068984473136e-05
1427362095314649088,negative,6.393987520996926e-05
1427362096031813648,negative,3.8216563660983337e-07
1427362096249987078,negative,0.024304747579677006
1427362097676050446,positive,0.9997435592868792
1427362098120642564,negative,0.0208775121246834
1427362098481352713,negative,0.017000031893005467
1427362099873845250,negative,0.001904475383042406
1427362100574359555,negative,0.06692082588542778
1427362101975265296,negative,0.04744887892574759
1427362102235353095,negative,0.2379576518697791
1427362102285672462,neutral,0.45911333573429425
1427362102411468803,negative,0.004826349328582719
1427362103820701701,negative,0.0555718195327597
1427362104319913990,negative,0.07427650221878958
1427362105531912197,neutral,0.4503137800182608
1427362106173702146,negative,6.751295485569001e-13
1427362106769395720,negative,0.009187759528806816
1427362106937126915,negative,0.003235676989935893
1427362107289489423,negative,2.260010821399603e-08
1427362107482427394,negative,0.006939529126324858
1427362107570495491,negative,0.11021067482668157
1427362108421943309,positive,0.9213603773109085
1427362108962971656,negative,0.0436722006666895
1427362110812704772,negative,2.260010821399603e-08
1427362110863036422,positive,0.6825850697052926
1427362111055859713,negative,0.03615189783568466
1427362112972726279,negative,0.26761823965006853
1427362114235215877,negative,0.000248359495041441
1427362116005253121,negative,0.011165784120959919
1427362116537835528,negative,0.1462590014517855
1427362116713996296,positive,0.9558278017833651
1427362117989056518,negative,0.017570360379001695
1427362118236528645,negative,0.017570360379001695
1427362118261747718,negative,0.030462341841469374
1427362118483972096,negative,0.1557545385666459
1427362119083708449,negative,0.059648725416403814
1427362119159275527,negative,0.0001745751681918063
1427362120425947145,negative,0.007092371478304936
1427362120862142475,negative,0.003607424711676905
1427362120971309059,negative,0.17636222614564
1427362121587826689,negative,0.0005577970804449461
1427362122300858373,neutral,0.48728019602140255
1427362123588509696,negative,3.434428581961368e-05
1427362125371133953,negative,0.11013253626173018
1427362127082311685,negative,0.07724245901417592
1427362128890114050,negative,0.003723029176773189
1427362129993248772,negative,3.108208010872531e-05
1427362131087876096,negative,0.0005899128634106131
1427362132732125185,negative,0.01629481145939516
1427362132857864197,negative,0.01629481145939516
1427362132862148608,negative,0.01629481145939516
1427362133663272963,negative,0.13945883368619272
1427362135378743301,negative,0.12944280751431483
1427362135504527367,negative,6.40326277657982e-07
1427362137131847682,positive,0.7518427735407023
1427362137203265540,negative,0.1639450951235744
1427362137907744782,negative,0.019653069916805998
1427362138138431496,negative,0.0008394053334289151
1427362138675367937,negative,0.015609109747442779
1427362138788614153,positive,0.7627843246566761
1427362142584516614,negative,0.06521377132574979
1427362143226241028,negative,0.002268420633316657
1427362143956000774,neutral,0.48728019602140255
1427362143964471305,negative,0.00018913122209050746
1427362146007015428,negative,0.10964564277093683
1427362146942341122,negative,0.016647202619585556
1427362148804546702,positive,0.6789216652729287
1427362148963999744,negative,3.108208010872531e-05
1427362150276898816,negative,0.0011349455538730352
1427362152122392577,negative,2.260010821399603e-08
1427362152520814597,negative,8.255545614274963e-05
1427362153309290506,negative,8.255545614274963e-05
1427362154517340164,negative,0.012907906103717658
1427362158749364228,negative,0.19354862497968273
1427362162289389571,negative,0.08500615611010989
1427362162390052864,negative,0.0004969771738124563
1427362163803500551,negative,0.19531077449602313
1427362163996438533,negative,0.001943060284253532
1427362167368658952,positive,0.8871894497993442
1427362167385378817,negative,0.21700786916551124
1427362167435714561,negative,0.019261601752036894
1427362169323237383,negative,4.924286466858962e-06
1427362169373569027,negative,2.697724594081509e-06
1427362169625137152,negative,0.011724737227430823
1427362170237558786,negative,5.0432620130226604e-14
1427362170342420491,negative,4.574310318025019e-06
1427362170996731911,negative,0.3211082313835777
1427362172796129282,negative,0.0002588261870689697
1427362173047742471,negative,0.2292269687960159
1427362174037479435,negative,0.00018132511811772673
1427362174918397958,negative,0.0005236483388878762
1427362175039979524,negative,0.28761098722061745
1427362176617037825,negative,0.013373102558113236
1427362177984380934,negative,0.11619088098358671
1427362178760335362,positive,0.6789216652729287
1427362179947368451,negative,0.006297176326018954
1427362180798853121,negative,3.05315470265052e-08
1427362180941352962,negative,0.0024664188689321564
1427362182422056962,negative,2.270172490574933e-07
1427362184359813130,negative,0.11619088098358671
1427362184372363270,negative,2.260010821399603e-08
1427362184976285702,negative,5.988756285373058e-07
1427362187320909835,negative,0.0007778816915274258
1427362190160498694,negative,0.04574357571664197
1427362190873481216,neutral,0.5533970533999424
1427362191196446729,negative,0.026785322978838882
1427362192219787282,negative,0.00018466912298495126
1427362194337972227,negative,0.0037446227998080136
1427362196888047654,negative,0.0948908403365332
1427362200616833029,negative,0.09733082293854396
1427362200721756174,neutral,0.37899840162270665
1427362201363435522,negative,0.13253024524492177
1427362202785288198,negative,0.0071432896020446794
1427362203057917958,negative,0.0026514926545798045
1427362204249120776,negative,0.004635417757734789
1427362206400794628,negative,1.6079435700302636e-05
1427362207172632577,neutral,0.4860213364893137
1427362208510529537,negative,0.004601112890697783
1427362210343440390,negative,0.0036791114382249746
1427362211257896966,negative,0.0035758019741188086
1427362212310659074,negative,0.04574357571664197
1427362215863140354,negative,0.00017569020463284996
1427362217893187593,neutral,0.5026725710791841
1427362217981321219,positive,0.6789216652729287
1427362218920882181,negative,0.01916820084027119
1427362220690788356,negative,0.16215059392708145
1427362220695035909,negative,0.0012589650794239556
1427362222624366596,negative,0.04574357571664197
1427362222720815112,negative,0.22383164098131345
1427362223245176841,negative,0.024672883647762857
1427362223588986896,negative,0.04301142002460114
1427362223807242243,negative,0.16847634498426758
1427362223844888577,negative,0.021586693926637538
1427362224046317569,negative,0.07427650221878958
1427362225870852105,positive,0.7344049639932397
1427362226512539649,negative,0.0035758019741188086
1427362228131536897,negative,1.8166501882163482e-10
1427362229465329669,negative,0.04574357571664197
1427362229654020103,negative,0.00017439261938047805
1427362230102802433,negative,1.1541896632716803e-12
1427362233168846860,negative,0.020093233295141056
1427362234515267592,negative,0.05217269890806904
1427362234574020610,negative,0.013565813505903869
1427362234636853267,negative,0.02644142183654108
1427362235731648515,negative,1.628395946501758e-13
1427362235865829376,negative,3.936370471716643e-06
1427362236847345674,negative,0.0005828514364241916
1427362237224738820,negative,0.015609109747442779
1427362237333876736,negative,0.21195757638818263
1427362242043973633,negative,0.07174362539377149
1427362243725991941,negative,0.0009528240570941547
1427362243939864577,neutral,0.35947929422903685
1427362244136951810,negative,2.661404971092999e-05
1427362244623585285,neutral,0.5021508382275068
1427362245013606401,positive,0.7344049639932397
1427362245873438733,negative,0.0016282007344049435
1427362247123390473,negative,6.925919974201037e-15
1427362247517560832,negative,1.4922034878547097e-06
1427362247727267843,positive,0.7615411648301202
1427362248411033600,negative,0.00014421938967188272
1427362249853767682,negative,0.00033661668315868986
1427362251653238784,negative,0.0059678933551392584
1427362251783221255,negative,0.2812124665127172
1427362251997163526,negative,4.442526816972574e-07
1427362252479508483,negative,1.0040572772114269e-05
1427362253691625477,negative,0.00015846056529702398
1427362254375329799,negative,0.1639450951235744
1427362256178790401,negative,0.00012792402187290035
1427362256556331010,negative,0.04907476437954909
1427362257210650626,negative,2.3415380091205332e-11
1427362257898463243,negative,0.04944193418842664
1427362258863206400,negative,0.24324059935889236
1427362262579298305,positive,0.8651618779548107
1427362266987606019,negative,0.005863811740393929
1427362267058917379,negative,0.07019238151249844
1427362267381866499,negative,0.0010637707381801354
1427362268044578817,negative,0.0036791114382249746
1427362269306949645,negative,0.003723029176773189
1427362270548484096,negative,0.025280852520076315
1427362272062607363,negative,0.004219081515727852
1427362275317461000,negative,2.260010821399603e-08
1427362275506151435,negative,0.020945141136900144
1427362276525416454,negative,0.00010192848988653052
1427362277473366017,negative,0.17955770260965792
1427362279935336456,positive,0.9343671310991865
1427362280522539015,negative,0.003243724898498667
1427362280732254215,negative,0.00012792402187290035
1427362280828817410,negative,0.03782885212895554
1427362281030045704,negative,0.28748550773598475
1427362281386610691,negative,2.661404971092999e-05
1427362281810276357,negative,0.1344487379768446
1427362282061893642,negative,0.0036119435912552195
1427362282825207808,neutral,0.538582194276088
1427362284037447690,negative,0.12636627367316783
1427362288735080448,negative,0.026874681639070117
1427362289125138437,negative,0.008301969624532684
1427362290827935746,negative,0.029748760023119377
1427362292191137796,negative,0.0027796186076505286
1427362293248102406,negative,4.413118974934047e-07
1427362293684260868,negative,0.037929436887410996
1427362293738782733,negative,0.002273672587969017
1427362294737027073,negative,0.00021424838445273733
1427362294950936578,negative,0.01031625159852446
1427362296825843713,negative,0.004210796312055414
1427362298222546951,negative,0.056094838341412115
1427362298792976393,negative,0.0011079561160932758
1427362299552096260,negative,0.003492074361701301
1427362299631767553,negative,1.3617652221705402e-07
1427362301217316870,negative,0.0010637707381801354
1427362302811152387,negative,0.19134464756119812
1427362303884808193,negative,3.108208010872531e-05
1427362304828575749,negative,5.034037142347568e-07
1427362305960972295,negative,0.011772453611050771
1427362307143839748,negative,0.01294766756915799
1427362307752005632,neutral,0.39439463283712184
1427362312525058055,negative,0.04574357571664197
1427362313871503363,negative,0.11013253626173018
1427362314991382538,negative,0.0008833819740969511
1427362316891340814,negative,4.442526816972574e-07
1427362316971122689,negative,1.4211100605187807e-05
1427362317130477570,negative,4.442526816972574e-07
1427362317839306754,negative,0.039101614970097814
1427362318309072899,negative,9.354144838417653e-07
1427362318644621315,negative,0.241578289881779
1427362319219273734,neutral,0.35468237573201555
1427362319508643846,neutral,0.5315931638919297
1427362321186410498,positive,0.7344049639932397
1427362321308033034,negative,0.000248359495041441
1427362322012643328,negative,3.136543930502692e-05
1427362324248203268,negative,0.004219081515727852
1427362325737115650,negative,0.0003922083941098036
1427362326550876162,negative,0.2714431206698304
1427362326622228480,negative,0.004729128185573151
1427362327993663492,negative,0.21869627399406738
1427362328178216965,negative,0.18524844217787054
1427362328933244928,negative,0.1256675348296424
1427362329457577989,negative,0.10042655560560587
1427362329788825600,positive,0.9343671310991865
1427362330892029957,negative,0.11261153315948703
1427362331118477312,negative,0.004068231761923043
1427362332464779267,positive,0.8457002623067913
1427362332506796032,negative,0.04574357571664197
1427362332527714316,negative,0.010604739012904114
1427362332792004624,negative,0.0009222054379491635
1427362333383438345,negative,0.0001701897608434499
1427362333396029443,negative,8.164202380995202e-08
1427362333404368896,negative,0.2135068956422285
1427362334117437443,negative,0.11154443292387338
1427362335111397379,negative,0.11619088098358671
1427362335392477193,negative,4.1352263420671033e-07
1427362336642408454,negative,0.02644733837040088
1427362337430855685,neutral,0.5734576952979002
1427362337674207235,negative,0.00012792402187290035
1427362338680844294,negative,0.012367699760533797
1427362339242786820,negative,0.17569568732996474
1427362340031373313,negative,0.02644142183654108
1427362341906231304,neutral,0.4636328126643254
1427362344615784461,negative,0.16352019608485005
1427362344825409543,negative,0.02168143012423108
1427362344888307717,negative,0.07680384634627467
1427362345127489538,negative,0.04574357571664197
1427362345408475144,neutral,0.4039340666627415
1427362345710497793,negative,0.0766355962166001
1427362345857208325,negative,0.16352019608485005
1427362346578718726,negative,5.092771322226954e-06
1427362350059884549,negative,0.0009717288410603373
1427362351242752003,negative,0.17888176907363987
1427362352719175686,negative,3.7735637594227026e-05
1427362352995909633,negative,0.0008699895247107172
1427362353344126990,negative,0.004229101000034595
1427362355051208714,negative,0.13253024524492177
1427362356049453060,negative,0.007350004587674079
1427362357370572806,negative,0.0008927629700881719
1427362357794246656,negative,0.0003657463363892342
1427362358452760582,negative,1.1882214817407437e-06
1427362359975325697,negative,0.019587131909008276
1427362361954881536,negative,0.00036822960599163407
1427362362017845254,negative,2.6857207800755354e-06
1427362362693230612,negative,0.000248359495041441
1427362363880189952,positive,0.7263454024938072
1427362364312150027,neutral,0.44505448125099534
1427362364484116486,negative,3.108208010872531e-05
1427362364882628609,negative,0.016162862350965927
1427362365738192900,negative,0.30942350916132183
1427362368946847748,negative,0.18690732493513387
1427362369018159109,negative,0.11013253626173018
1427362371903922176,negative,6.393987520996926e-05
1427362373954846720,neutral,0.49789225920557484
1427362376245026820,negative,3.7735637594227026e-05
1427362376333078537,negative,0.00015846056529702398
1427362376739954698,negative,0.00012792402187290035
1427362377721421824,negative,2.606567493792265e-06
1427362377742393355,negative,0.02517519178029272
1427362377964658697,negative,0.21292270352416687
1427362380061757444,negative,0.00016209154104693333
1427362381873696771,negative,0.05393772178856192
1427362384071561217,neutral,0.614997828515798
1427362385036136456,negative,1.798437833756763e-08
1427362386676228096,neutral,0.3318228626708164
1427362387624173573,negative,0.16352019608485005
1427362388244934656,negative,2.691562269591221e-06
1427362390643982344,negative,0.00017569020463284996
1427362390803369996,negative,2.260010821399603e-08
1427362391038234631,negative,0.13632658619162508
1427362391344533507,negative,0.000878810844145198
1427362392862777351,negative,0.00012792402187290035
1427362393210884101,negative,3.108208010872531e-05
1427362393424805888,negative,0.003243724898498667
1427362393768742915,negative,0.017046568888234838
1427362393965871112,negative,5.544006837447269e-08
1427362397191352321,negative,1.4211100605187807e-05
1427362398457970697,negative,0.1955769541884985
1427362399431139337,negative,0.026048587030089405
1427362399682695169,negative,0.0036791114382249746
1427362399686959105,negative,0.16022986908032372
1427362401717039106,negative,0.0704766376194383
1427362402698416131,positive,0.6789216652729287
1427362403562491910,negative,0.17569568732996474
1427362405529554948,negative,0.008233289841403792
1427362406527819777,negative,0.25366359999702986
1427362407605751819,negative,0.00012049449239936324
1427362410189447168,negative,0.11176772762326523
1427362410336227334,neutral,0.3837162173843233
1427362412521533440,negative,0.0026469175471586287
1427362413310001156,negative,0.0005082585031979294
1427362413515509760,neutral,0.37899840162270665
1427362414438207508,negative,7.720476614492758e-05
1427362414610239491,negative,0.0019099887746773165
1427362415025524737,negative,0.000248359495041441
1427362415864422410,neutral,0.4433996362216907
1427362417143648259,negative,0.028640936980283853
1427362417990848517,negative,2.661404971092999e-05
1427362418460696577,neutral,0.5777257526325251
1427362419014258693,negative,4.4848489462719536e-05
1427362419198857225,negative,0.02644142183654108
1427362419446272004,negative,0.004471387199350931
1427362421329571841,negative,0.02236787087408191
1427362422797524994,negative,0.0007996022170042245
1427362424479420419,negative,0.0037353794660489425
1427362425897107466,negative,9.563509756366528e-16
1427362426085859328,neutral,0.35871431606240334
1427362426157211656,negative,0.002460796474940253
1427362427209912325,negative,2.260010821399603e-08
1427362429097451531,negative,0.2379576518697791
1427362429760122885,negative,5.3672309478236377e-05
1427362430053724163,negative,0.0885992589851373
1427362430141751302,neutral,0.6462607005943426
1427362430204751872,negative,0.04047490180510253
1427362435695054851,negative,0.2606897735526799
1427362436768743435,neutral,0.3741301848309843
1427362439650238471,negative,0.00015790833467575562
1427362445354487809,negative,0.06587144503077128
1427362445774016530,negative,0.010827898598742095
1427362447644663817,negative,0.012736222050704347
1427362447762014212,negative,0.00012792402187290035
1427362448768655360,positive,0.6789216652729287
1427362449104281604,negative,0.0007214196294591189
1427362450698117129,negative,0.16352019608485005
1427362452023435266,negative,0.012265916129025568
1427362452296151049,negative,0.022378192672722747
1427362452359065601,negative,0.03913130009772657
1427362452388421638,negative,0.015618260839154812
1427362453789323274,negative,0.23479051043063884
1427362459938181123,neutral,0.3837162173843233
1427362461750120455,negative,0.16352019608485005
1427362462660272132,negative,0.0006497470006576891
1427362464480571397,negative,0.042957959661014566
1427362464836964357,neutral,0.3944420557957702
1427362467479539713,negative,0.07019238151249844
1427362467622031374,negative,0.0515077185638853
1427362471875158020,negative,1.9426274760292134e-07
1427362472638521349,negative,0.10964564277093683
1427362474567819266,negative,0.000983546964518798
1427362474957942792,negative,0.13068678921591073
1427362475553525764,negative,0.08945247364791652
1427362475557654531,negative,2.260010821399603e-08
1427362477206085641,negative,0.32123288312758175
1427362479190028295,negative,3.108208010872531e-05
1427362479441600519,negative,0.007365468589427066
1427362480276320260,negative,9.423344997358724e-07
1427362480381206528,positive,0.6789216652729287
1427362481517760515,negative,4.034787738289317e-07
1427362482658713605,negative,0.0007887652638632782
1427362485020004357,negative,0.010246089831815493
1427362486202810368,negative,0.2607792900598806
1427362487792451586,negative,0.2622947956502978
1427362488417390600,negative,0.00017439261938047805
1427362488857894920,negative,3.8216563660983337e-07
1427362493136052229,negative,0.0007109999565757729
1427362494079713284,negative,0.0555718195327597
1427362495493132318,negative,0.1550662308822122
1427362498395709449,negative,0.01939165374723412
1427362499251384324,negative,0.004092421089941119
1427362501545582597,negative,0.008188227120682196
1427362501604298762,negative,2.556293418997174e-07
1427362502883557376,positive,0.8195052976358304
1427362503089065990,negative,0.0009528240570941547
1427362504355860482,negative,0.009242796705423464
1427362505035337733,negative,0.03615189783568466
1427362505312153605,negative,9.761867390144745e-05
1427362505723203587,negative,0.0003631247928995983
1427362506150920198,negative,0.00017569020463284996
1427362506792701953,negative,0.0800346427184915
1427362507736367109,negative,0.10964564277093683
1427362507929292806,neutral,0.49789225920557484
1427362509380587528,negative,0.033111384777081816
1427362510630445059,negative,8.021916574970878e-05
1427362511112871943,negative,0.0011991338607309219
1427362512278806541,negative,0.0035758019741188086
1427362513960714251,negative,2.661404971092999e-05
1427362515969847307,negative,0.11176772762326523
1427362516808708097,positive,0.7839915826613003
1427362517089665026,negative,0.015306474128346764
1427362517559529485,negative,0.00012792402187290035
1427362518117257218,negative,0.07302412072975543
1427362518570344449,negative,0.03922372129476573
1427362520403218433,negative,0.006266249826500835
1427362521497878533,negative,0.12636627367316783
1427362521762181121,neutral,0.5734576952979002
1427362521833410563,negative,0.04609893674266654
1427362522563284996,negative,2.2962419030495686e-08
1427362522840145926,negative,0.000248359495041441
1427362523670536199,negative,0.015233959359525642
1427362523716653061,negative,0.0026364434904372082
1427362523796357121,negative,1.1062173719020953e-05
1427362526296252427,negative,0.005173984795641118
1427362526703112192,negative,3.8216563660983337e-07
1427362527055269928,negative,5.280497981700002e-06
1427362528808550404,negative,0.016162862350965927
1427362530205253636,negative,0.0644461396545525
1427362530213744644,negative,0.027596364710292705
1427362530763149318,negative,0.08091458622787247
1427362531522322432,positive,0.736947310484098
1427362531685842955,negative,1.4922034878547097e-06
1427362533741142025,negative,2.260010821399603e-08
1427362534034653185,negative,0.12636627367316783
1427362534617763843,negative,0.12146426141732296
1427362534919639049,neutral,0.3332856921008272
1427362536328990720,negative,0.007080147041594188
1427362536995831810,negative,0.19028355602608238
1427362538237407235,negative,0.047439619512049995
1427362538245672960,neutral,0.37874993579954885
1427362539084582913,negative,0.01521169672906435
1427362539126595586,negative,0.019695007178518832
1427362540166787081,negative,4.442526816972574e-07
1427362540246519813,neutral,0.5442060184796753
1427362540888145923,negative,0.0024392641565613854
1427362541030854657,negative,0.026817027919899258
1427362542511394824,negative,0.00014808381084838136
1427362542918242306,negative,3.586790635976402e-05
1427362543597670406,negative,4.6867703413307234e-07
1427362543882817570,negative,0.09065227834565129
1427362543966752774,negative,0.1542558501259834
1427362546995056653,negative,0.0002233235104030986
1427362548223922204,negative,3.8216563660983337e-07
1427362549163515905,negative,0.004219081515727852
1427362550203752453,negative,0.00032018505819935816
1427362552787374086,negative,1.993191082658514e-07
1427362553013936129,neutral,0.5442060184796753
1427362553647157268,neutral,0.3499352441185855
1427362554330890245,neutral,0.38640330263766914
1427362556121919497,neutral,0.5429133121739438
1427362556541345796,negative,0.001087913784145143
1427362556683898881,negative,0.0007313562900009595
1427362556725895173,negative,0.014929265359787496
1427362556944044036,positive,0.9213603773109085
1427362557178875904,negative,0.00012792402187290035
1427362559926145029,neutral,0.4507454498615163
1427362559947124739,negative,0.17366638522252797
1427362560618151937,negative,8.286717597507024e-07
1427362561574543371,positive,0.9343671310991865
1427362561708761093,negative,0.0006081868333595562
1427362562216181762,negative,0.0948908403365332
1427362562371358724,negative,8.255545614274963e-05
1427362562778279940,negative,0.0003030088356110427
1427362564594454529,negative,0.0028374973205812152
1427362565013876744,negative,4.368861548170256e-05
1427362565529776129,negative,0.02168143012423108
1427362567173943300,negative,0.04574357571664197
1427362567786307587,negative,0.007092371478304936
1427362571942772736,negative,0.22148707823390876
1427362572911759360,negative,0.007923510696270886
1427362574702718976,negative,0.05905020933901566
1427362575231094785,negative,0.1815637306543603
1427362575252131851,negative,0.0001401171434558567
1427362576342597644,negative,0.01939165374723412
1427362578234286081,negative,0.04900997668843944
1427362579219947530,negative,0.00010192848988653052
1427362581698732037,negative,0.03782885212895554
1427362582013300742,negative,1.062240974321186e-07
1427362582046945284,negative,7.951431839202666e-08
1427362582134931460,negative,0.13150820617501519
1427362582424391685,negative,0.002463209023216259
1427362583036796928,negative,0.10954888280717937
1427362585452679169,neutral,0.3793686101916746
1427362586547429380,negative,0.05217269890806904
1427362588229255171,negative,0.028749898114833163
1427362589261115394,negative,0.16352019608485005
1427362590334898177,negative,0.04399699079367153
1427362591102410752,negative,0.10964564277093683
1427362592134242307,negative,0.08108749715771459
1427362593736376326,negative,0.0027719955268459685
1427362594571132932,neutral,0.33744673839986555
1427362595971928073,negative,0.1947911742678152
1427362596160692226,negative,5.742745695218955e-06
1427362596412444675,negative,0.00029082168054182133
1427362597259644930,negative,0.004210796312055414
1427362597511188480,negative,3.6554403259514705e-05
1427362597637140485,neutral,0.39274765723876304
1427362599205801987,negative,0.0019485465480871755
1427362600480804870,negative,2.661404971092999e-05
1427362601147699200,negative,0.01133643771674324
1427362602368307205,negative,0.00210918315492215
1427362602938687489,negative,0.00029082168054182133
1427362603609821184,negative,0.09261332356112252
1427362603639189505,negative,0.00020095477538134703
1427362603676880898,negative,0.042326109993885336
1427362604205416449,negative,0.01521169672906435
1427362606080266241,neutral,0.34010521911488584
1427362610710732806,negative,6.980756980520892e-05
1427362611289526274,negative,0.14043127292788118
1427362615093772293,negative,0.13621944997364444
1427362615706230785,negative,0.020384575606940403
1427362616050130949,negative,0.12442130527604964
1427362618008821766,positive,0.7344049639932397
1427362618445074438,negative,0.045439897150781394
1427362619447562248,negative,3.262099447585443e-06
1427362619820757001,negative,4.32545690817162e-05
1427362621498576902,negative,0.12232039250972135
1427362623247486977,negative,1.4922034878547097e-06
1427362623729901574,negative,2.1945221996076057e-05
1427362624577150979,negative,0.04676615301350121
1427362625562755072,negative,0.0049558832977891175
1427362627244761090,negative,0.0910300893848237
1427362627664109578,neutral,0.3828927093530096
1427362627680882689,negative,0.0011355937293077276
1427362627798413317,negative,0.004210796312055414
1427362627836055564,positive,0.9343671310991865
1427362629551476748,neutral,0.49789225920557484
1427362630000328705,negative,0.1639450951235744
1427362631036375043,negative,0.04301142002460114
1427362631053107209,positive,0.6789216652729287
1427362631430647810,neutral,0.36212496516786086
1427362632596541446,negative,0.04547384415340165
1427362633238388741,negative,0.02140784547485988
1427362634765066241,negative,0.000122937350040461
1427362634878308359,negative,7.720476614492758e-05
1427362635482271760,negative,0.25366359999702986
1427362637088763907,negative,3.6554403259514705e-05
1427362637164302338,negative,0.00039057358012506335
1427362638065913891,negative,1.0330882972832114e-07
1427362638678401034,negative,0.034593478160676205
1427362640066596888,negative,0.006297176326018954
1427362641169854465,positive,0.8871894497993442
1427362643078168578,negative,0.0008786995045829048
1427362643371778049,negative,0.02644142183654108
1427362644927946756,negative,0.034460725528559
1427362647553585155,negative,6.132080726571829e-05
1427362648119709697,negative,0.0006081868333595562
1427362648648204300,negative,4.8627430793458984e-09
1427362649420058626,negative,0.04920204259457339
1427362649575239681,negative,0.00012792402187290035
1427362649763893263,negative,0.2366964516464097
1427362649914986501,negative,3.5185361624939094e-09
1427362649956917257,negative,2.1983816127269855e-08
1427362649994670081,negative,0.00017439261938047805
1427362653358469125,positive,0.6789216652729287
1427362653635285001,neutral,0.47371072416927557
1427362653865857041,neutral,0.4860213364893137
1427362654436405253,negative,0.0007591224359239046
1427362654713155599,negative,0.0036791114382249746
1427362655648485381,negative,0.00036615308798946405
1427362655975641093,negative,0.0028060652826163504
1427362658102165505,neutral,0.37899840162270665
1427362658718736391,negative,0.00017569020463284996
1427362659683426309,neutral,0.34390760743775584
1427362660228771840,negative,0.18387029119173803
1427362661365395459,neutral,0.4514940053375065
1427362662091010052,negative,2.5662954531136246e-08
1427362662640455682,negative,0.1557545385666459
1427362663185600538,positive,0.8499984203706832
1427362664477560832,negative,0.003607424711676905
1427362668332163073,negative,0.13068678921591073
1427362669875671040,negative,1.481102618666672e-08
1427362670521593865,negative,0.03764321448438288
1427362672098619394,negative,0.0009091166253109898
1427362674573185033,negative,0.10964564277093683
1427362677228199944,neutral,0.37874993579954885
1427362677341532172,negative,0.1639450951235744
1427362679082135557,negative,0.32506685266967134
1427362680013213696,negative,0.03470141743728183
1427362680260673539,negative,3.586790635976402e-05
1427362680986349572,negative,0.0015564757776315053
1427362682206887936,negative,5.326848300096247e-13
1427362682446000131,negative,8.826771390568837e-06
1427362682471161861,negative,0.00012792402187290035
1427362683230240770,negative,0.000248359495041441
1427362686019555331,negative,0.0011143519696074854
1427362691484721159,positive,0.916027085208641
1427362691526582275,negative,0.04574357571664197
1427362693120503817,negative,0.0002440148852497772
1427362693464444936,neutral,0.4381086305499526
1427362694919766023,negative,8.44677761778071e-06
1427362696106815493,positive,0.9266034090344558
1427362696152899585,negative,0.07860470812316966
1427362698514272268,neutral,0.5198008167020184
1427362698887630857,negative,0.2415246299341769
1427362699114164229,negative,5.723523349824432e-06
1427362699332173834,negative,0.0009013868300930839
1427362701915922439,negative,2.661404971092999e-05
1427362702251397130,negative,0.0036791114382249746
1427362702981206024,negative,0.011165784120959919
1427362703157366786,negative,0.05217269890806904
1427362704386318339,negative,0.051740964809198715
1427362704591925251,positive,0.9343671310991865
1427362707783786499,negative,0.0007214196294591189
1427362708073107461,negative,0.17010680590107932
1427362708928794627,negative,0.17005266627555143
1427362709398503425,negative,6.858815203033007e-05
1427362710396805129,positive,0.6789216652729287
1427362710593933313,negative,0.0032903565258883883
1427362710732394506,negative,0.016769372720654603
1427362713357983746,negative,0.0023395023175072885
1427362713748058124,positive,0.9628838102869247
1427362714465161217,negative,0.00012049449239936324
1427362714947575817,negative,0.0008779450805202075
1427362715249561603,negative,0.0001961844004974737
1427362716570857474,negative,0.006297176326018954
1427362716788961292,negative,1.4460230372552194e-08
1427362717346770945,neutral,0.3837162173843233
1427362717522870278,negative,0.07248054795975
1427362718600900616,negative,1.7441307376924102e-08
1427362721843056641,negative,0.00017569020463284996
1427362722350604288,neutral,0.6464448113650147
1427362723118129153,negative,5.56986374285323e-06
1427362724082855945,negative,0.10383568928919754
1427362724560920578,negative,0.16215059392708145
1427362725672505346,negative,1.4922034878547097e-06
1427362725966012419,positive,0.9266034090344558
1427362726574280705,positive,0.6789216652729287
1427362727757066241,negative,0.0037353794660489425
1427362727870218250,negative,0.05217269890806904
1427362728386121731,negative,0.00882200815762798
1427362729443143684,neutral,0.33543502602099784
1427362732567900168,positive,0.6917059519039537
1427362735025790983,negative,8.409599537905727e-05
1427362737483567105,neutral,0.48728019602140255
1427362737722728453,negative,0.10964564277093683
1427362738607726597,negative,0.0035758019741188086
1427362738905440265,positive,0.6789216652729287
1427362738913808388,negative,0.0036791114382249746
1427362739886960644,negative,2.260010821399603e-08
1427362744345448463,negative,2.661404971092999e-05
1427362744492335106,negative,0.00017439261938047805
1427362745738014725,neutral,0.538582194276088
1427362746006491140,negative,0.000878810844145198
1427362746417532932,negative,0.014641907515847194
1427362746614550533,negative,1.8461160439379484e-06
1427362747357007886,neutral,0.48933996825183923
1427362747575148546,negative,0.0016282007344049435
1427362748044922881,negative,0.003232505998643636
1427362749563162630,negative,0.25695265593491035
1427362751584821248,negative,0.07174362539377149
1427362751987474435,negative,0.02168143012423108
1427362752369201163,positive,0.8669378284403858
1427362753078038537,positive,0.7795636730209627
1427362753187127298,negative,0.011772453611050771
1427362754021703683,negative,0.0009717288410603373
1427362754042679302,negative,0.10951626345400424
1427362755670167560,negative,7.534051896171932e-10
1427362759080042502,negative,0.006297176326018954
1427362761437294595,negative,1.1386022847940523e-06
1427362764184604673,negative,0.028749898114833163
1427362765237280774,negative,0.016028016377672514
1427362768282345475,negative,0.002670630313548163
1427362768949321728,negative,1.0040572772114269e-05
1427362769024733188,negative,0.11101195090737852
1427362769364561920,negative,1.983922948020937e-09
1427362769490391053,negative,0.00024026983453657408
1427362769821634571,negative,0.010303101050154261
1427362769997869060,negative,0.007092371478304936
1427362771381915649,negative,0.1639450951235744
1427362772246016002,negative,0.06692082588542778
1427362772313051139,negative,0.0444536669461132
1427362773726633985,negative,0.05705808173875212
1427362774812868614,neutral,0.37142605093897746
1427362776335462404,negative,4.442526816972574e-07
1427362777581117441,negative,0.01939165374723412
1427362778059354115,positive,0.9361329931363962
1427362778751381514,negative,0.0013862048201854617
1427362778906599435,negative,0.000985982345561098
1427362780110336002,negative,2.260010821399603e-08
1427362780357742601,negative,0.03859301516756373
1427362781678944262,negative,0.14285700631174844
1427362782308028438,negative,0.24559560708372538
1427362782983376897,negative,1.2831753382315201e-06
1427362783125987331,positive,0.7344049639932397
1427362783574859778,positive,0.6789216652729287
1427362783616815107,negative,0.002527654356342164
1427362783688118276,negative,0.0878082421948076
1427362783931375618,negative,0.05881538616892973
1427362784086577154,negative,0.1639450951235744
1427362784359108616,negative,0.0009091166253109898
1427362784392597512,negative,4.924286466858962e-06
1427362786653478915,negative,0.00011351842298202571
1427362786800189440,positive,0.9002708070030431
1427362787458785289,negative,0.0008764366911265445
1427362787530055680,negative,0.0017587756110726042
1427362787735621633,positive,0.9002708070030431
1427362789887299585,negative,0.002791009493003752
1427362793473421321,negative,0.009434366518501502
1427362795734147078,negative,2.260010821399603e-08
1427362795805450241,negative,0.00017439261938047805
1427362797722095639,neutral,0.3308723433454697
1427362798082920456,negative,0.0008287618243459576
1427362798280060944,negative,0.0005894074273151919
1427362798582083588,negative,0.00029471560312253095
1427362799492206599,negative,0.0017587756110726042
1427362799886422019,negative,0.13068678921591073
1427362801102868486,negative,0.002541835355008466
1427362801811611658,negative,0.0039758753368044925
1427362803254546437,negative,0.18792187048491685
1427362803644514305,negative,0.0644461396545525
1427362803950751751,negative,0.05131355920774915
1427362804944838661,negative,0.005117392504874057
1427362804995170305,negative,0.037408595141401366
1427362808858128384,negative,0.06587144503077128
1427362809327853571,negative,0.011165784120959919
1427362809332080640,negative,0.00012792402187290035
1427362811722801156,negative,7.353724105851889e-05
1427362812142227459,negative,0.03669644709667022
1427362812209221651,negative,0.0028798971482451143
1427362813660614666,negative,0.00012962251983347368
1427362814377840648,negative,0.17683246237581293
1427362814830813195,negative,0.07248054795975
1427362817359945730,neutral,0.4334392617149784
1427362820220407808,negative,1.1030086815640711e-07
1427362823353548803,negative,0.0036791114382249746
1427362825144516612,negative,0.18926762894989282
1427362825387839491,neutral,0.5405044030442868
1427362831268290568,negative,0.10954888280717937
1427362833340194823,negative,0.2559359267141252
1427362835047256066,negative,2.661404971092999e-05
1427362835177291783,neutral,0.37142605093897746
1427362835617701893,negative,0.04574357571664197
1427362836519407642,negative,0.09712921490518504
1427362837878513667,negative,0.016883231740267332
1427362840147632133,negative,3.8216563660983337e-07
1427362840164421633,negative,0.28748550773598475
1427362841347215361,negative,6.771539751341832e-07
1427362842592874496,negative,3.7735637594227026e-05
1427362843633061889,negative,0.0035758019741188086
1427362843750506497,negative,1.7192860358166963e-05
1427362844677390339,negative,0.0016617644826435757
1427362845235322889,neutral,0.36707611651754307
1427362845461815300,negative,0.0012029139817350994
1427362846975868932,positive,0.8252532412961315
1427362849500893195,negative,0.04000006081921324
1427362849656016901,negative,0.07365437437223223
1427362850293616645,negative,0.0006081868333595562
1427362851656765444,neutral,0.3793686101916746
1427362852852097026,negative,0.20030180422105262
1427362852873113600,negative,0.07248054795975
1427362854009778177,negative,0.00037205401904577475
1427362854253080581,negative,0.00010192848988653052
1427362856224247808,negative,0.002530823335069358
1427362859038695430,negative,0.006297176326018954
1427362860666138624,negative,0.00048816727672073456
1427362860997484547,negative,0.00016209154104693333
1427362861605601285,negative,0.04574357571664197
1427362861714640899,negative,2.368071788394488e-12
1427362863610466305,negative,0.0939355439469798
1427362863858003979,neutral,0.3619031505174351
1427362864810106889,negative,0.17955770260965792
1427362864872902665,negative,0.013911797166000212
1427362865565024261,negative,6.751295485569001e-13
1427362865720315909,negative,0.04574357571664197
1427362866638766081,negative,0.00017439261938047805
1427362868048154634,negative,0.00010192848988653052
1427362868706566152,negative,2.63356213787064e-12
1427362868853452804,negative,0.031128148383595115
1427362869717393408,negative,0.004210796312055414
1427362870644416521,negative,0.16847634498426758
1427362872838041601,neutral,0.3837162173843233
1427362872917626886,negative,0.16847634498426758
1427362873089708042,negative,0.047596448770507324
1427362873819504649,negative,0.00010192848988653052
1427362874867998725,negative,4.542051688512624e-12
1427362876281524232,negative,3.20621593744838e-07
1427362876923252737,negative,0.037424745874031974
1427362877615247371,negative,0.057045262514
1427362878059794436,negative,0.00014439920837620518
1427362878433239043,positive,0.6789216652729287
1427362879657889799,negative,0.10596441773359634
1427362880740110339,negative,0.00042427113252987395
1427362882304544774,negative,0.12146426141732296
1427362882774241281,negative,0.00037328882912939887
1427362883529318406,negative,0.0002829609325331251
1427362883655110664,negative,0.00186919996936313
1427362884342984704,negative,0.01521169672906435
1427362884703723531,negative,0.006297176326018954
1427362886087741441,negative,0.01521169672906435
1427362887350243333,negative,0.03669644709667022
1427362888956661767,negative,0.052222222693579776
1427362889065713672,negative,0.015078219703954255
1427362889233575938,negative,3.7735637594227026e-05
1427362889770360837,negative,0.000219557318184576
1427362890001141762,negative,0.01785173216321512
1427362890793750533,neutral,0.3308723433454697
1427362891674554368,negative,6.301577885392284e-07
1427362891817275393,positive,0.8516993859199892
1427362891980750859,negative,0.06421543209135709
1427362892656041990,negative,0.00036615308798946405
1427362892656095232,negative,1.0040572772114269e-05
1427362894132486144,negative,0.037424745874031974
1427362894295994376,negative,0.020491077762390227
1427362894535184384,negative,5.703566841469115e-05
1427362896032456706,negative,5.56986374285323e-06
1427362896468594703,negative,0.27355507652373184
1427362898163163144,neutral,0.46127768308170247
1427362898205155341,negative,0.04540292304899902
1427362898351960066,negative,0.0009717288410603373
1427362899673092096,negative,0.00012792402187290035
1427362900939886592,negative,0.045439897150781394
1427362901052968967,negative,0.18387029119173803
1427362902583959554,positive,0.8722189163040902
1427362903066349571,positive,0.6988202047910623
1427362903410216966,neutral,0.4838272730103035
1427362903494168578,neutral,0.4898631585877994
1427362904983146503,negative,0.00012792402187290035
1427362905478025217,positive,0.6917059519039537
1427362905494855689,negative,0.04574357571664197
1427362906186846215,negative,0.08922997017330599
1427362910741876738,negative,0.003607424711676905
1427362911924666375,negative,0.10600636607000048
1427362912113463296,negative,0.0035758019741188086
1427362913543671809,negative,0.2379576518697791
1427362913866629125,negative,0.024448487293284245
1427362914407788556,negative,0.002262241296969558
1427362916479668229,negative,0.0019879481245513317
1427362916756443140,negative,0.0471576185456733
1427362917272412165,negative,0.08171106608042436
1427362918996324358,negative,0.001087913784145143
1427362919369646086,negative,0.039496725886800955
1427362921156329476,negative,0.07174362539377149
1427362921529622532,negative,0.04574357571664197
1427362922154561537,negative,0.0005236483388878762
1427362922183991297,negative,0.013363332635601737
1427362923425435649,positive,0.735852611490254
1427362923693887497,negative,0.00010192848988653052
1427362924134223883,negative,3.264347083530257e-05
1427362924503392256,negative,0.03466502613782883
1427362927699496967,negative,0.00233412956568274
1427362928928436237,negative,2.661404971092999e-05
1427362929339420677,negative,1.4211100605187807e-05
1427362930186727426,negative,0.0036791114382249746
1427362930262102034,negative,0.042520041448306095
1427362932422230025,negative,0.00036822960599163407
1427362932854231041,negative,0.0005236483388878762
1427362933315678216,negative,0.0011837065746141144
1427362933546291203,negative,0.0863881638591527
1427362933856681994,negative,0.0033438124141822595
1427362935538536453,negative,0.0007812602793993199
1427362939712024580,negative,0.0009745520983617254
1427362941217775617,negative,0.02283429156060794
1427362941846888448,negative,0.12146426141732296
1427362942241095684,negative,0.0008779450805202075
1427362942752800776,negative,0.2712408155467774
1427362943616880642,negative,0.0003631247928995983
1427362943792996368,negative,0.0033282900778951303
1427362944183058439,neutral,0.49789225920557484
1427362944749293576,negative,0.11619088098358671
1427362946536157185,negative,0.05242075192089285
1427362946565476367,neutral,0.42112829232730054
1427362947358146560,negative,1.4892823281214073e-08
1427362948524265479,negative,0.003235676989935893
1427362948629110785,negative,0.09785989576660613
1427362949128237059,negative,0.0009528240570941547
1427362950348685317,negative,0.01363889511188506
1427362950419988486,negative,0.037424745874031974
1427362950797484046,neutral,0.3392320057922241
1427362952324255747,negative,0.013911797166000212
1427362955054751745,negative,0.0017648214075836504
1427362955138580480,negative,0.17094342026099824
1427362955880980481,negative,3.8216563660983337e-07
1427362956283678725,neutral,0.4334392617149784
1427362960666660875,negative,2.565657756830047e-05
1427362962960961538,negative,0.04944193418842664
1427362963858477072,negative,0.011613334644043164
1427362964378689542,negative,0.0010603784125402518
1427362966266130434,negative,0.0011837065746141144
1427362966303875078,positive,0.9266034090344558
1427362966899511296,negative,0.15205969755398666
1427362971882299399,negative,0.01521169672906435
1427362972586885121,negative,0.07365437437223223
1427362972775723009,negative,0.0007214196294591189
1427362973081821184,negative,0.0012333055364396025
1427362973098692609,negative,0.0011957227603254278
1427362974700916741,negative,0.2850093417421068
1427362975170637825,positive,0.7181116557746365
1427362976856690693,negative,1.1945651520428018e-06
1427362977557225480,negative,0.0013260858271439734
1427362977712263179,negative,1.0939379014055746e-05
1427362977825660934,negative,2.6076504105355865e-10
1427362978186219525,negative,0.026793349824375333
1427362979339702277,neutral,0.3837162173843233
1427362979385851906,negative,0.03322749097272749
1427362980434427905,negative,0.00333050732865362
1427362981348839427,negative,0.013353019208593548
1427362983223644173,negative,5.117278090683512e-05
1427362983257194496,negative,0.18739543126695674
1427362983496323072,neutral,0.3579429144717791
1427362984557428736,negative,0.00029082168054182133
1427362985765482503,negative,0.010810597597439166
1427362988369989646,negative,8.255545614274963e-05
1427362990337183746,negative,0.07302412072975543
1427362992342110219,negative,0.052931023719575
1427362995168956424,negative,0.032826599128710325
1427362996561584131,positive,0.9633894245446962
1427362998650380291,negative,1.0836151309875243e-06
1427362998964916228,negative,0.013565813505903869
1427362999338143746,negative,2.1552632539291764e-06
1427362999401160710,negative,0.1467506705469871
1427363002299338757,negative,0.00048816727672073456
1427363002299392002,negative,0.11619088098358671
1427363003314364417,negative,0.12944280751431483
1427363004924977157,neutral,0.4334392617149784
1427363005755428864,negative,0.00016209154104693333
1427363005965094912,negative,6.563278497266957e-06
1427363007068196876,negative,0.014457259073642112
1427363008611749891,neutral,0.3837162173843233
1427363011245875203,negative,0.00036615308798946405
1427363012323811336,negative,0.000248359495041441
1427363012952875008,negative,0.016912554808186514
1427363013732945920,positive,0.884218856716985
1427363013762457601,negative,0.29442032093014836
1427363015419219980,negative,0.004210796312055414
1427363016413261833,negative,0.16352019608485005
1427363017470222337,positive,0.6916134320036134
1427363017814065155,neutral,0.6514869351648446
1427363017931444252,negative,8.255545614274963e-05
1427363018095173632,negative,0.002309324497351366
1427363018871029761,negative,8.723197468251462e-06
1427363019240189957,negative,0.21869627399406738
1427363019579854849,negative,0.01521169672906435
1427363019613425665,negative,0.0036086012863639164
1427363020179640323,neutral,0.3499352441185855
1427363020632690692,negative,0.075302756045155
1427363021106655234,negative,0.12232039250972135
1427363022247538689,neutral,0.5442060184796753
1427363022469845000,negative,0.08552439695251261
1427363023040221184,positive,0.6785976055735782
1427363023757381635,negative,0.0013054429303119724
1427363024806072323,negative,0.0036791114382249746
1427363025963692032,negative,0.1158153789556089
1427363026785669122,negative,0.01939165374723412
1427363027293192193,negative,2.661404971092999e-05
1427363028811517955,positive,0.6789216652729287
1427363029889466383,negative,7.720476614492758e-05
1427363029923028999,negative,0.00018132511811772673
1427363030791229446,positive,0.9443680840243657
1427363030879322120,negative,0.02644142183654108
1427363031630204928,negative,8.255545614274963e-05
1427363031680442379,negative,0.0023680007177740063
1427363034066980868,negative,4.4841741722626906e-07
1427363034809372672,negative,0.00012049449239936324
1427363035996434434,negative,3.3933231979990975e-07
1427363036105527296,negative,0.00012792402187290035
1427363037384687617,negative,0.06692082588542778
1427363037653180420,positive,0.7904461476872956
1427363038865264651,positive,0.6917059519039537
1427363039116935175,negative,0.14266398944929726
1427363039242772492,positive,0.6789216652729287
1427363040639475714,negative,0.11254980186538864
1427363041918787584,negative,0.0005518006955430022
1427363042040369162,positive,0.6789216652729287
1427363042619232256,negative,0.006680905583044323
1427363044502478860,negative,3.108208010872531e-05
1427363045056069632,positive,0.9266034090344558
1427363046616354818,neutral,0.49789225920557484
1427363046750658561,negative,3.262099447585443e-06
1427363047568515076,positive,0.6789216652729287
1427363048256331777,negative,3.108208010872531e-05
1427363049338507273,negative,0.0644461396545525
1427363050001215495,negative,0.11176772762326523
1427363051146301446,negative,0.006496586353822794
1427363052136108034,negative,3.90990162520088e-05
1427363052408774668,negative,0.32643896277848355
1427363053365075968,negative,0.03859301516756373
1427363054229020672,neutral,0.6167616748233712
1427363055135076358,negative,0.05217269890806904
1427363055919316992,negative,0.0036791114382249746
1427363056464515081,negative,0.05217269890806904
1427363057026670593,negative,2.6159040041223488e-08
1427363060071731200,negative,0.01137574365954666
1427363060222672911,negative,0.21869627399406738
1427363061422305292,positive,0.7872418484315731
1427363062437367819,negative,0.2911983991033176
1427363062961610758,positive,0.8195052976358304
1427363063100059650,negative,0.00016717006641948776
1427363063272034305,negative,0.02417912976606369
1427363063423021067,negative,0.011952400548947476
1427363063989157890,positive,0.9932227030135394
1427363064983195653,negative,0.06692082588542778
1427363066535190534,negative,1.272450677069667e-07
1427363066707054596,negative,0.0002829609325331251
1427363067134889987,negative,0.2559359267141252
1427363068690960389,negative,3.586790635976402e-05
1427363068745592842,negative,0.0011349455538730352
1427363073552228360,negative,0.01521169672906435
1427363075343138822,negative,0.0006080865043248299
1427363075779407879,negative,0.2732655221686684
1427363078044274689,negative,0.18739543126695674
1427363078895771659,negative,0.06699320480288785
1427363080837677059,negative,0.24039657769468067
1427363081710182400,negative,0.011002318036216367
1427363081840205826,negative,0.04047490180510253
1427363082142105605,negative,0.002463209023216259
1427363082838462465,positive,0.8008815015805597
1427363085333979139,neutral,0.48933996825183923
1427363086302945281,neutral,0.38631634342704557
1427363086617518080,negative,5.920969486617205e-10
1427363087636697097,positive,0.9559917075151311
1427363088471367680,negative,0.000248359495041441
1427363090706927627,negative,0.14332351321449271
1427363091013152772,negative,0.2379576518697791
1427363091126308865,negative,0.029748760023119377
1427363091499659276,negative,2.1983816127269855e-08
1427363091516477451,negative,0.0022602214025520028
1427363093047390209,neutral,0.4622903534400044
1427363095014432773,positive,0.7344049639932397
1427363095639478273,negative,0.00043665134508576365
1427363096381706274,negative,8.255545614274963e-05
1427363097338159105,negative,6.980756980520892e-05
1427363098961264653,negative,0.05657353504419642
1427363100483858435,negative,0.2379576518697791
1427363101058469890,negative,0.04574357571664197
1427363102161518593,negative,4.247052272156253e-07
1427363102329384960,negative,0.0035758019741188086
1427363102333472776,negative,0.0017263970920505425
1427363102547333122,positive,0.8188005835854405
1427363103977713667,negative,7.256378814679567e-05
1427363104581619723,negative,6.855789955991302e-05
1427363105454108675,negative,0.1947911742678152
1427363105940647947,negative,3.344777545406833e-10
1427363106871730176,negative,0.0007214196294591189
1427363106909573120,negative,0.0019879481245513317
1427363107769307136,negative,3.262099447585443e-06
1427363108696182802,negative,0.02692846113789838
1427363108914438146,neutral,0.5056162179407367
1427363110273363968,negative,2.661404971092999e-05
1427363110436937731,negative,0.009511536661990339
1427363110487150602,neutral,0.37014905369375867
1427363110898241539,negative,0.01137574365954666
1427363111300964354,negative,0.015609109747442779
1427363111443574785,negative,0.00012792402187290035
1427363111544164358,negative,2.0703289658636813e-11
1427363112425041920,negative,2.9794362529745074e-05
1427363112957718530,negative,0.28491510276845433
1427363113805008899,negative,0.002089358808360091
1427363113884651532,neutral,0.4436906731017857
1427363115189116937,negative,0.011165784120959919
1427363119932772352,negative,3.108208010872531e-05
1427363121186983937,negative,0.001594229870540777
1427363123137327107,negative,0.2629295644912914
1427363123254611986,negative,0.034460725528559
1427363123384791040,positive,0.8008815015805597
1427363124999598092,negative,0.000248359495041441
1427363125108559882,negative,0.0012333055364396025
1427363126836596736,neutral,0.6167616748233712
1427363126903726084,negative,0.0003593285651030902
1427363127264415746,negative,0.004448206207540455
1427363127759409156,negative,1.2562599321939078e-09
1427363129684545547,negative,9.375815484789748e-06
1427363129806270469,negative,0.06692082588542778
1427363129814573063,negative,0.2379576518697791
1427363132251508742,positive,0.7239722963351808
1427363134457761797,negative,1.473908036547777e-06
1427363134633828352,negative,6.495874222777414e-05
1427363134839431171,positive,0.9213603773109085
1427363135191650306,negative,0.00015790833467575562
1427363136278077441,negative,0.13150820617501519
1427363136580034567,negative,0.07248054795975
1427363137813192709,negative,6.348782597694232e-05
1427363138312278018,negative,0.00036615308798946405
1427363138987597827,negative,0.11158544190186839
1427363139562217476,negative,0.0009717288410603373
1427363142053482524,positive,0.6917059519039537
1427363142556913665,negative,0.0003922083941098036
1427363142858858500,positive,0.6789216652729287
1427363144209416204,negative,0.09785989576660613
1427363144859635712,negative,4.1352263420671033e-07
1427363144876367879,negative,0.11909521549090812
1427363146231173120,negative,0.010640768674681713
1427363146331742215,negative,0.16907129642054802
1427363148311445508,negative,0.06730319138654535
1427363149280419847,negative,0.04574357571664197
1427363149536186370,negative,0.022172826501402287
1427363151297847301,neutral,0.4514940053375065
1427363151474012162,negative,0.006496586353822794
1427363152203698183,negative,0.01324105713137381
1427363152786767874,negative,8.826771390568837e-06
1427363154602840076,negative,3.6554403259514705e-05
1427363156012249092,negative,0.16352019608485005
1427363158046486533,negative,1.6161815599035022e-05
1427363158612758528,negative,0.0003969817859507834
1427363160227516423,negative,0.0002743249785723395
1427363160512733185,negative,0.259595488154903
1427363161066311689,negative,0.030462341841469374
1427363162580557830,negative,0.2712408155467774
1427363163821920269,negative,0.015609109747442779
1427363164996476931,negative,0.06386227532778259
1427363166258860033,neutral,0.43553799104827096
1427363166380494853,positive,0.6789216652729287
1427363166669852699,negative,0.1712522260356728
1427363166783148034,negative,2.661404971092999e-05
1427363167915560970,negative,0.00014010347415982543
1427363168058167322,neutral,0.4628803474493934
1427363168121245697,negative,0.016162862350965927
1427363168943280129,negative,0.056017415691729584
1427363170549735432,negative,0.019156264857237277
1427363171912794113,negative,0.00017439261938047805
1427363175922556928,negative,3.427606995419804e-05
1427363176002342919,negative,0.0019567176303135763
1427363176539115527,negative,0.2379576518697791
1427363176815874069,negative,1.8608907473458514e-07
1427363178149711874,negative,0.2379576518697791
1427363180607647746,negative,0.04574357571664197
1427363180918067209,neutral,0.49789225920557484
1427363182956498949,negative,0.000248359495041441
1427363184361476098,negative,0.012053155321372855
1427363185837977607,negative,0.07503851333569851
1427363186114797574,negative,0.24444416685019837
1427363186672644103,negative,0.0026091631076162036
1427363186974539781,negative,0.0645221903089933
1427363187813457922,negative,0.0012333055364396025
1427363188484542469,positive,0.9736899401442167
1427363188723654662,neutral,0.41987263839207445
1427363189264723970,negative,0.08702630667338786
1427363189751156741,negative,4.250438011394939e-06
1427363191697313793,positive,0.8008815015805597
1427363192066527233,negative,0.00012049449239936324
1427363192167096328,negative,5.684323495032586e-08
1427363192322379789,negative,0.0033282900778951303
1427363193282830340,positive,0.9628838102869247
1427363195912704025,negative,0.023090052185989494
1427363198341165070,neutral,0.4514940053375065
1427363200044048393,negative,0.0001362906867772144
1427363200979374089,negative,0.0011837065746141144
1427363201516253189,negative,1.0573599859227306e-06
1427363201704939531,negative,0.019415696672919414
1427363202824822785,negative,0.1550815349476316
1427363205270032405,negative,0.008110443685212743
1427363209464385543,positive,0.6725606380932853
1427363209539833869,neutral,0.49789225920557484
1427363209732935681,negative,0.01521169672906435
1427363211918118914,negative,0.212372174040475
1427363214392692743,negative,0.06144994217194745
1427363215491674120,negative,0.0009528240570941547
1427363216309440517,negative,0.0008496898469867818
1427363217840422914,negative,0.05217269890806904
1427363219451043840,negative,0.06541914564167924
1427363219526520843,negative,0.05217269890806904
1427363219526627334,negative,0.05619855426977201
1427363219761516546,negative,0.08364188330245353
1427363219891445764,negative,0.002463209023216259
1427363220021448714,negative,0.0005082585031979294
1427363220378030083,negative,8.826771390568837e-06
1427363220738744324,negative,0.008154761876628537
1427363222336704518,negative,0.00017439261938047805
1427363223850962946,negative,0.015609109747442779
1427363224589062147,negative,0.045439897150781394
1427363225318969348,negative,0.16847634498426758
1427363225641922567,negative,6.606446359709571e-05
1427363226342264833,negative,8.255545614274963e-05
1427363226724020226,negative,0.10964564277093683
1427363226979819526,negative,0.2663283976145725
1427363228946948098,negative,0.18387029119173803
1427363231824285701,negative,0.002799599366699917
1427363232877010944,negative,0.0009956572960896388
1427363233392902152,negative,0.2470087956324419
1427363236253519886,negative,0.018724544391780024
1427363237004288002,negative,0.0032927358426655968
1427363237465571330,negative,1.8189743798978254e-07
1427363238094807040,negative,0.00605769723861574
1427363239013322754,negative,2.445158706266119e-05
1427363239176941577,negative,0.009456709418963039
1427363239747362816,negative,0.10964564277093683
1427363240141541379,neutral,0.4518924931794885
1427363243945873409,negative,0.0015285541350712525
1427363244126220295,negative,0.00019896583474272538
1427363244537171968,negative,0.12146426141732296
1427363244960796673,neutral,0.5756348155065912
1427363245145399298,negative,0.04047490180510253
1427363245329829894,negative,0.00015790833467575562
1427363247032872962,negative,0.01939165374723412
1427363247892713473,negative,6.859026436303446e-08
1427363248106459151,negative,3.8216563660983337e-07
1427363248932798467,negative,0.2559359267141252
1427363249868115972,negative,0.00036615308798946405
1427363250556051464,neutral,0.4434395497950739
1427363250979713028,negative,0.1947911742678152
1427363251705335812,positive,0.7344049639932397
1427363253060001792,negative,0.004333842769319067
1427363253076824064,negative,2.260010821399603e-08
1427363253668155394,negative,0.18176756899628926
1427363254427340802,negative,0.2047217102450708
1427363255194898435,negative,7.342795375780165e-06
1427363256600088578,negative,7.589044796987497e-07
1427363257359159300,negative,0.0010922230480942439
1427363257787068422,positive,0.9343671310991865
1427363258084859910,negative,0.16352019608485005
1427363258177052678,negative,2.661404971092999e-05
1427363258407821320,negative,0.004269363899080365
1427363259494055942,negative,4.908764419856386e-09
1427363259645050883,negative,7.811625075623257e-05
1427363260173541377,negative,0.011724737227430823
1427363261578629131,negative,5.117278090683512e-05
1427363262522445839,negative,0.012819704279266363
1427363263432445970,negative,0.0008863367801243117
1427363266121043972,negative,0.16352019608485005
1427363266284634115,negative,0.010984616030546845
1427363267517747207,negative,0.04574357571664197
1427363268369264645,negative,0.0035758019741188086
1427363268948111368,neutral,0.4334392617149784
1427363269896024072,negative,0.000248359495041441
1427363270030151685,neutral,0.46318326475361027
1427363270118289430,negative,0.00036615308798946405
1427363270806102017,negative,0.0013056194046818092
1427363271657590785,neutral,0.5450494921012777
1427363273863680029,negative,0.10954888280717937
1427363275151331330,negative,0.0022227444188484915
1427363275759628289,negative,0.01521169672906435
1427363276283793417,negative,0.023994072491635966
1427363277315710980,negative,6.502827627597183e-07
1427363277961637889,negative,0.029110071149492756
1427363278645305344,negative,0.06556166732669855
1427363281367412741,negative,0.2588896921173227
1427363281988046856,negative,0.022656534689669383
1427363282004824084,negative,0.00012576582880460393
1427363282009018391,negative,7.994478969553129e-05
1427363282080321542,negative,0.010085436401810716
1427363282327785512,negative,0.006403444542474174
1427363282457858057,negative,0.083247763068809
1427363282755756034,negative,8.411155618488291e-05
1427363283103883268,negative,1.3700183184067937e-07
1427363286476066824,negative,0.08262538988471722
1427363286614482955,negative,0.021586693926637538
1427363286799069184,negative,0.24843147508258542
1427363287688220676,neutral,0.36828282320540345
1427363288430567434,negative,0.000248359495041441
1427363289294589957,neutral,0.47737870831843915
1427363290120921096,negative,0.012302407804934887
1427363290854961152,negative,0.16704122163370452
1427363291022643203,negative,0.012599376007311335
1427363291442057221,neutral,0.47697210391394973
1427363291731533826,negative,0.04458752522010698
1427363291920207875,negative,0.00013996062815816807
1427363291966345220,negative,0.001740746820349181
1427363292117360640,negative,0.17510481926921737
1427363292201238536,negative,0.00036822960599163407
1427363292520013829,negative,1.0542087617888514e-06
1427363292767522817,negative,0.03439601018303801
1427363294650712067,negative,5.002169202731887e-07
1427363294776643589,negative,6.723631567789744e-05
1427363295107948550,negative,0.008233289841403792
1427363296747864075,positive,0.7886315901194763
1427363296982847489,neutral,0.4599425072028158
1427363298903724040,negative,0.017699527438764462
1427363298949963776,neutral,0.3837162173843233
1427363299444801536,negative,0.0012371171712608686
1427363299813990402,negative,0.01195620744482226
1427363301189632000,negative,0.05217269890806904
1427363301328101382,negative,0.0003922083941098036
1427363302569648132,negative,0.004333842769319067
1427363303051997189,negative,0.006297176326018954
1427363303723085826,positive,0.6785976055735782
1427363304461279235,negative,5.999900924242558e-07
1427363305241387010,negative,0.000248359495041441
1427363306579406854,positive,0.8722189163040902
1427363306923233285,negative,0.029748760023119377
1427363308693241859,neutral,0.5457717472634422
1427363309276254210,negative,0.05496791560344183
1427363309376970752,neutral,0.4151581920403929
1427363310186516480,negative,0.007092371478304936
1427363310685597699,negative,0.0005474152403508848
1427363311457345540,negative,0.0027457474196805054
1427363313588097029,negative,0.30942350916132183
1427363313864880133,negative,8.255545614274963e-05
1427363314686996487,negative,0.00036615308798946405
1427363314812739586,negative,0.05217269890806904
1427363315110465553,negative,3.7896868481981776e-05
1427363317492899843,negative,0.0035758019741188086
1427363319812444169,negative,2.4755745464402948e-06
1427363320462512130,negative,0.001720189609022609
1427363321817313285,negative,0.14604431999399559
1427363322110922757,negative,7.824763765357777e-06
1427363324304429064,negative,0.1739466423725511
1427363324669345799,negative,0.00529357686879347
1427363324946178057,negative,0.13150820617501519
1427363325785034765,negative,0.18387029119173803
1427363326674231303,negative,0.10681578718907754
1427363327064293383,negative,0.004210796312055414
1427363327425011714,negative,0.15126300411007393
1427363327521460224,neutral,0.39976497782163184
1427363328008101890,neutral,0.3332856921008272
1427363328330981384,negative,0.0008139399664737765
1427363329560006669,negative,0.0035758019741188086
1427363329606029319,neutral,0.4334392617149784
1427363331292241925,neutral,0.48933996825183923
1427363331564843012,negative,0.0028521593806129526
1427363331908816896,negative,0.2559359267141252
1427363332793765891,negative,0.09385062573994597
1427363332831449103,negative,0.19028355602608238
1427363333515120641,negative,0.051097251710634305
1427363334035234820,neutral,0.46127768308170247
1427363334379253777,negative,0.2379576518697791
1427363337386565633,negative,0.00029543562537176656
1427363338628042757,positive,0.6696354746626433
1427363339693436940,negative,0.02792673771566259
1427363340297375757,negative,0.00034804824795846176
1427363340951642123,positive,0.8885630988779808
1427363342214221827,negative,1.1392771044661311e-07
1427363342486736896,neutral,0.34808215888484173
1427363344588034067,negative,3.7735637594227026e-05
1427363347603857423,negative,0.0019099887746773165
1427363348035866626,negative,0.00036615308798946405
1427363348937650182,neutral,0.39976497782163184
1427363349172559884,negative,0.005262184393086062
1427363350611054603,negative,0.0015438847738929835
1427363352351846405,negative,0.24039657769468067
1427363352553078788,negative,0.259595488154903
1427363353207447552,negative,0.0315237320924784
1427363354407014410,negative,0.1626163168902435
1427363355078049792,neutral,0.47612671887096547
1427363355375939587,negative,8.134785034519516e-05
1427363355778560011,negative,1.383408499346587e-06
1427363356055375872,negative,3.8216563660983337e-07
1427363356067913736,negative,7.570084112426171e-07
1427363356814499842,negative,0.2122286684582283
1427363357078790155,positive,0.7402474509938977
1427363360643944448,negative,0.11154443292387338
1427363362740981777,negative,0.0009717288410603373
1427363364817285128,negative,0.11101195090737852
1427363366515978251,negative,0.0011837065746141144
1427363366893494275,negative,0.15970269743163534
1427363367006654468,negative,0.0017268305760064972
1427363370190127106,neutral,0.37899840162270665
1427363370815066125,negative,2.260010821399603e-08
1427363372098588676,negative,8.255545614274963e-05
1427363372832546820,negative,0.07876350928358715
1427363373667262464,negative,0.009543888325088686
1427363373671407621,negative,0.0026514926545798045
1427363375911251969,negative,0.002012389636067741
1427363375936327683,negative,0.04077141778927273
1427363376389365764,negative,0.05612305305087276
1427363377639264257,negative,0.00036615308798946405
1427363378171875338,negative,0.003232505998643636
1427363378515914753,negative,1.4211100605187807e-05
1427363379400880143,positive,0.9343671310991865
1427363380256444423,negative,0.000248359495041441
1427363380298403849,negative,0.00016209154104693333
1427363380428513280,negative,0.012927045136692784
1427363380650725376,negative,0.002714081028684256
1427363381158170673,negative,0.012907906103717658
1427363382986887172,negative,0.0005474152403508848
1427363383557476354,negative,0.13068678921591073
1427363384241102861,negative,2.5445039565358217e-05
1427363386917105665,neutral,0.4898631585877994
1427363387902681092,neutral,0.3837162173843233
1427363388120829958,negative,8.255545614274963e-05
1427363388930379781,negative,0.05217269890806904
1427363389710508034,negative,2.0365382684665113e-07
1427363389844738048,negative,0.001578657248540375
1427363390637420547,negative,9.994936986448899e-05
1427363390645809163,negative,0.00022256160404509446
1427363390658383875,negative,0.1947911742678152
1427363390779973633,negative,0.07526027039802817
1427363392055021575,neutral,0.49789225920557484
1427363393363644420,negative,0.2812124665127172
1427363393770442759,negative,0.05217269890806904
1427363394420723715,negative,0.00012792402187290035
1427363395649613825,negative,0.0002743249785723395
1427363396962459658,negative,1.0040572772114269e-05
1427363397239250945,negative,0.000248359495041441
1427363398669508618,negative,0.00036615308798946405
1427363399772655618,negative,1.4922034878547097e-06
1427363399936139276,negative,0.000248359495041441
1427363400095502342,positive,0.9343671310991865
1427363400686899202,negative,0.00012962251983347368
1427363401026658311,negative,0.004689263923350539
1427363401420914693,neutral,0.4595264353425888
1427363402771488772,negative,0.00291543799616947
1427363402792460294,negative,0.004036267720277567
1427363404239540226,negative,0.00033365626688276696
1427363407645249538,negative,0.2812124665127172
1427363408307900428,negative,0.004210796312055414
1427363409209741315,neutral,0.4485480377875514
1427363409704726530,negative,0.029284017426291113
1427363410392588292,negative,0.09297868303248435
1427363410409246723,negative,0.2197383274767015
1427363412275867659,positive,0.9106539011786966
1427363415044022279,negative,6.751295485569001e-13
1427363415329316882,negative,0.010612337458253572
1427363417556402178,negative,0.003607424711676905
1427363417774567428,negative,0.02168143012423108
1427363418751836166,negative,0.06421543209135709
1427363419880140801,negative,0.014392689159340154
1427363420354002952,negative,4.9963839440454135e-05
1427363422153453577,negative,0.21348388655669823
1427363422237184004,negative,0.0003899064319375593
1427363423856254976,negative,0.005151951050023675
1427363424321867782,neutral,0.43700193594599357
1427363424422535170,negative,0.00017439261938047805
1427363425487835139,negative,0.0002829609325331251
1427363425622110210,negative,3.586790635976402e-05
1427363426121224192,negative,0.05267783299665956
1427363426179993604,negative,0.3003189391011924
1427363428084092935,negative,0.06692082588542778
1427363428340047877,negative,5.910825483344828e-05
1427363429958959105,negative,0.1084703447209691
1427363431666130948,positive,0.9361329931363962
1427363433859670021,negative,3.6509060740798945e-06
1427363434153316359,negative,0.009895410728833577
1427363435055091715,negative,0.007014995750800186
1427363435365355526,negative,0.18882609647451729
1427363435369668609,negative,0.014392689159340154
1427363436221054982,negative,2.260010821399603e-08
1427363436812439559,negative,0.06578333652938091
1427363437512962057,negative,0.029110071149492756
1427363439249395713,negative,0.0022227444188484915
1427363440394395651,negative,0.16352019608485005
1427363441015201799,negative,0.29400960101329887
1427363441455648771,negative,3.136543930502692e-05
1427363445129814020,negative,0.00029082168054182133
1427363445645594627,negative,0.0308425969161332
1427363446585237504,negative,3.8216563660983337e-07
1427363446782406666,neutral,0.37142605093897746
1427363446979444747,negative,0.0003368424154803588
1427363447780544515,negative,0.0007591224359239046
1427363448304853004,negative,0.001043289317469311
1427363449101824006,negative,0.10165935823817479
1427363449168859141,negative,0.00012792402187290035
1427363449366061060,negative,0.24113866016461852
1427363449449893891,positive,0.6692495883397643
1427363452058755081,negative,0.07558785432498015
1427363453178679298,negative,0.07073278141718589
1427363453614837765,negative,0.10964564277093683
1427363455078748167,negative,0.00036615308798946405
1427363456093757442,negative,3.7735637594227026e-05
1427363457280663558,negative,0.003043294507191267
1427363458702626823,negative,0.004068231761923043
1427363458740367364,negative,0.00896456103400881
1427363460627800064,negative,0.022640448432426595
1427363460757827585,negative,0.04574357571664197
1427363461743452170,negative,0.06604228111972148
1427363461793820673,negative,0.003235676989935893
1427363462062256139,negative,2.0620545752544808e-07
1427363463047913472,negative,0.031009114556105714
1427363463190487040,negative,0.001427460834854802
1427363463211503625,negative,0.0005045481996674803
1427363464587141124,negative,0.004229101000034595
1427363464675213315,negative,0.1768911634163791
1427363466181021696,negative,5.135081534489722e-05
1427363466873085952,negative,3.8216563660983337e-07
1427363466973696002,negative,0.11319533146777858
1427363467539927043,negative,0.0005474152403508848
1427363467766476805,negative,1.5325096465419264e-06
1427363469188288515,negative,0.00014499244329514016
1427363470635372554,negative,0.1103570572169673
1427363470828310528,negative,0.23479051043063884
1427363471100989443,negative,0.04574357571664197
1427363471595909129,negative,0.19100887337343067
1427363471696572417,negative,0.000248359495041441
1427363471801438213,positive,0.6789216652729287
1427363472493457408,negative,0.16352019608485005
1427363473160380421,negative,0.0075938664905005615
1427363473755881475,negative,0.03246665174879592
1427363476394156032,negative,0.06556166732669855
1427363476503154688,negative,1.4922034878547097e-06
1427363476696027166,negative,0.00012792402187290035
1427363477002366984,negative,2.988351519143662e-06
1427363477174226958,negative,0.0009528240570941547
1427363477249740811,neutral,0.39259052187453375
1427363477635600388,negative,2.556293418997174e-07
1427363477799280649,negative,5.43956629599445e-06
1427363479661555720,negative,0.11543859966310979
1427363480403853316,neutral,0.46127768308170247
1427363481007923210,negative,0.00038736688041111694
1427363481175613447,negative,0.011165784120959919
1427363481964195843,negative,0.09488824926404411
1427363482400280598,positive,0.6789216652729287
1427363483058851841,negative,0.00036615308798946405
1427363483528548367,negative,0.0011837065746141144
1427363483574849538,negative,4.657087762535857e-09
1427363486032666631,negative,0.17391829589681007
1427363486083031047,positive,0.9002708070030431
1427363486141763588,negative,0.0012260628917154467
1427363486452039685,negative,0.01521169672906435
1427363488297537548,negative,0.12854414724152105
1427363488612114439,negative,0.11219885805149757
1427363491174834189,negative,0.012733965306920133
1427363494878453764,negative,0.2559359267141252
1427363495994081281,negative,3.8216563660983337e-07
1427363496002560003,negative,0.0003922083941098036
1427363497466384385,negative,4.442526816972574e-07
1427363497688670214,negative,0.04574357571664197
1427363499857129473,negative,1.6069174008776074e-07
1427363500196761603,negative,0.16847634498426758
1427363502377873411,negative,0.08855282232983092
1427363504902885376,negative,0.18792187048491685
1427363506039492617,negative,2.3664803109871975e-06
1427363506400153601,negative,0.00017569020463284996
1427363509046808576,positive,0.6789216652729287
1427363510808465422,negative,9.354579051313297e-15
1427363510942670849,negative,2.661404971092999e-05
1427363514637819906,positive,0.7344049639932397
1427363514683990021,negative,0.1639450951235744
1427363514994282505,neutral,0.3303750339523824
1427363515631874056,negative,1.963517547520681e-06
1427363515732566017,negative,6.977509936181183e-05
1427363516390969348,negative,0.2687698396114009
1427363517150138370,positive,0.9999927724192328
1427363518144208901,negative,0.0003031508449320752
1427363520388210693,positive,0.9831346543564844
1427363522992816128,positive,0.8382900414918727
1427363523563343879,negative,0.30942350916132183
1427363524372795396,negative,0.00036615308798946405
1427363524578353158,negative,1.3437941089161532e-09
1427363526151180293,negative,0.04195238027147156
1427363526503538691,negative,0.0020571861647413294
1427363529162575897,negative,0.11176772762326523
1427363529255002117,neutral,0.3629844763806854
1427363529405960195,negative,0.01990690802779502
1427363529431080962,negative,0.06692082588542778
1427363531104538643,negative,2.4861891600285526e-08
1427363531205251073,negative,0.016467579313151712
1427363532270620682,negative,0.0016282007344049435
1427363533134704640,negative,0.004558746749310946
1427363533654675471,negative,0.0026557468207570826
1427363533709201422,negative,0.1306128672167334
1427363536473366532,negative,4.411583485850264e-07
1427363536842510346,neutral,0.4087132931625022
1427363538197221386,negative,0.2812124665127172
1427363539015159815,negative,0.10964564277093683
1427363539224866819,negative,0.002694073122691579
1427363540684484608,positive,0.9343671310991865
1427363543238725632,negative,0.12938101337741786
1427363545461690369,negative,0.00018981024417172505
1427363545767886849,negative,0.0012611789042549914
1427363545986052096,negative,0.2470465007134332
1427363546304761858,neutral,0.49789225920557484
1427363547131039746,negative,0.0009717288410603373
1427363547152007172,negative,0.010190968305187228
1427363547797991439,negative,0.045089208811364016
1427363548297142273,negative,1.219829080594439e-07
1427363548343246852,positive,0.6917059519039537
1427363552684281863,negative,0.045439897150781394
1427363553011507202,negative,0.0011837065746141144
1427363553800032261,negative,1.4922034878547097e-06
1427363555012141063,negative,0.04907476437954909
1427363555544817664,negative,0.004601112890697783
1427363557188964362,negative,0.004210796312055414
1427363562066890764,negative,0.0004158382961812048
1427363563212005379,negative,0.004558746749310946
1427363564071837704,neutral,0.49789225920557484
1427363565313445890,negative,0.11154443292387338
1427363567024607237,negative,0.02283429156060794
1427363567435718662,negative,0.01521169672906435
1427363568949809158,neutral,0.5131820754222006
1427363569218228229,negative,3.0356188525265636e-09
1427363570178797571,negative,0.0637307194016971
1427363571491614725,neutral,0.5442060184796753
1427363571676205059,negative,0.01521169672906435
1427363571697082372,neutral,0.4975963180815395
1427363573014138880,negative,8.748054295196268e-07
1427363575325155337,negative,0.025272367040003556
1427363576201760774,negative,0.0011991338607309219
1427363576252076039,negative,0.16574197773120727
1427363576533200913,negative,0.035644111838495585
1427363578282070023,negative,0.00010192848988653052
1427363579452444686,negative,0.02794429760770145
1427363580274515976,negative,8.826771390568837e-06
1427363580425420801,negative,0.003235676989935893
1427363580618452993,negative,0.00036615308798946405
1427363582648459265,negative,0.06513598552834562
1427363583202111488,positive,0.7886315901194763
1427363583508324355,negative,0.006297176326018954
1427363583810224136,negative,1.6540350159275687e-05
1427363584003166212,negative,2.707421412180862e-08
1427363584787558407,negative,0.027277257338113432
1427363584791695369,negative,0.047854850235102865
1427363585081188363,positive,0.9343671310991865
1427363585420894213,negative,0.27559764237793355
1427363586360463361,negative,1.2709728294447794e-09
1427363590214983688,negative,0.16352019608485005
1427363591515099148,negative,0.01939165374723412
1427363592328855552,negative,0.10964564277093683
1427363596128894979,negative,1.7581403213183918e-05
1427363596418404353,negative,0.013565813505903869
1427363596560896005,negative,0.00015504198306419582
1427363596883931136,negative,0.3238521130084229
1427363596951072780,neutral,0.3944758872442795
1427363598100275200,positive,0.8480284973608129
1427363599631192067,negative,0.000248359495041441
1427363600813993985,negative,0.00013012326338287863
1427363602353180699,negative,7.126148696155842e-07
1427363602906992641,negative,1.66175737438537e-06
1427363602927964164,negative,0.16352019608485005
1427363603045396480,positive,0.993537362208828
1427363603133444101,negative,0.00010645658126225443
1427363604588896260,negative,3.9470231029892774e-05
1427363604685328405,negative,0.1830838179644314
1427363604697960450,negative,1.4211100605187807e-05
1427363606870601734,neutral,0.6097545770679442
1427363607331885065,negative,0.024317706715218147
1427363607692648453,negative,0.04944193418842664
1427363608632102912,negative,0.01939165374723412
1427363609731084292,negative,0.0007812602793993199
1427363610624503813,negative,0.00017439261938047805
1427363610762825731,negative,4.5744567725385496e-05
1427363611488374796,negative,0.04272110136838876
1427363612918751233,negative,2.556293418997174e-07
1427363613283586049,negative,0.021499535592082106
1427363614843936772,negative,0.00012792402187290035
1427363616332845067,negative,0.1920752925937742
1427363616509112324,negative,1.1389682040254981e-05
1427363616521695236,positive,0.9343671310991865
1427363617733763077,negative,0.030653444041686573
1427363619721842695,negative,0.0009661168826114391
1427363620028043268,negative,0.2080069320105487
1427363622116892673,negative,3.044679505322381e-07
1427363624507617283,negative,0.0005630246338157925
1427363625195425794,negative,0.2712408155467774
1427363625606463493,negative,0.0003275188419227741
1427363625942065152,negative,0.04574357571664197
1427363627439435781,negative,0.32439987789677355
1427363627632316416,neutral,0.34315133172697343
1427363628001513482,positive,0.9343671310991865
1427363628358029312,negative,0.0008287618243459576
1427363629855383560,negative,0.00029082168054182133
1427363632174833673,negative,0.05242075192089285
1427363632552292353,positive,0.95434777300376
1427363634569691141,negative,1.2347766958904574e-06
1427363634796273664,neutral,0.49789225920557484
1427363636696190980,negative,0.00017569020463284996
1427363637354708995,negative,5.5609498475188615e-06
1427363637837107206,negative,8.826771390568837e-06
1427363638747308035,negative,3.216193650262838e-08
1427363638927560706,negative,0.19100887337343067
1427363640752152577,negative,0.051097251710634305
1427363641792385032,negative,0.051892438851936805
1427363643574919172,negative,0.01642242145920978
1427363643587534849,negative,0.030462341841469374
1427363643918802944,negative,0.0022802277763734275
1427363644141187073,negative,2.260010821399603e-08
1427363645550469125,neutral,0.44117429179085027
1427363646259306503,negative,2.2131317840665397e-06
1427363646557020166,negative,0.09488824926404411
1427363648473899008,negative,7.6401908865407e-06
1427363649249816580,positive,0.8229004510260897
1427363650105487363,negative,0.00012792402187290035
1427363650516488199,negative,2.260010821399603e-08
1427363651061784586,negative,6.067143909592379e-06
1427363651284054022,negative,3.7849820937719776e-08
1427363651523067908,negative,1.4755979980955518e-08
1427363652429094927,negative,0.000248359495041441
1427363654907858948,negative,0.16352019608485005
1427363655557988356,negative,0.15882158782075223
1427363657973960709,negative,0.00010192848988653052
1427363659752300544,negative,0.0002787069658280571
1427363659764813849,negative,0.259595488154903
1427363662759702529,negative,0.13887996717636847
1427363663455965187,negative,0.00818013506683592
1427363663539851271,negative,0.0026514926545798045
1427363663749451789,negative,0.00036615308798946405
1427363665737568262,negative,0.051097251710634305
1427363667163635723,negative,0.11495820400333015
1427363668338135045,negative,3.586790635976402e-05
1427363668417712130,negative,1.5084336640371875e-06
1427363670154219520,negative,0.010246089831815493
1427363671064424450,neutral,0.382951434315947
1427363671232192515,negative,0.004092421089941119
1427363673509613587,negative,0.13068678921591073
1427363674503761921,positive,0.9266034090344558
1427363675103539202,negative,0.014392689159340154
1427363675615244292,negative,0.13290675446882327
1427363676026245132,negative,0.2828136932208214
1427363677175431181,negative,0.0061198135454139675
1427363677322231809,negative,0.10954888280717937
1427363678135984138,negative,4.0709033522833414e-08
1427363678219902976,negative,0.00012792402187290035
1427363678727376897,negative,0.013510826879852035
1427363678882566153,negative,0.0026514926545798045
1427363678962143261,negative,0.00016209154104693333
1427363678966403092,negative,0.241578289881779
1427363680073752586,negative,0.024448487293284245
1427363681113944069,negative,0.023214452159475898
1427363681638178820,negative,0.013900602765253893
1427363682384809984,negative,0.00017569020463284996
1427363685601841155,negative,0.0068272429795539985
1427363685652181006,negative,1.786561173909547e-05
1427363685652209668,negative,0.0007697610956815258
1427363686377672719,negative,9.008760909584246e-06
1427363686805614597,negative,0.16352019608485005
1427363687426310145,negative,0.18387029119173803
1427363687615115266,negative,0.000248359495041441
1427363687757664256,negative,0.001720189609022609
1427363689796186117,negative,0.18530902850192799
1427363691213770758,negative,0.07302412072975543
1427363691431964675,positive,0.6789216652729287
1427363692493123586,negative,1.3827673972192881e-05
1427363692878909441,negative,0.005325427739699712
1427363692895682570,negative,0.003646684562946405
1427363693533204483,negative,0.00017439261938047805
1427363693533310977,negative,4.8020647805084653e-08
1427363695324192770,negative,5.276481779587336e-07
1427363695534002177,negative,0.23479051043063884
1427363695781416961,negative,0.24979158726032938
1427363695965970440,neutral,0.462168390591778
1427363696460935171,negative,0.13253024524492177
1427363697316569090,neutral,0.5131820754222006
1427363698415325210,negative,0.019552247641256685
1427363698755125255,negative,0.07298874214089338
1427363699501719560,negative,0.2379576518697791
1427363699921231877,negative,0.0019314100419650228
1427363700281913347,negative,0.004471387199350931
1427363701066240009,negative,0.004210796312055414
1427363701368238088,negative,0.002265575341792007
1427363701754155011,neutral,0.6167616748233712
1427363702077071361,negative,0.00048816727672073456
1427363702861451266,negative,0.011165784120959919
1427363703272443906,negative,0.0016282007344049435
1427363704077697024,negative,0.004693126352701164
1427363704140673029,negative,0.1272745520737219
1427363704442703874,negative,0.011724737227430823
1427363705164075021,negative,0.08504293015938491
1427363705763897354,negative,0.015609109747442779
1427363706271322114,negative,0.00013359244834073742
1427363708414545948,negative,3.507305161239371e-05
1427363709396131844,negative,0.0037353794660489425
1427363710910320645,negative,0.10545286981511183
1427363715612041227,negative,4.442526816972574e-07
1427363718539714565,negative,0.17331561181735397
1427363719097561091,negative,0.24617847132345658
1427363720213241857,negative,0.07544074262340159
1427363720322240517,negative,0.0003974166944771895
1427363721274445827,negative,4.5524252769612185e-06
1427363721295372288,negative,3.8216563660983337e-07
1427363722092322820,negative,2.010992244622436e-05
1427363722625003520,negative,2.4331881270225616e-15
1427363723304488963,negative,9.1173711088941e-06
1427363723824574465,negative,0.011724737227430823
1427363724038447105,positive,0.8008815015805597
1427363724139061249,negative,0.0992819704947098
1427363724780843009,negative,0.29124038651416956
1427363725267410947,positive,0.6917059519039537
1427363725581893633,negative,0.04534917774471991
1427363726706057218,negative,1.75382373310294e-05
1427363729734311943,neutral,0.33435600296241114
1427363730891870208,negative,8.153693392527467e-06
1427363731948855298,negative,0.0012333055364396025
1427363733676994568,negative,0.04574357571664197
1427363735975378952,negative,0.001184446554371271
1427363736692592645,negative,0.0009528240570941547
1427363736818528259,negative,0.00017569020463284996
1427363737347010560,negative,0.00017569020463284996
1427363737825161220,negative,0.05217269890806904
1427363738395594754,negative,0.06968860038722913
1427363738622078981,negative,0.02069808638362534
1427363740056530951,negative,0.0034309491836811493
1427363740454957063,negative,0.0026514926545798045
1427363740698222599,negative,0.0005474152403508848
1427363742631743489,negative,0.12075375403477624
1427363743462268934,negative,0.0011862688208610886
1427363743726546946,negative,0.011176170622398738
1427363744825360385,neutral,0.4461733275406525
1427363745467191298,negative,0.0005236483388878762
1427363746515759108,negative,4.2027607115288257e-11
1427363746578567175,negative,0.12146426141732296
1427363750215049218,negative,0.12092104642024103
1427363750437343233,negative,0.004302956854325241
1427363751024529416,neutral,0.404413909142224
1427363751787958274,negative,0.0016282007344049435
1427363753843113985,negative,0.006680905583044323
1427363754099068931,negative,0.01521169672906435
1427363754656817169,negative,8.72337396996526e-10
1427363755134898196,negative,0.0030456921771092197
1427363755197964288,negative,0.03799265471816155
1427363756200251395,negative,0.01313003967541103
1427363757102149642,positive,0.9343671310991865
1427363757408210946,negative,0.2379576518697791
1427363758511427593,neutral,0.3419384428643814
1427363759115354116,negative,0.00032018505819935816
1427363760734445570,negative,0.020093233295141056
1427363761673887751,negative,1.4922034878547097e-06
1427363762047111181,neutral,0.3768991149101232
1427363763469041664,positive,0.9996165942902581
1427363764224073728,negative,3.7735637594227026e-05
1427363764962267136,negative,3.8216563660983337e-07
1427363765364920320,negative,8.255545614274963e-05
1427363765603999748,negative,0.02200292530083755
1427363766426013698,neutral,0.49789225920557484
1427363766455447556,neutral,0.6017983379598806
1427363767692713984,negative,0.000248359495041441
1427363767898316810,negative,0.03820669199246827
1427363769215295494,negative,0.0013017523667813741
1427363771325067265,negative,0.067816071905177
1427363771719299076,positive,0.9266034090344558
1427363772029706254,negative,0.23893782544806902
1427363772298141711,negative,0.0005082585031979294
1427363772352565260,negative,0.04534917774471991
1427363774273622025,neutral,0.3353500257179539
1427363774768590850,negative,0.07174362539377149
1427363776358137861,negative,0.0024531805632342714
1427363776584691724,positive,0.9343671310991865
1427363777029320706,negative,0.19100887337343067
1427363779973730312,negative,1.1896342702098335e-05
1427363781127118857,negative,0.001082095777095713
1427363782771286017,negative,0.04001853791880789
1427363783027142656,negative,0.0011618013271788561
1427363783266217985,negative,0.002463209023216259
1427363784616783881,negative,0.2853260453931978
1427363784985825282,neutral,0.4111231205569477
1427363785577226244,negative,0.11101195090737852
1427363786227335174,negative,1.755247167698575e-06
1427363786458075137,negative,1.8772997106621502e-05
1427363788949446656,negative,0.028640936980283853
1427363789457006593,negative,0.0004203115406920665
1427363790140674059,negative,0.010334961264379263
1427363790635601923,positive,0.9398955907008776
1427363794053906438,negative,4.5172342051869445e-11
1427363795236790273,negative,0.0001126871534303802
1427363795656187905,negative,0.25695265593491035
1427363796683735043,negative,8.128447860253543e-05
1427363803562401797,negative,0.006496586353822794
1427363803864485894,negative,0.14619356107896078
1427363803906326532,negative,0.05818226210626132
1427363804183207944,negative,0.01324105713137381
1427363804841746437,neutral,0.5131820754222006
1427363804988456961,negative,0.04574357571664197
1427363808226463748,negative,0.01521169672906435
1427363809036013568,neutral,0.6217260053131818
1427363809929408526,positive,0.9993011012373911
1427363811275726856,negative,0.0644461396545525
1427363811539963907,negative,0.2812124665127172
1427363811951001605,negative,0.2850093417421068
1427363813498699779,negative,0.16798453771854743
1427363814438326277,negative,0.007350004587674079
1427363814895497226,negative,0.000248359495041441
1427363815851757568,negative,3.349082354514943e-06
1427363816036241420,negative,0.019368384788135375
1427363817244307456,negative,0.11109858797805389
1427363818028605444,negative,0.07942936498851065
1427363818632589313,positive,0.9343671310991865
1427363819324526632,negative,0.1305852050023551
1427363819383365639,negative,1.8245102740595703e-09
1427363819421065218,positive,0.9266034090344558
1427363820276797448,negative,5.3155639518803584e-05
1427363821375606791,negative,2.2182963038493937e-05
1427363821405024257,negative,0.2379576518697791
1427363822323453959,negative,2.042529842495027e-05
1427363822914920450,neutral,0.37142605093897746
1427363823422513156,negative,3.262099447585443e-06
1427363823800000525,negative,0.014335261269308881
1427363824340983812,negative,0.00017569020463284996
1427363824856932352,negative,0.03513618781887561
1427363825884479501,negative,2.473313007746989e-05
1427363828174557186,negative,0.3077845861309015
1427363829101514753,negative,0.008815799309340452
1427363830779289600,negative,0.0004027998775979859
1427363832004071434,negative,2.260010821399603e-08
1427363832964554752,negative,0.00017569020463284996
1427363833115549703,positive,0.9816745021535523
1427363833430134787,negative,0.16352019608485005
1427363836374441984,negative,0.00012049449239936324
1427363837167165448,negative,0.023068095081166817
1427363837750173699,negative,0.00017569020463284996
1427363837750267914,negative,0.12167995302508137
1427363839297863683,negative,0.16261980690426112
1427363839759298561,negative,0.09676040637215015
1427363840736612357,negative,0.03564760732320056
1427363840841371655,positive,0.8008815015805597
1427363841000804355,negative,5.276481779587336e-07
1427363841864716311,negative,1.0425250483290196e-05
1427363842607173633,negative,0.014392689159340154
1427363845450907654,negative,0.004033976081639782
1427363845627072512,negative,0.16352019608485005
1427363847392878594,negative,0.02644142183654108
1427363847514566657,negative,0.05217269890806904
1427363847686533128,negative,0.012452625447964731
1427363848068210691,negative,0.02168143012423108
1427363848391176197,neutral,0.5131820754222006
1427363848890224655,negative,0.048725404574679505
1427363849540358148,neutral,0.41956321267742214
1427363850576347143,negative,1.4478520338377396e-05
1427363850962276356,negative,0.0005474152403508848
1427363851486519299,negative,4.688660859710895e-08
1427363851952173067,negative,0.2712408155467774
1427363852191154185,negative,0.003607424711676905
1427363853818548233,negative,0.000253073942838896
1427363855525634054,negative,1.1896342702098335e-05
1427363858394619906,negative,0.009816406270193081
1427363859136978945,negative,8.255545614274963e-05
1427363859690631168,negative,0.0069699460590426825
1427363860248469508,negative,0.12146426141732296
1427363861192220677,negative,0.12568746004397527
1427363861749977100,negative,0.00896456103400881
1427363861791920130,neutral,0.47371072416927557
1427363863096397826,neutral,0.49789225920557484
1427363863247396866,negative,0.018287564100551938
1427363864237248517,negative,0.06951398078141602
1427363864795041801,negative,0.06014103888739977
1427363865155837952,negative,0.003037442159581411
1427363865315131395,neutral,0.48968107641114417
1427363866367991817,negative,0.000248359495041441
1427363866846052353,negative,0.017958837007474297
1427363867080941580,negative,0.07019238151249844
1427363867303333902,neutral,0.4401104851315937
1427363868733546502,negative,5.381960326133773e-07
1427363869421412354,negative,2.4392686341870556e-08
1427363869635325957,neutral,0.4860213364893137
1427363871245967361,positive,0.9343671310991865
1427363871845662725,negative,0.04399699079367153
1427363872160329731,negative,0.005431502107068931
1427363872932040722,negative,0.06867367172102665
1427363874731446272,negative,0.012500954376551753
1427363876509728776,negative,0.010640768674681713
1427363878145507335,negative,0.0704766376194383
1427363878703452167,negative,0.004210796312055414
1427363880045514754,negative,0.019562698269432438
1427363881740087303,neutral,0.5450494921012777
1427363881761058819,negative,0.10596441773359634
1427363882763530241,negative,0.015609109747442779
1427363883921158145,negative,0.004229101000034595
1427363884134961155,negative,0.00896456103400881
1427363886190243851,negative,0.16352019608485005
1427363886253191169,negative,0.0015564757776315053
1427363887230308368,negative,3.262099447585443e-06
1427363888182571014,negative,4.022179237690286e-09
1427363889247887360,negative,7.82075874029494e-09
1427363889906438157,negative,0.10964564277093683
1427363890686476296,negative,3.0609988528941196e-06
1427363891768700928,negative,0.07876350928358715
1427363891852554245,negative,0.04574357571664197
1427363892225785856,negative,0.0009956572960896388
1427363892724965379,negative,0.04574357571664197
1427363893098201094,negative,0.00012792402187290035
1427363893735739403,negative,0.03420543948854838
1427363895149305865,negative,0.00014499244329514016
1427363895237304323,negative,0.0017648214075836504
1427363896030023686,negative,0.2712408155467774
1427363896202039309,negative,2.1983816127269855e-08
1427363896302739464,positive,0.6785976055735782
1427363900622872579,negative,0.006706008906595009
1427363901541322757,negative,0.00014499244329514016
1427363902107627523,negative,0.09206872934924333
1427363902954909704,negative,0.06421543209135709
1427363903747641351,negative,0.06348324765361191
1427363904070594575,negative,0.0886644274015753
1427363904561336322,negative,0.07723560831678909
1427363905555288068,positive,0.9910857989583947
1427363905941217283,negative,0.06951398078141602
1427363905995747335,negative,2.260010821399603e-08
1427363907241394181,negative,1.4367529477606836e-05
1427363907258261506,negative,0.00012792402187290035
1427363908004818956,positive,0.9343671310991865
1427363908231237639,positive,0.9343671310991865
1427363908348780556,negative,0.004210796312055414
1427363910819225606,negative,0.000248359495041441
1427363912253575176,negative,0.00017569020463284996
1427363913394446336,negative,0.00017569020463284996
1427363913780367365,negative,9.448252970324762e-06
1427363915395121156,negative,0.011002318036216367
1427363916221489166,negative,0.00029082168054182133
1427363918624722947,negative,4.442526816972574e-07
1427363920298315777,negative,0.00016209154104693333
1427363921070022657,negative,2.633398790978876e-05
1427363921384689666,negative,0.0011957227603254278
1427363922038960134,negative,0.04281234770844967
1427363922441646082,negative,6.997226539638576e-05
1427363923490066476,neutral,0.37874993579954885
1427363925729886216,negative,0.2379576518697791
1427363927780995076,negative,2.260010821399603e-08
1427363929005731847,negative,0.0011349455538730352
1427363930490523650,negative,0.0004928706134645771
1427363930612060165,negative,0.00012792402187290035
1427363931144790019,negative,0.003241561509564324
1427363931455168513,negative,0.03818762802057203
1427363931950133250,negative,0.023361799573823557
1427363932956672002,negative,0.09245123035955286
1427363933363580932,positive,0.6917059519039537
1427363933392883715,negative,0.0075938664905005615
1427363933460082693,positive,0.7530154739990634
1427363933720137728,negative,0.024451353832918868
1427363933795540995,negative,0.12944280751431483
1427363934554710024,negative,0.027277257338113432
1427363934600826889,negative,0.0030727146114859416
1427363934831513610,negative,0.00042427113252987395
1427363934969991173,negative,0.0012333055364396025
1427363936039489542,positive,0.999311459366361
1427363937964761108,negative,4.764091110235672e-05
1427363938262568961,negative,0.2401005885452358
1427363941223702528,negative,0.03030477751525821
1427363942800711686,negative,0.03704416140507249
1427363943140429829,positive,0.8195052976358304
1427363943564075025,negative,0.259595488154903
1427363943652208652,negative,0.0036791114382249746
1427363943845072902,negative,0.32828155536255615
1427363944197406721,neutral,0.3837162173843233
1427363944277102597,negative,0.0013392521654173747
1427363946097516551,negative,8.409599537905727e-05
1427363946441461761,negative,3.958561169062907e-10
1427363947611570183,negative,0.03704416140507249
1427363947871678465,positive,0.9831346543564844
1427363948039479300,negative,0.03898249774005793
1427363948333051905,negative,0.00012792402187290035
1427363948341440516,positive,0.9266034090344558
1427363949327044617,negative,0.017427455930456203
1427363949465505793,neutral,0.5131820754222006
1427363951201984513,negative,0.10596441773359634
1427363953420689411,positive,0.9558278017833651
1427363954637082630,negative,0.1947911742678152
1427363957380112389,positive,0.9343671310991865
1427363958030274565,negative,1.0907161240609525e-05
1427363959074660355,negative,1.2468255947485718e-05
1427363960009932800,positive,0.7400285353084882
1427363960756580357,negative,0.000248359495041441
1427363962526515204,negative,0.24617847132345658
1427363964082610177,negative,0.02107276458632434
1427363964976082949,negative,0.10964564277093683
1427363965177405448,negative,0.04574357571664197
1427363966444097542,negative,0.16352019608485005
1427363966787866649,negative,0.00016629539946195132
1427363968570609670,negative,0.07019238151249844
1427363969589723147,neutral,0.5131820754222006
1427363970223067139,negative,0.00012792402187290035
1427363970416103426,negative,0.004400203270623385
1427363970755833866,negative,1.5605664020508992e-05
1427363970801979395,negative,9.777039861337123e-05
1427363970818715651,negative,0.04574357571664197
1427363971460476934,positive,0.8008815015805597
1427363972177711108,negative,0.05217269890806904
1427363972299304960,negative,0.10954888280717937
1427363973859627015,negative,0.015973262828042754
1427363974442536963,negative,0.00012792402187290035
1427363974694178830,neutral,0.48968107641114417
1427363974782275586,negative,1.1790988770692078e-10
1427363975403122689,neutral,0.5973104775897096
1427363975923126278,negative,0.027591948080446828
1427363976975949826,neutral,0.49789225920557484
1427363978259406859,negative,0.002874685380517862
1427363978733395974,negative,0.012649197529801898
1427363979320561670,negative,0.03295585795399514
1427363980637622274,negative,0.08690914369406583
1427363983162593280,negative,0.1084703447209691
1427363983930101764,neutral,0.39274765723876304
1427363984039194625,negative,0.1836672226687598
1427363984215351305,negative,5.56986374285323e-06
1427363984668303374,negative,3.7735637594227026e-05
1427363984873754635,negative,0.0004928706134645771
1427363984907374593,negative,0.09297868303248435
1427363985125478401,neutral,0.5533970533999424
1427363985519693824,neutral,0.3332856921008272
1427363985863725059,negative,0.11176772762326523
1427363987105230850,negative,1.4922034878547097e-06
1427363988183080962,positive,0.9343671310991865
1427363988258508807,negative,0.008740974287210386
1427363988883623936,negative,0.18350989076105942
1427363991295307785,negative,0.0012688842650514331
1427363991853142026,neutral,0.5131820754222006
1427363992800989188,negative,0.000248359495041441
1427363995346931714,negative,0.1991726962588263
1427363995711901710,negative,0.30468958915460226
1427363996366147586,negative,0.00017569020463284996
1427363996487897088,negative,0.05217269890806904
1427363998706642944,positive,0.9343671310991865
1427363999268708355,negative,0.00031062334577952
1427364000451465216,negative,6.951250441807832e-05
1427364000703164417,negative,0.04574357571664197
1427364001038671872,negative,0.13068678921591073
1427364001533480979,negative,0.024317706715218147
1427364002607337473,negative,0.0004055073056657645
1427364003236519947,negative,0.0026514926545798045
1427364003320418307,negative,0.004601112890697783
1427364003978821643,negative,0.004210796312055414
1427364004721217538,negative,0.02168143012423108
1427364005149126664,negative,0.0009717288410603373
1427364006097002500,negative,4.739620445419964e-09
1427364008034807809,negative,0.05217269890806904
1427364008319979522,negative,0.08500615611010989
1427364008403906563,negative,0.0006273918678822649
1427364010438103043,negative,0.015609109747442779
1427364010492665864,negative,0.04574357571664197
1427364010970779650,negative,2.6150764594938884e-08
1427364012388405251,negative,0.1439901138844681
1427364012468097032,negative,0.027277257338113432
1427364013483114505,negative,0.014169422393047337
1427364014225608709,negative,0.04483069689239773
1427364015286767621,negative,0.009895410728833577
1427364017866166277,negative,0.2715986399098022
1427364018424012810,negative,0.000737265557906732
1427364018470141957,negative,1.683144116384518e-05
1427364018650505221,positive,0.8008815015805597
1427364020428935168,negative,0.000248359495041441
1427364021137707012,positive,0.9266034090344558
1427364022165426179,negative,0.0027457474196805054
1427364023046180867,negative,0.002463209023216259
1427364023805284353,negative,0.00017569020463284996
1427364024153526281,negative,0.005658621742657566
1427364024950280214,negative,0.23344852676068914
1427364025751543813,neutral,0.4334392617149784
1427364027299209221,negative,2.4508278424532394e-07
1427364027894730766,negative,0.03156820079324485
1427364027949268992,negative,0.0003631247928995983
1427364028070965253,negative,0.006324692530069739
1427364029211693083,negative,0.0015564757776315053
1427364029236924419,positive,0.9816745021535523
1427364030251941899,negative,0.007565940122751107
1427364030805692429,negative,0.0012333055364396025
1427364032286236672,negative,0.10964564277093683
1427364033519304708,negative,0.1639450951235744
1427364036799258641,negative,0.0036791114382249746
1427364036904169478,negative,0.023214452159475898
1427364037101178891,negative,0.00032736226331878555
1427364037650698241,neutral,0.39274765723876304
1427364039009738754,neutral,0.4101944731753371
1427364039068368898,negative,7.720476614492758e-05
1427364039206785030,neutral,0.49789225920557484
1427364041719169031,positive,0.9199960262286152
1427364043057160200,negative,9.257890586608358e-11
1427364043182919686,positive,0.6917059519039537
1427364044466528262,negative,0.12313343219798502
1427364046815350787,negative,0.05217269890806904
1427364048002297860,negative,0.05797741596147449
1427364049310867458,neutral,0.5442060184796753
1427364049562517507,negative,0.015600615540945066
1427364049940066311,negative,0.004080388667594057
1427364050753687553,negative,0.00017569020463284996
1427364053018685444,negative,0.0028488445488950563
1427364053924532224,negative,1.0396114383940011e-06
1427364054381711362,negative,0.0008287618243459576
1427364054746730500,negative,3.927656815741325e-06
1427364054826463240,negative,4.6178460377485946e-07
1427364055698878469,negative,0.13253024524492177
1427364056156057602,negative,2.661404971092999e-05
1427364056168550400,positive,0.6789216652729287
1427364056176922633,negative,0.013128522043447529
1427364056906805249,negative,0.00017569020463284996
1427364059733794817,negative,0.06540973617757315
1427364059888984070,negative,0.004123353931800196
1427364060039950339,negative,0.011696465911192196
1427364060471906304,negative,0.0024676260127059753
1427364061059104769,positive,0.6789216652729287
1427364063739203595,positive,0.9989614573440357
1427364067417763860,negative,0.004558746749310946
1427364067883175968,negative,0.01990127237441265
1427364068260777991,negative,0.04399699079367153
1427364070160732164,negative,0.09454161882435294
1427364070840209411,negative,0.004210796312055414
1427364070852857859,negative,0.00017439261938047805
1427364071830138896,positive,0.9002708070030431
1427364072639635460,negative,0.09827757769319466
1427364076682895362,negative,0.011165784120959919
1427364076766781445,neutral,0.5131820754222006
1427364081682436107,negative,0.16352019608485005
1427364081711910919,positive,0.9343671310991865
1427364082106212363,neutral,0.604103997566798
1427364082391429122,negative,0.0007591224359239046
1427364086187233284,negative,0.09822856620310967
1427364086208159756,negative,0.005262184393086062
1427364087441371144,negative,0.004732706204545481
1427364089232252932,positive,0.7344049639932397
1427364089572040706,negative,0.0006872327674853053
1427364090494738436,negative,0.005139655899107063
1427364091165908999,negative,0.039325587689152
1427364093267222539,negative,0.0004018886288760157
1427364094496149510,negative,0.14652592611504234
1427364095251079170,negative,0.00014165205980330573
1427364095716691970,negative,3.7735637594227026e-05
1427364095741857798,negative,0.024443602756121667
1427364096165437445,neutral,0.37899840162270665
1427364097037848583,negative,0.11109858797805389
1427364097205669896,negative,0.2875989023517808
1427364097767641088,neutral,0.4920251063042686
1427364098266832908,negative,0.07302412072975543
1427364103501275139,neutral,0.5215796267490951
1427364103937462274,negative,0.25366359999702986
1427364105447514114,negative,8.409599537905727e-05
1427364106680602627,positive,0.8008815015805597
1427364108920401934,negative,0.000248359495041441
1427364109603917833,negative,0.23917083094824998
1427364111793393667,negative,0.06646707410358053
1427364112682602503,negative,5.231273063743311e-07
1427364112892313609,negative,0.16352019608485005
1427364113492086787,negative,0.18739543126695674
1427364114523992067,negative,0.04574357571664197
1427364114679181314,negative,0.17010680590107932
1427364115933122574,negative,0.259595488154903
1427364116365258752,negative,5.56986374285323e-06
1427364116398841856,negative,0.11784052528848092
1427364116814041091,negative,0.013900208098519537
1427364117686456322,negative,0.08740540345198433
1427364118047100930,negative,3.218118433611264e-06
1427364118911201281,neutral,0.5394009889175829
1427364121012576257,negative,0.015306474128346764
1427364121683582983,neutral,0.651637098099825
1427364122828627970,negative,0.00907661756263085
1427364122920882184,negative,0.04574357571664197
1427364129019400195,negative,0.08520489153261589
1427364129589891074,neutral,0.4499138377429902
1427364129690554376,negative,0.24874862752814308
1427364130583949323,negative,0.24045389292588248
1427364130646810624,neutral,0.332869652180175
1427364131779354629,negative,0.004210796312055414
1427364132060291091,negative,0.01012754377846758
1427364132219756557,negative,0.000248359495041441
1427364132408500239,negative,0.08422203159189535
1427364133087944708,negative,0.011660018554637913
1427364134262345728,negative,7.54505635640059e-05
1427364134262345735,negative,0.004657570801838013
1427364134572773383,negative,0.000248359495041441
1427364134706896912,negative,4.397619825451256e-07
1427364135470309377,negative,0.18201348800611544
1427364136405671939,negative,0.0009974283992700823
1427364136640471043,negative,0.0712866847522804
1427364137512939522,negative,2.260010821399603e-08
1427364138708258817,negative,0.036580719946850124
1427364141426216970,negative,2.661404971092999e-05
1427364142369890315,negative,0.06692082588542778
1427364142483116034,negative,0.028640936980283853
1427364142638374912,negative,0.00882200815762798
1427364142751617033,negative,4.27228798168062e-06
1427364142877495302,neutral,0.34533447752142954
1427364144194494469,positive,0.9559917075151311
1427364144399933452,neutral,0.6323971621784068
1427364146220347396,negative,0.16352019608485005
1427364147344334861,negative,0.00291543799616947
1427364148057358339,negative,1.4211100605187807e-05
1427364149797998603,negative,0.04774078903630297
1427364151630893062,positive,0.9999927724192328
1427364151895199745,negative,0.0005635839620488723
1427364152796979201,negative,0.00017446435515422665
1427364154743173122,negative,2.9202558115986106e-08
1427364154898276353,negative,0.02107276458632434
1427364155439423490,negative,1.983922948020937e-09
1427364155548446721,negative,0.10964564277093683
1427364160166416391,positive,0.9343671310991865
1427364160233525253,negative,0.0022602214025520028
1427364161860874241,negative,1.1896342702098335e-05
1427364162309705733,neutral,0.35061710699735354
1427364163995652096,negative,0.006297176326018954
1427364163999911936,positive,0.9266034090344558
1427364165132374017,positive,0.9266034090344558
1427364166579458050,negative,0.18387029119173803
1427364169989382156,negative,0.0027719955268459685
1427364171004395526,negative,0.010246089831815493
1427364172103364612,negative,0.09297868303248435
1427364173109993476,negative,0.09305361491152071
1427364173399281680,negative,1.2562599321939078e-09
1427364174032785411,negative,0.1479672583465741
1427364175043448841,neutral,0.4662169283079212
1427364176318566408,negative,5.345196684263077e-10
1427364176683536397,negative,2.661404971092999e-05
1427364178633773087,negative,0.20439966089722336
1427364180210995200,neutral,0.37899840162270665
1427364180458409989,negative,0.010246089831815493
1427364180512821255,positive,0.7830001603314833
1427364181041303557,negative,0.0013726201002183815
1427364181179785222,neutral,0.5824772425727204
1427364182861631500,negative,0.0013726201002183815
1427364183256051717,negative,0.0003077761406486586
1427364184216555524,negative,3.0377058698845334e-06
1427364185718071317,negative,0.05217269890806904
1427364185835556867,negative,0.11176772762326523
1427364186170998790,negative,0.0644461396545525
1427364186942689288,negative,0.0013726201002183815
1427364187483824141,negative,0.047087553347537024
1427364187840270351,negative,0.0013726201002183815
1427364188385599488,negative,0.12088616048668269
1427364188876378120,negative,0.0028488445488950563
1427364189555789824,negative,1.4922034878547097e-06
1427364189698416640,negative,0.002702019565932983
1427364189945876482,negative,0.18524844217787054
1427364190134718471,negative,0.09686771894601841
1427364190503723011,negative,0.32828155536255615
1427364190990192650,negative,0.01404926922311051
1427364191950852096,negative,0.10954888280717937
1427364193280344080,positive,0.8325588841648884
1427364197118119939,negative,0.006680905583044323
1427364198091214850,negative,0.04416157477756028
1427364198804332552,negative,0.005633233903169777
1427364199139876866,negative,0.10954888280717937
1427364199517212692,negative,0.04534917774471991
1427364200347746309,negative,3.814581795007663e-05
1427364200402362374,negative,0.0035758019741188086
1427364200683343889,negative,9.144477461859578e-07
1427364202138804229,negative,0.03991191419428505
1427364205536202764,negative,0.00017569020463284996
1427364206484107267,negative,0.11261153315948703
1427364207448641560,neutral,0.49789225920557484
1427364209160040453,negative,1.1014190452530623e-05
1427364210875510789,neutral,0.39976497782163184
1427364210976100357,positive,0.8562410109635132
1427364211269771264,negative,0.0001751641709663976
1427364211349405701,negative,0.0838419649278292
1427364211408220164,negative,6.859026436303446e-08
1427364212435738626,negative,0.0004996830160618498
1427364213098483713,neutral,0.5442060184796753
1427364214801375232,negative,0.0003593285651030902
1427364215677935617,negative,0.03866151935455405
1427364216177143809,negative,0.11619088098358671
1427364217737420808,negative,0.05260674226956535
1427364218215534598,negative,3.8216563660983337e-07
1427364218840436747,negative,0.011165784120959919
1427364219096338433,negative,2.2937285476529874e-05
1427364221763956738,positive,0.9996165942902581
1427364223500394500,negative,0.2122286684582283
1427364224204935169,negative,0.16847634498426758
1427364227870773256,negative,0.00025677508970996666
1427364229326196736,neutral,0.41730461103984307
1427364229351415810,negative,0.022080419806035926
1427364230290984960,negative,2.661404971092999e-05
1427364233302392835,negative,0.2565242302066436
1427364235873591296,positive,0.8567768078059305
1427364236141875201,negative,0.0024425805183750137
1427364236242608131,negative,0.259595488154903
1427364236250927141,negative,0.0018748204113379287
1427364237526065152,positive,0.6917059519039537
1427364238109126663,negative,0.07723560831678909
1427364240130777093,negative,0.000248359495041441
1427364240948662277,positive,0.9361329931363962
1427364241087115269,positive,0.9266034090344558
1427364242399928321,negative,0.07019238151249844
1427364243385602048,negative,0.004210796312055414
1427364244786458630,negative,0.001733629778265994
1427364245361119233,negative,0.01599108896098951
1427364245373603843,negative,0.08552439695251261
1427364247311372289,negative,0.00036822960599163407
1427364248515141634,negative,0.01914999030486755
1427364249253339142,negative,0.18882609647451729
1427364249756708864,negative,0.006297176326018954
1427364250541035525,positive,0.8168624541467863
1427364250704654337,negative,0.06604228111972148
1427364252222836742,negative,0.0043974007667921524
1427364252365512704,negative,0.2080069320105487
1427364252449394689,negative,5.492923306876485e-05
1427364253800017924,negative,4.7702899340941255e-05
1427364258111803393,negative,0.01505545242211785
1427364258485047299,negative,0.010095352793925101
1427364258740899841,negative,0.0016282007344049435
1427364259261001734,negative,0.006680905583044323
1427364259961389057,negative,8.255545614274963e-05
1427364260754165760,negative,0.002463209023216259
1427364262905798656,negative,0.001376728383496109
1427364263748853768,negative,0.006297176326018954
1427364264025759744,neutral,0.46187539713643033
1427364264482856964,negative,0.005173984795641118
1427364264537468928,negative,0.23666692934340403
1427364265409789953,neutral,0.44846293211155425
1427364265791479819,negative,0.1557545385666459
1427364268232564736,negative,0.008725263186949205
1427364268287139846,negative,0.0007887652638632782
1427364268438171656,negative,0.00014721809385698453
1427364269184651265,negative,0.2379576518697791
1427364269700550660,negative,8.826771390568837e-06
1427364269885165574,negative,0.0004398452946405061
1427364271994904577,negative,2.260010821399603e-08
1427364273035087878,neutral,0.34390760743775584
1427364273093849094,negative,0.0007591224359239046
1427364273156763657,negative,0.0003922083941098036
1427364273278304257,negative,1.841188511014336e-05
1427364274041655299,negative,0.012649197529801898
1427364275161534466,negative,0.3205991281353654
1427364277086720000,negative,2.8988007558139405e-07
1427364277397110799,negative,0.0007591224359239046
1427364279108444161,negative,5.780879125697521e-05
1427364279385300999,negative,0.004219081515727852
1427364279649505282,negative,1.6256705847410385e-05
1427364279758561280,negative,0.22383164098131345
1427364280849080320,negative,0.004029499987306516
1427364281700470788,positive,0.6789216652729287
1427364282199691274,negative,0.13887996717636847
1427364282803568648,negative,0.017456354505647455
1427364283093078016,negative,0.241578289881779
1427364284678422529,negative,0.0024276382765667905
1427364285236273158,negative,0.03646360172915001
1427364285479636992,positive,0.7344049639932397
1427364285953429520,negative,3.8216563660983337e-07
1427364286112976897,negative,0.09079332539762006
1427364286846881792,negative,0.000684643530353339
1427364288222617600,positive,0.9831346543564844
1427364289858392066,negative,0.000530192334510468
1427364290034651141,negative,0.00018132511811772673
1427364290181353475,negative,0.11101195090737852
1427364290865025025,negative,0.20439966089722336
1427364294602248201,negative,0.006680905583044323
1427364294744752128,negative,3.768524293348546e-05
1427364295009087496,negative,0.033653297817335434
1427364295059324930,negative,3.108208010872531e-05
1427364298154778628,positive,0.9106539011786966
1427364298960130055,neutral,0.4288558791275312
1427364299350200325,negative,0.06803438508930613
1427364300214226946,negative,2.3090718476082683e-05
1427364300851761155,negative,4.028012162841939e-07
1427364301329797121,negative,3.056967871410306e-08
1427364302084886528,negative,0.00026195086295399667
1427364302806298630,negative,0.0008407711127449134
1427364303213113353,negative,0.00129706643623633
1427364303808647178,negative,0.13751879172086737
1427364304119123972,negative,2.260010821399603e-08
1427364305763188736,negative,0.00021216126077731832
1427364307126394892,negative,0.0005474152403508848
1427364307415838729,negative,0.04534917774471991
1427364309756166145,negative,0.25366359999702986
1427364310016307206,negative,0.11013253626173018
1427364311316385801,negative,3.8216563660983337e-07
1427364312247644162,neutral,0.4667317528389548
1427364312566439939,negative,0.20439966089722336
1427364313375854594,negative,0.11514602059613607
1427364313824698369,negative,0.07195398959200826
1427364314567122945,negative,0.000248359495041441
1427364315661807617,positive,0.8165090611060453
1427364315682705408,negative,2.0783835579112545e-05
1427364316190232580,negative,0.06910148211168336
1427364316446183424,negative,0.006324692530069739
1427364317305913350,neutral,0.6217260053131818
1427364319185063938,negative,0.20439966089722336
1427364319956815885,negative,0.004310858050701245
1427364320757825540,negative,0.0013364355978881359
1427364321311526915,negative,3.108208010872531e-05
1427364324037865477,negative,0.11619088098358671
1427364326269145089,negative,0.0026514926545798045
1427364326780833796,negative,0.00012792402187290035
1427364329649803268,negative,0.12146426141732296
1427364329754595336,negative,1.4180729470902104e-10
1427364331562442752,negative,0.030462341841469374
1427364332111867904,negative,0.01404926922311051
1427364332342501379,negative,0.04574357571664197
1427364332443156484,negative,0.0008779450805202075
1427364333177221136,positive,0.8229004510260897
1427364334838206474,negative,0.00017569020463284996
1427364334913605644,negative,0.10964564277093683
1427364335094046733,negative,1.1896342702098335e-05
1427364335236620293,negative,0.005004987514553256
1427364335341477889,negative,0.00017569020463284996
1427364336536797186,negative,0.015609109747442779
1427364336826261509,negative,0.11176772762326523
1427364339292512267,negative,0.16352019608485005
1427364340080971776,positive,0.9343671310991865
1427364340596977666,negative,0.00017569020463284996
1427364341544886277,negative,0.049130261198178475
1427364342295678982,negative,0.04281234770844967
1427364342408925188,negative,0.0017795298803902665
1427364343117750274,negative,6.901949878878896e-05
1427364343692267522,negative,0.002198965858717133
1427364344787083266,negative,0.11109858797805389
1427364345244172295,neutral,0.3837162173843233
1427364345281982479,negative,0.003235676989935893
1427364347760742401,negative,0.12146426141732296
1427364351359520776,positive,0.9411176286186821
1427364352349376519,negative,0.01914999030486755
1427364354345811971,negative,0.0007229778178535546
1427364354735976451,negative,0.15608868916466107
1427364355583221768,negative,0.004210796312055414
1427364355956527105,positive,0.9595166374612552
1427364356384243720,negative,0.00017569020463284996
1427364357290221569,negative,2.1268635544510902e-05
1427364359278313478,negative,0.00011351842298202571
1427364360150790153,negative,0.17935160912311152
1427364360222040064,negative,0.00046267246679663446
1427364360368922632,negative,0.015281840053117187
1427364361002233864,neutral,0.35785643069366135
1427364361140674561,negative,0.23479051043063884
1427364361354493954,neutral,0.3392320057922241
1427364363665494021,neutral,0.49789225920557484
1427364365561442307,negative,0.015520379313270586
1427364367616528403,negative,0.06010164158726479
1427364369919201286,negative,0.01521169672906435
1427364370196180994,negative,0.2637757759666366
1427364370955243525,negative,0.06345394709046649
1427364372670783490,positive,0.9443680840243657
1427364373140582405,negative,0.00042169556255172724
1427364373329289223,negative,0.19100887337343067
1427364373761306631,negative,2.260010821399603e-08
1427364375837483015,negative,0.0008779450805202075
1427364377582256136,negative,0.19311067094070053
1427364378962186245,negative,0.0012333055364396025
1427364380736430091,negative,0.02168143012423108
1427364385622740993,negative,0.00013590500550643276
1427364387455635463,negative,0.07174362539377149
1427364388755984384,negative,0.023348121331772883
1427364389229826059,negative,0.01149628537295026
1427364390421078020,neutral,0.6167616748233712
1427364390911848453,negative,0.014392689159340154
1427364392094638081,neutral,0.4571370806756548
1427364392698580993,negative,2.260010821399603e-08
1427364392841187337,negative,0.022384712992584405
1427364392845332484,negative,0.10964564277093683
1427364392883134465,neutral,0.5305678527031858
1427364393529094144,negative,0.3205991281353654
1427364393839386628,negative,0.1626163168902435
1427364394212659207,negative,0.04152736984075863
1427364395714285577,negative,0.017080405597050794
1427364397249437698,negative,0.0012333055364396025
1427364398822219776,negative,3.8216563660983337e-07
1427364399636000768,negative,0.00012792402187290035
1427364399984087048,negative,1.1896342702098335e-05
1427364400617467905,positive,0.7830001603314833
1427364403473752074,negative,0.0012341767090977929
1427364404174237703,negative,0.16847634498426758
1427364404409118724,negative,0.0009717288410603373
1427364408120922118,negative,0.241578289881779
1427364408175599617,negative,0.04240090957107008
1427364408313929733,negative,1.732062918152142e-07
1427364408469098501,negative,8.565083234106035e-05
1427364408599191552,negative,0.018724544391780024
1427364409278668808,negative,0.013306262800401683
1427364409291194369,negative,1.2562599321939078e-09
1427364409647697927,negative,0.03516973279279793
1427364409689747458,negative,0.0005057822559291995
1427364411900104707,neutral,0.5533970533999424
1427364411954634754,negative,0.001134791652070195
1427364412617277446,negative,0.04574357571664197
1427364413720379399,negative,0.009643716779970352
1427364415750426626,negative,0.259595488154903
1427364416786468874,neutral,0.4373255837432663
1427364417914740739,negative,0.020384575606940403
1427364419625947139,neutral,0.3856926033344767
1427364422381555733,positive,0.6704764344841319
1427364423149236232,negative,0.020093233295141056
1427364423786766339,negative,0.00048816727672073456
1427364425212776459,negative,0.000248359495041441
1427364426840162305,negative,0.10964564277093683
1427364428387962891,negative,0.2848129882801992
1427364430015250442,negative,0.00019892534357845477
1427364430107582467,negative,0.0028550554500037357
1427364431911075844,negative,0.23666692934340403
1427364432276082693,neutral,0.41193474847754386
1427364432385040386,positive,0.7968921235270905
1427364432561192962,negative,0.2379576518697791
1427364432577974273,negative,0.1464137355753168
1427364433085419523,negative,0.0016311231594363846
1427364435837046786,positive,0.779840190404253
1427364436667420679,negative,3.108208010872531e-05
1427364440828227589,negative,0.037424745874031974
1427364441012723712,negative,1.1896342702098335e-05
1427364441591517188,negative,0.006297176326018954
1427364442958880769,negative,0.011772453611050771
1427364443701321740,negative,0.24045389292588248
1427364448998760448,negative,0.019928465638322797
1427364450164789256,negative,0.06010164158726479
1427364450290569219,positive,0.8008815015805597
1427364450630258703,negative,3.974533141979458e-06
1427364452421279749,negative,0.0026514926545798045
1427364453260144641,negative,3.395178468627184e-05
1427364454694596612,negative,0.06587144503077128
1427364457748090883,neutral,0.4095296879172129
1427364460067442694,negative,0.2565242302066436
1427364460428156928,negative,0.03277916225368215
1427364462999314440,positive,0.9306459144617004
1427364463079043083,negative,0.0005217049236944887
1427364466245652481,negative,0.02053138426214993
1427364466623143943,negative,0.006680905583044323
1427364466887471110,negative,0.0009717288410603373
1427364467030044678,negative,0.11084620556682534
1427364467294314500,negative,3.395178468627184e-05
1427364467310989319,negative,0.1947911742678152
1427364467529199626,negative,0.00017439261938047805
1427364467550076928,negative,0.014335261269308881
1427364468389027847,negative,0.000248359495041441
1427364468619714564,negative,0.039325587689152
1427364469441765377,negative,0.000248359495041441
1427364469559238660,negative,0.13621944997364444
1427364470188232722,negative,0.001427460834854802
1427364470267985924,negative,9.785091987648874e-06
1427364472881045517,negative,0.09913542073757665
1427364473518624769,negative,0.2230020515266593
1427364476307873792,negative,0.04289847054667227
1427364478665076742,negative,1.0425250483290196e-05
1427364479621341185,negative,0.04574357571664197
1427364479931666436,neutral,0.36440385825114957
1427364483974909955,negative,0.0012630893083789715
1427364484230881281,negative,0.0075508606972503264
1427364484570501120,negative,1.0040572772114269e-05
1427364485447266309,negative,0.28008395005912606
1427364485849882634,negative,5.56986374285323e-06
1427364486206431233,negative,0.11154443292387338
1427364486730731533,neutral,0.5216587067115069
1427364487909228545,negative,0.0003564567522067634
1427364488072900616,negative,0.07174362539377149
1427364488106299404,negative,0.1953282804766124
1427364488278429696,positive,0.949289269252252
1427364488597082119,negative,0.18739543126695674
1427364489335394309,neutral,0.4230100862949421
1427364489519849472,negative,0.00018132511811772673
1427364491302408196,negative,0.00015790833467575562
1427364491738615808,negative,0.1639450951235744
1427364493722591233,negative,8.255545614274963e-05
1427364494397820931,negative,0.013798047649157234
1427364494624313345,negative,0.004043767153878854
1427364496398594048,negative,0.241578289881779
1427364496692088834,negative,0.06692082588542778
1427364496725663749,negative,0.0033282900778951303
1427364496977403912,negative,0.2379576518697791
1427364497019318278,neutral,0.5169027500863229
1427364497749127176,negative,0.007787564057016154
1427364499896557569,negative,0.259595488154903
1427364500001501189,neutral,0.48602577941782094
1427364500211126286,negative,0.16847634498426758
1427364500861300739,negative,4.397619825451256e-07
1427364502257999876,negative,0.011724737227430823
1427364502551646210,negative,0.05217269890806904
1427364502555832322,positive,0.9343671310991865
1427364503482679307,neutral,0.6364044589401194
1427364504325795840,negative,2.664263472571572e-05
1427364504384548870,negative,0.00017439261938047805
1427364504405487616,negative,0.00011724701725436068
1427364504812281856,negative,0.10545286981511183
1427364505911181319,negative,0.13150820617501519
1427364506200576008,negative,0.0005236483388878762
1427364506565492736,negative,0.10964564277093683
1427364506833989633,positive,0.6856729206224438
1427364507035312130,negative,1.4561139746607612e-05
1427364507400159232,negative,0.003235676989935893
1427364508503322625,negative,0.014392689159340154
1427364509279211529,negative,0.011772453611050771
1427364509354643475,positive,0.9002708070030431
1427364512416649227,negative,0.003236000040440198
1427364513381294085,negative,0.0005463847841296565
1427364515319066624,negative,0.006297176326018954
1427364516166344713,negative,1.1157555451924886e-05
1427364516472492039,negative,0.010920081407666593
1427364517449801735,negative,0.0026469175471586287
1427364519307776005,negative,0.09000181786740202
1427364521170059273,negative,0.013565813505903869
1427364521677664262,negative,0.02521318200162743
1427364522990440457,negative,1.5472810307451847e-11
1427364523455954955,negative,0.0003922083941098036
1427364523686694914,negative,0.016574240924721602
1427364523992813570,negative,0.14394653510349253
1427364524068376579,negative,0.01904896529682786
1427364525670637574,negative,0.000248359495041441
1427364526219988998,negative,2.190958765698876e-06
1427364526555549697,negative,0.031638248174004714
1427364526744383490,negative,0.05292119132894782
1427364527394463746,negative,0.004601112890697783
1427364528027848707,negative,0.00017569020463284996
1427364528300384263,neutral,0.6167616748233712
1427364528472395786,negative,0.208260650894477
1427364529055440907,negative,0.00016209154104693333
1427364531446161410,negative,0.04944193418842664
1427364532595400710,positive,0.9711654701480935
1427364533975207936,negative,0.16940310580677923
1427364534055022595,negative,0.0007214196294591189
1427364534159880205,negative,0.25722369874823986
1427364534893916163,negative,2.661404971092999e-05
1427364536013795332,negative,0.10964564277093683
1427364537137782788,negative,0.07174362539377149
1427364537515266055,negative,0.19100887337343067
1427364538391932928,neutral,0.4514940053375065
1427364538979082247,neutral,0.47612671887096547
1427364539285360640,negative,0.04574357571664197
1427364539952156679,negative,5.983186866868964e-05
1427364540321189902,negative,7.1931253816540274e-06
1427364540346355715,negative,0.0014727477606233975
1427364540354744364,negative,0.20966627627925852
1427364540358938673,negative,0.27728558867285497
1427364540379910163,negative,0.019039408700330444
1427364540413464593,negative,0.0067414180374164535
1427364540451368960,negative,0.0004433231514188977
1427364540514127892,negative,0.0973875752267884
1427364540535164932,positive,0.764053124987167
1427364540644151319,negative,0.06689112502483142
1427364540648345610,negative,0.041619050875583596
1427364545530576897,negative,0.020093233295141056
1427364546335944704,negative,0.15224885099754773
1427364547413876740,negative,0.04466252742216709
1427364548944842769,neutral,0.3726847435457324
1427364549309706242,neutral,0.4571370806756548
1427364549821440005,negative,0.11109858797805389
1427364550966497289,negative,0.0035493744947280577
1427364551968821251,negative,0.18387029119173803
1427364554489704452,negative,1.119015883702008e-08
1427364554611183647,negative,2.5340365709489254e-08
1427364555387281414,negative,5.117278090683512e-05
1427364555735375874,negative,0.0658892252003226
1427364557752840200,negative,2.6421650424742533e-14
1427364558495264769,negative,0.00017569020463284996
1427364558998577157,neutral,0.43266149306767926
1427364559254401027,negative,0.00031873587260706295
1427364561573728269,neutral,0.46127768308170247
1427364564161769474,negative,0.016247316492125515
1427364564220497921,negative,0.06144994217194745
1427364565071826947,positive,0.9343671310991865
1427364565273227268,negative,0.0012341767090977929
1427364566208589830,negative,0.06431001359643537
1427364568699973643,negative,0.2379576518697791
1427364570683826179,negative,0.01248047726775272
1427364571447275522,negative,0.06932615560606094
1427364571988254725,negative,0.2812124665127172
1427364573657518090,negative,0.0007812602793993199
1427364576555782163,negative,0.1752797347398221
1427364577189236738,negative,0.13751879172086737
1427364577436647425,negative,1.755247167698575e-06
1427364577671618561,negative,0.09247248897113249
1427364578757943301,negative,0.0033282900778951303
1427364579248648196,negative,0.022460845016368112
1427364579596816392,negative,0.0004398452946405061
1427364582239113222,negative,5.750449766468848e-06
1427364582641717269,negative,0.06150854391825079
1427364583619112963,negative,0.16352019608485005
1427364584340574216,negative,0.00083347825810301
1427364584361496577,negative,2.1623549648899835e-10
1427364584436948997,neutral,0.48968107641114417
1427364584470548487,negative,0.0006046276545344789
1427364584747380743,negative,0.12636627367316783
1427364585837838342,negative,0.06808505595318838
1427364586307608579,positive,0.7627843246566761
1427364586320171011,negative,0.031663219589489436
1427364589398904836,neutral,0.47053402562264207
1427364590845931527,negative,0.009643716779970352
1427364591227609099,negative,7.720476614492758e-05
1427364592661970953,negative,0.00038003196852428217
1427364592968142851,negative,0.00023181608528150335
1427364593979035651,negative,0.04636573716103113
1427364597649100802,negative,0.18739543126695674
1427364597976207362,negative,0.020720164813880358
1427364598865436675,neutral,0.34390760743775584
1427364599142273030,neutral,0.48602577941782094
1427364599393837057,negative,0.16352019608485005
1427364599720923165,negative,0.05062897310987606
1427364599830036484,negative,0.002522425068798133
1427364601432264709,negative,0.14815731331344487
1427364603667877894,negative,0.03432240562214774
1427364603823017990,negative,0.0026849146604408783
1427364603831463938,neutral,0.5201112047259597
1427364604456407043,negative,0.003236000040440198
1427364604947025944,negative,0.05062897310987606
1427364605819441158,negative,0.00010192848988653052
1427364606037659650,negative,0.03589576431632775
1427364606251515904,negative,1.181062338370359e-05
1427364607535026178,negative,0.0021197526345826624
1427364607774150661,negative,0.3188635267998917
1427364607899877376,negative,0.009758516435969847
1427364607967080448,negative,0.13429532611358122
1427364614615048199,negative,0.06492848408690462
1427364614623449095,negative,0.00012792402187290035
1427364615516827648,negative,0.004219081515727852
1427364615525212163,negative,3.262099447585443e-06
1427364616464699400,negative,6.198080577492347e-05
1427364616993222660,negative,0.0006107206914909029
1427364617345388556,negative,0.003243724898498667
1427364618809356291,negative,0.1567328518842606
1427364618863775755,positive,0.7344049639932397
1427364619220303874,neutral,0.5496678701602578
1427364620298244106,negative,0.06421543209135709
1427364620956749830,neutral,0.49789225920557484
1427364621606801412,negative,2.522487777400607e-06
1427364621657198595,positive,0.8669378284403858
1427364623133597698,neutral,0.48602577941782094
1427364623674654721,positive,0.8162752327218911
1427364624677097474,negative,0.0035758019741188086
1427364625822191616,negative,2.260010821399603e-08
1427364626413629440,negative,0.00017569020463284996
1427364626874916865,positive,0.970329214512847
1427364628196171776,neutral,0.5330900807974591
1427364628670173189,negative,0.0005474152403508848
1427364632566673413,positive,0.8008815015805597
1427364633661292544,positive,0.9055884014274266
1427364633787224077,negative,0.012120756370321768
1427364634240159753,negative,0.000248359495041441
1427364634479239180,neutral,0.3794377588284613
1427364634722553865,negative,0.2559359267141252
1427364634927980545,negative,4.2079941645260317e-07
1427364635355893773,negative,0.2848129882801992
1427364637016829956,negative,0.012730010592018733
1427364637641789442,negative,0.10964564277093683
1427364637817905160,negative,0.008125915134799459
1427364637834629124,negative,0.01149628537295026
1427364639352950786,negative,0.11154443292387338
1427364641022390276,negative,0.24325126373138325
1427364641529896961,negative,0.0021065293880887007
1427364641852776448,negative,0.023826093906968424
1427364642494599170,negative,0.00017569020463284996
1427364642783993859,negative,0.06587144503077128
1427364643371159560,negative,0.0028294343170045958
1427364643585077249,negative,0.0009375210643913086
1427364644272984068,neutral,0.5756348155065912
1427364644356755456,negative,0.14926096588470683
1427364645329948682,negative,0.001903423392786099
1427364645891936262,negative,0.0031050124261929476
1427364647322234891,negative,0.00015790833467575562
1427364647431286786,neutral,0.5065833120085367
1427364648441958414,negative,0.015609109747442779
1427364648584720390,negative,0.017082263306381185
1427364649369022472,negative,2.026457082893395e-05
1427364649540927492,negative,7.147412899470866e-08
1427364650304299015,negative,0.01904896529682786
1427364650442702848,negative,8.443459327199895e-05
1427364651759816709,negative,0.011558957953201138
1427364651998846979,negative,0.011558957953201138
1427364652002983939,negative,0.011558957953201138
1427364653999529990,negative,0.11369347672574026
1427364654242799617,neutral,0.4611296759593426
1427364655429734409,negative,0.20576854470156494
1427364655702298661,negative,0.1383759387383567
1427364659938660359,negative,2.260010821399603e-08
1427364660240601109,negative,0.014387715616442863
1427364660337160193,negative,0.10964564277093683
1427364660676907009,negative,0.004219081515727852
1427364660697714701,negative,0.015609109747442779
1427364660945297409,negative,0.006233013930974022
1427364662182567938,negative,0.005944153201645861
1427364662778241029,negative,3.108208010872531e-05
1427364664850231296,negative,0.013028896264686788
1427364665617752064,negative,0.0007591224359239046
1427364666649550854,negative,0.0017375616263240318
1427364668373356549,negative,0.009643716779970352
1427364668415356932,neutral,0.36609813216518994
1427364671607160838,negative,0.07174362539377149
1427364671934316544,negative,9.375815484789748e-06
1427364672009908225,negative,1.4922034878547097e-06
1427364673645649930,positive,0.9980891944803831
1427364676254502913,neutral,0.559050036419159
1427364676531281930,negative,3.262099447585443e-06
1427364676715917314,negative,0.008815799309340452
1427364677101703169,negative,0.0009672756588753311
1427364677932171272,negative,0.001720189609022609
1427364678095687682,neutral,0.34373024636165805
1427364678209056770,negative,0.00010163448766600152
1427364679387533344,negative,0.0657640556545827
1427364679593218053,negative,0.009643716779970352
1427364679853264898,negative,4.442526816972574e-07
1427364680339689479,neutral,0.5191934070021026
1427364681069604864,neutral,0.6448733067950153
1427364681220509698,negative,0.00034469800575093824
1427364681593798658,negative,0.016467579313151712
1427364682382331906,negative,0.002819263194239417
1427364683665793033,negative,0.2379576518697791
1427364685884674049,negative,0.00016209154104693333
1427364686421504003,negative,0.10964564277093683
1427364688669642758,neutral,0.36072098323156504
1427364689042935810,negative,0.0644461396545525
1427364689823023104,negative,3.262099447585443e-06
1427364689869221893,negative,0.09645198839330067
1427364690598957063,negative,2.565657756830047e-05
1427364691483967492,negative,0.000248359495041441
1427364691488149505,negative,0.214854454806073
1427364691639250944,negative,1.0246024066909826e-07
1427364692415197192,negative,0.021619680353517513
1427364693254053895,negative,0.011165784120959919
1427364693363105798,negative,6.835292374393594e-11
1427364693732118533,neutral,0.33510827203032445
1427364694034042881,negative,0.1752797347398221
1427364694143217667,negative,0.009643716779970352
1427364694172454921,negative,0.1752797347398221
1427364694386364418,negative,0.1752797347398221
1427364696512925702,positive,0.999311459366361
1427364697569906699,positive,0.9910857989583947
1427364698111029251,negative,0.08082669301812104
1427364699239174158,negative,0.1752797347398221
1427364700124323851,negative,5.412171691119848e-08
1427364701978124295,negative,0.0010911157053046117
1427364702653456396,negative,8.255545614274963e-05
1427364705455251463,negative,0.10964564277093683
1427364706940067842,negative,0.0005236483388878762
1427364707720105994,negative,8.255545614274963e-05
1427364709897015310,neutral,0.39274765723876304
1427364714556887042,negative,4.739620445419964e-09
1427364715215396866,negative,4.50533869989538e-05
1427364715236401153,negative,0.21424390653151704
1427364716242882560,negative,0.05062897310987606
1427364716242882575,negative,0.05062897310987606
1427364716414849039,negative,0.05062897310987606
1427364718470123528,negative,0.0016534045336087102
1427364719950712836,negative,0.00010192848988653052
1427364719988465666,negative,0.000248359495041441
1427364720365932551,negative,0.2080069320105487
1427364721334886408,negative,0.05062897310987606
1427364722916089861,negative,0.27559764237793355
1427364725046792194,negative,6.525231356298666e-06
1427364725613121538,negative,0.003232505998643636
1427364727471153154,negative,0.0003974166944771895
1427364727731200000,positive,0.9266034090344558
1427364732592345088,negative,0.0017955961774283355
1427364732990861312,negative,0.034749794564525
1427364734764994560,negative,0.00017569020463284996
1427364735155068932,negative,1.0304194274016042e-08
1427364735553613825,negative,0.0006520876557016591
1427364735587074058,negative,0.17683246237581293
1427364736174333953,negative,0.0005082585031979294
1427364736895754246,negative,1.8266534487842769e-09
1427364737323573250,negative,0.011237792730155518
1427364737629753347,negative,0.04181091088578541
1427364737675898895,negative,0.00011724701725436068
1427364737743048711,negative,0.10273182863207672
1427364738737057793,neutral,0.5496234661379427
1427364738753712129,positive,0.8008815015805597
1427364739814989825,negative,3.108208010872531e-05
1427364740184088586,negative,0.006297176326018954
1427364743124340742,negative,0.00012792402187290035
1427364743543730185,negative,0.13596106497507796
1427364743707185157,negative,0.001839006627861053
1427364744663642113,negative,0.24354465424045932
1427364745112440841,negative,3.7735637594227026e-05
1427364747423453192,negative,0.002463209023216259
1427364748765679628,negative,0.0016171252615384511
1427364748773904399,negative,0.0015564757776315053
1427364748799135747,positive,0.9361329931363962
1427364750753779721,negative,3.262099447585443e-06
1427364752314052613,negative,0.036262383832098816
1427364753123512327,negative,0.05217269890806904
1427364753144430596,negative,0.0007591224359239046
1427364753467449350,negative,0.006057311717576241
1427364753916121092,negative,0.003523470269550461
1427364755925311488,negative,0.2911983991033176
1427364756520853504,negative,0.013900208098519537
1427364759666577410,positive,0.6789216652729287
1427364760824295425,negative,0.19140306350795053
1427364760950034439,negative,5.124557422747119e-05
1427364761763827712,negative,0.19576020599290117
1427364762074103810,negative,0.0003922083941098036
1427364763382829058,negative,6.038237652737949e-11
1427364763667927041,negative,0.014392689159340154
1427364764909514754,negative,0.21146570428190692
1427364765760999431,negative,2.260010821399603e-08
1427364766570401792,negative,0.12288911401578721
1427364767581319176,negative,0.01133643771674324
1427364768575213572,positive,0.8008815015805597
1427364769170853892,negative,0.00010397767318300647
1427364769309380611,negative,0.007092371478304936
1427364770177589249,negative,0.0012345904818426578
1427364771087650816,negative,0.013405801967679262
1427364771880325136,negative,0.02972870350007278
1427364772954181635,negative,0.10964564277093683
1427364773830795265,negative,0.00017439261938047805
1427364774300557316,neutral,0.418643144867986
1427364775001001989,negative,0.23602820083742754
1427364776427102214,positive,0.9628838102869247
1427364777769246726,negative,0.0007812602793993199
1427364779568545805,negative,0.0001410007722144831
1427364779568640006,negative,3.395178468627184e-05
1427364780050980865,negative,4.442526816972574e-07
1427364783167352837,negative,0.0003922083941098036
1427364783796465667,neutral,0.48602577941782094
1427364784874401799,negative,0.06578333652938091
1427364787252572160,negative,0.005926327670607705
1427364787529342981,positive,0.6789216652729287
1427364790771621888,positive,0.9816745021535523
1427364791513980936,neutral,0.5971009548023306
1427364792118005760,negative,0.0024717447963732127
1427364792147271680,negative,0.05394374399068289
1427364792180817932,negative,0.00010436468372987299
1427364794663907338,negative,4.739620445419964e-09
1427364796186431497,negative,5.56986374285323e-06
1427364797155201031,negative,8.255545614274963e-05
1427364797981630474,neutral,0.404413909142224
1427364799499878401,negative,0.00043717032121810313
1427364799747346439,negative,7.458504096220635e-13
1427364800464572419,negative,5.56986374285323e-06
1427364800552738821,negative,0.04057439485939368
1427364802444288002,negative,0.07302412072975543
1427364803409027073,negative,0.12146426141732296
1427364805762035721,negative,0.0009375210643913086
1427364806647074818,negative,0.11219885805149757
1427364806860984327,negative,0.00210335546068915
1427364806915469318,negative,0.0948554031013603
1427364807167160322,negative,0.002912664424265548
1427364808693886976,negative,0.00010192848988653052
1427364809172037634,negative,0.1947911742678152
1427364809826193415,negative,0.00018132511811772673
1427364811197853704,negative,2.7596273121959903e-10
1427364812737040401,negative,3.7735637594227026e-05
1427364813328498692,negative,0.2911983991033176
1427364813521494016,negative,0.13150820617501519
1427364813714427915,positive,0.9456005406375716
1427364817086595074,negative,0.19100887337343067
1427364818575560711,negative,0.004659096123731403
1427364820093964291,negative,0.0008287618243459576
1427364820140101638,negative,0.09082028369108626
1427364821654179843,negative,4.5524252769612185e-06
1427364822514077703,negative,0.2712408155467774
1427364822799331332,negative,0.04038795356320019
1427364823118008332,negative,0.0008463731500872914
1427364823545823238,negative,0.0036791114382249746
1427364824175026178,positive,0.9559917075151311
1427364826213457920,neutral,0.3499352441185855
1427364826775490562,negative,0.0003662016584992506
1427364827274661892,negative,0.0006980393813628676
1427364828319031297,negative,0.03250212806831981
1427364828629372940,negative,0.015281840053117187
1427364830302949377,negative,0.06421543209135709
1427364830374244358,negative,0.012733965306920133
1427364830646718487,negative,0.051097251710634305
1427364831905132546,neutral,0.6010617675389737
1427364831967973385,positive,0.9266034090344558
1427364832492376071,negative,0.00017439261938047805
1427364833457057792,negative,0.0004928706134645771
1427364834191069188,negative,3.7827429495535556e-06
1427364834249695241,negative,0.0704766376194383
1427364834505592835,negative,0.00017439261938047805
1427364834610499590,negative,5.951456972624216e-06
1427364834685984774,negative,0.0005474152403508848
1427364835075903496,negative,1.5256677466434596e-05
1427364835126358021,negative,0.001286079941381692
1427364836804018177,negative,0.0035758019741188086
1427364836967583750,negative,0.1639450951235744
1427364837122838532,negative,0.000248359495041441
1427364837777190914,negative,0.001087913784145143
1427364838607671300,negative,0.18387029119173803
1427364838720909320,negative,3.1296053865147703e-12
1427364840310558725,negative,0.10596441773359634
1427364840461438987,negative,0.08923039957311173
1427364842340487169,negative,0.0009722708283357628
1427364843493994503,negative,0.18739543126695674
1427364844613816322,negative,0.10964564277093683
1427364845482041346,positive,0.9343671310991865
1427364846207586313,negative,0.00020386840941631864
1427364846811680771,negative,0.07019238151249844
1427364847344357390,negative,3.8216563660983337e-07
1427364848694874113,negative,0.1326822697714106
1427364849584001036,negative,0.0033851718607680924
1427364850536271886,negative,0.00011724701725436068
1427364850657742859,negative,0.00018132511811772673
1427364851492524035,negative,0.0016282007344049435
1427364851807051787,negative,0.0009656297210484671
1427364851878346755,negative,2.260010821399603e-08
1427364851903614976,negative,0.00017569020463284996
1427364852968853516,negative,0.0002480323762661332
1427364853153517573,negative,0.0002350611461838302
1427364854503985156,negative,0.04574357571664197
1427364854680231951,negative,3.315138930679956e-05
1427364855565201415,negative,1.4514374146210384e-05
1427364856068509702,negative,0.08742450133123392
1427364857465249796,negative,0.009505012735278392
1427364859390353411,neutral,0.43807383248289217
1427364859776208896,positive,0.9266034090344558
1427364860875116545,negative,1.645764609432157e-05
1427364860908740609,neutral,0.34184640523860554
1427364863047839750,negative,0.00029607413882032184
1427364864259932168,negative,0.07302412072975543
1427364864457121794,negative,0.02792673771566259
1427364865514037250,negative,1.183810639046065e-06
1427364865916772360,neutral,0.4695677200211166
1427364866130599939,negative,0.010246089831815493
1427364866793299969,negative,0.03599661179609991
1427364867099480079,negative,0.001989988672808346
1427364867661565960,negative,2.5677923933664296e-10
1427364867862929411,negative,0.03149955010291329
1427364868181700609,negative,0.0007591224359239046
1427364869737754626,negative,0.18739543126695674
1427364869930725384,negative,0.011165784120959919
1427364869943316483,positive,0.9266034090344558
1427364870211710982,positive,0.8195052976358304
1427364872023691270,neutral,0.4514940053375065
1427364872849969160,negative,0.1557545385666459
1427364873516761104,negative,0.009643716779970352
1427364873898381331,negative,0.13262519427022423
1427364875790176259,negative,0.02378823815564283
1427364877987893248,negative,0.022548619670652383
1427364878818369551,negative,0.00019754950929641568
1427364880340881411,negative,0.259595488154903
1427364880408055817,negative,0.000248359495041441
1427364882182246402,neutral,0.4514940053375065
1427364882513596429,negative,7.868732907602456e-05
1427364884782665741,neutral,0.6274708568440207
1427364886452084737,negative,0.008815799309340452
1427364886871425027,negative,0.18387029119173803
1427364888725409802,negative,0.00012792402187290035
1427364889065148435,negative,0.241578289881779
1427364890008772608,negative,6.954802651653475e-07
1427364890486915073,negative,0.0644461396545525
1427364890579292165,neutral,0.3697674097288342
1427364891384553485,neutral,0.48968107641114417
1427364891644604428,negative,0.00012792402187290035
1427364891791343616,negative,0.07365437437223223
1427364892361863173,negative,0.009859995257115013
1427364893888589828,negative,0.0009717288410603373
1427364895146840067,negative,0.0005474152403508848
1427364896149225476,negative,3.586790635976402e-05
1427364899748028418,negative,0.0003734492497261834
1427364900565884931,negative,0.00012792402187290035
1427364903640240134,neutral,0.4663917579447527
1427364903933906944,negative,0.07019238151249844
1427364904781111296,positive,0.9986922494149602
1427364905318027281,negative,0.002270359825680498
1427364905745793027,negative,0.03480958044700316
1427364907251556352,negative,0.05298479404370594
1427364908316839938,negative,0.2911983991033176
1427364909046697989,negative,0.00010192848988653052
1427364910061834241,negative,0.00210335546068915
1427364910770663427,positive,0.9996165942902581
1427364910896455681,negative,0.28011987520281056
1427364911055790086,negative,0.0035758019741188086
1427364911513014286,negative,0.014448632048801167
1427364913543094273,negative,0.004219081515727852
1427364915946344457,negative,0.0023680007177740063
1427364916630106121,negative,0.02017168446215945
1427364917066219522,negative,1.0040572772114269e-05
1427364917670301702,negative,0.01521169672906435
1427364918509064200,negative,0.009828829187258284
1427364918832025618,negative,0.004219081515727852
1427364919100559362,neutral,0.4663917579447527
1427364919419232257,negative,0.0719533024403044
1427364919431806976,negative,5.56986374285323e-06
1427364919729610755,negative,0.0007867549119655286
1427364919834468356,negative,0.00017569020463284996
1427364920136454152,negative,0.0002743249785723395
1427364922594365441,negative,0.004219081515727852
1427364922908946439,negative,0.008193968716228557
1427364924112711687,negative,0.028516227087258116
1427364924565635080,negative,3.8216563660983337e-07
1427364925459124232,negative,3.732554582598341e-09
1427364925626851334,negative,0.007525169484565994
1427364927753314304,negative,0.06692082588542778
1427364927778525194,negative,0.10954888280717937
1427364929754083340,negative,0.2812124665127172
1427364929879920640,negative,0.259595488154903
1427364930609680388,negative,0.11342376564084714
1427364931553349633,negative,6.168243344347105e-05
1427364933554032645,neutral,0.4168485381131396
1427364934573297677,negative,0.0012575684822478004
1427364936032915465,negative,0.015609109747442779
1427364936196530187,negative,0.00029607413882032184
1427364936888500226,negative,0.01521169672906435
1427364937727361025,negative,0.0555718195327597
1427364940239687716,negative,0.11061857957539915
1427364945755258894,negative,5.345196684263077e-10
1427364947684642828,neutral,0.37899840162270665
1427364948469026821,negative,0.0008832622507357167
1427364948502589449,negative,0.03716185392576945
1427364948850659330,negative,0.0008920047304927495
1427364949559480325,neutral,0.47612671887096547
1427364950071287808,negative,0.0002432191185300402
1427364951132450833,negative,0.0023340455856429294
1427364952529113091,positive,0.9266034090344558
1427364952541700101,negative,0.11109858797805389
1427364953024040974,neutral,0.4860213364893137
1427364953686687744,negative,0.003235676989935893
1427364954114510848,negative,0.0012090083476239768
1427364954706006019,negative,1.4742095481606403e-08
1427364955200770064,neutral,0.3792981555831024
1427364956811497477,neutral,0.479258882919282
1427364957650309129,negative,0.1080386135918996
1427364959336423424,negative,0.07019238151249844
1427364959516827653,negative,0.000248359495041441
1427364959625883648,negative,0.2752264611417548
1427364960041119749,positive,0.851837262520381
1427364960192155656,negative,0.12533752095125392
1427364960674398212,positive,0.6789216652729287
1427364962490621956,negative,0.12700622167827127
1427364967242686468,negative,0.007570744809743393
1427364968010223625,negative,1.1019359010140949e-07
1427364969356664840,negative,0.25143058873060375
1427364974620512271,negative,0.003496234163468226
1427364975211843584,negative,8.411155618488291e-05
1427364975333552128,negative,0.000985493935278798
1427364975971115019,negative,0.0035758019741188086
1427364978303057926,neutral,0.49789225920557484
1427364978609303560,neutral,0.37899840162270665
1427364978844127232,negative,0.007092371478304936
1427364981306232833,negative,3.4669895273306224e-05
1427364983239811078,negative,0.12700622167827127
1427364983495606280,negative,0.11341652427877937
1427364985383100423,negative,0.0031050124261929476
1427364986096136192,negative,0.05217269890806904
1427364988298137610,negative,0.2812124665127172
1427364990374322183,negative,0.10064178303269727
1427364992609918977,negative,0.04574357571664197
1427364993507348497,negative,0.05217269890806904
1427364995030032384,negative,2.1983816127269855e-08
1427364995797590017,negative,0.03259762884294478
1427364996149878793,negative,0.01521169672906435
1427364996221063186,neutral,0.48242998751371413
1427364998117011456,negative,0.00033309458843743813
1427364998263803909,negative,0.009895410728833577
1427364999295643650,negative,0.07302412072975543
1427365000805601283,negative,0.08343836193388374
1427365001132593170,negative,0.01860937617100203
1427365001384370178,neutral,0.36728291019967485
1427365002332315649,negative,0.039325587689152
1427365002927919105,negative,0.012730010592018733
1427365008569143298,negative,0.004476724609231718
1427365009227718659,negative,4.739620445419964e-09
1427365009559072774,negative,2.1268635544510902e-05
1427365012327354372,neutral,0.38903923061059387
1427365013321396225,negative,9.519997434180573e-09
1427365013606518812,negative,0.19100887337343067
1427365014336413696,negative,0.0008779450805202075
1427365015888203777,negative,3.351031643034218e-08
1427365016781664271,negative,0.04574357571664197
1427365017624715273,negative,6.320978348675933e-05
1427365018966925316,negative,0.017570360379001695
1427365020040630278,negative,0.07641506349466821
1427365021609185284,negative,0.00015790833467575562
1427365023450607621,negative,0.2152272549608477
1427365023916175370,positive,0.7522549261924956
1427365024029298697,negative,0.05217269890806904
1427365025174392838,neutral,0.4334392617149784
1427365026466258949,negative,0.10596441773359634
1427365026751565826,negative,0.02954727690761712
1427365028395638788,positive,0.6789216652729287
1427365029779755009,negative,0.01521169672906435
1427365030195081218,negative,2.260010821399603e-08
1427365030815801354,negative,0.0005423962558384364
1427365032401252353,negative,9.719799971287123e-05
1427365033600815117,positive,0.9628838102869247
1427365035953856513,negative,0.041167231467393026
1427365037413392387,negative,0.0020112864803792517
1427365037757419525,negative,0.028640936980283853
1427365038009028613,negative,0.000248359495041441
1427365039565062144,positive,0.7542187411622708
1427365041762816033,negative,0.03716185392576945
1427365042295611397,negative,0.009918763978188746
1427365043566436363,negative,0.18132023413851883
1427365046963916803,negative,0.00012792402187290035
1427365047177826309,negative,0.00016209154104693333
1427365050579361805,negative,2.2863229182082123e-05
1427365053133688836,negative,5.56986374285323e-06
1427365054492590084,negative,0.16847634498426758
1427365055297998848,negative,0.0002829609325331251
1427365055708946437,negative,3.6296182382034404e-09
1427365058649133057,negative,0.018848176361214837
1427365059701903360,negative,0.0226729485180724
1427365059999715337,negative,6.751295485569001e-13
1427365061908213771,negative,0.001087913784145143
1427365063103553537,positive,0.9266034090344558
1427365063854264328,neutral,0.39274765723876304
1427365063971811328,neutral,0.4894438397947411
1427365064382849028,negative,0.000248359495041441
1427365065037131788,negative,0.2687698396114009
1427365065439731712,negative,0.006297176326018954
1427365065615937547,negative,0.004039373204326446
1427365066844909571,negative,0.0017375616263240318
1427365066861645835,negative,4.413118974934047e-07
1427365067209781249,positive,0.6917059519039537
1427365067323019265,negative,3.582644861431423e-05
1427365068304490496,positive,0.6789216652729287
1427365068430323713,negative,8.255545614274963e-05
1427365070602965004,negative,3.673618774046658e-05
1427365071450218503,negative,2.4602162155047307e-05
1427365071668322311,positive,0.9343671310991865
1427365073820004352,neutral,0.33484229044197483
1427365075145445379,negative,0.002799599366699917
1427365075631984665,negative,0.011165784120959919
1427365076332425220,negative,0.0005907173343816213
1427365077154418694,positive,0.971012643564743
1427365079280984067,negative,0.0024454588860865485
1427365080547667971,negative,0.000248359495041441
1427365081134911497,positive,0.8669378284403858
1427365083949195275,negative,0.19311067094070053
1427365084070809605,negative,0.21869627399406738
1427365084318273538,negative,0.0009806326058192287
1427365084494536704,negative,0.0009717288410603373
1427365084846772224,negative,0.045439897150781394
1427365092887257091,negative,0.09130636050496427
1427365093948469248,negative,0.007940873333316523
1427365095135404039,negative,0.02679766755330074
1427365096200753160,negative,0.0499048076426998
1427365097371017216,negative,0.13751879172086737
1427365098058887171,positive,0.9315311369991527
1427365098360815625,negative,9.803035092747216e-08
1427365099140943876,negative,0.10964564277093683
1427365099694608389,negative,1.0799755478911954e-05
1427365101577846788,negative,1.4922034878547097e-06
1427365101905104902,negative,0.02168143012423108
1427365102270009346,negative,1.6656624251878614e-18
1427365102286737411,negative,0.009643716779970352
1427365103129829383,negative,1.355352706013236e-05
1427365103545036808,negative,0.021007095656608413
1427365103662473228,negative,0.00034469800575093824
1427365104849457160,negative,0.00015790833467575562
1427365105851850758,negative,1.0799755478911954e-05
1427365106648821765,negative,0.0009717288410603373
1427365106950754306,neutral,0.3794377588284613
1427365107646992391,negative,1.4211100605187807e-05
1427365110469775361,negative,8.826771390568837e-06
1427365113712070656,negative,0.011613334644043164
1427365115016384517,negative,0.012489342093231302
1427365115771359240,neutral,0.46187539713643033
1427365115838480388,negative,0.00012792402187290035
1427365118170570760,negative,0.11154443292387338
1427365118711681028,negative,0.18108131422223686
1427365119810424836,negative,0.00020579078911768056
1427365121098137608,negative,0.05217269890806904
1427365122004045839,negative,5.0688419719650027e-05
1427365123899990017,neutral,0.3815386936210342
1427365123937775619,positive,0.6733230443638824
1427365124772450305,negative,2.8047693831959677e-06
1427365129193148421,negative,0.0007812602793993199
1427365129453199371,negative,0.001208554102768842
1427365129830768646,negative,0.241578289881779
1427365130048839680,positive,0.9343671310991865
1427365131340718086,negative,0.0012019955571515833
1427365134423441410,neutral,0.46580216189359525
1427365135878918156,neutral,0.3985371621379606
1427365135883120648,negative,0.0002890985734020095
1427365135920861184,negative,0.00020465152140231128
1427365136931622915,negative,0.045135886062842086
1427365140027031553,negative,0.016162862350965927
1427365140891115526,neutral,0.48242998751371413
1427365141310550017,negative,0.03932938534592686
1427365141629243399,negative,0.24354465424045932
1427365143931932674,negative,0.0005236483388878762
1427365147123781636,positive,0.9343671310991865
1427365147249631232,negative,0.02168143012423108
1427365149531324416,neutral,0.3726847435457324
1427365149573324801,negative,3.108208010872531e-05
1427365149933916169,negative,0.0009528240570941547
1427365149984362498,negative,8.826771390568837e-06
1427365150693249029,negative,2.00199729284739e-05
1427365151670423564,negative,0.0028363044316605454
1427365152245133324,negative,0.12232039250972135
1427365152865886210,negative,0.011772453611050771
1427365154543521794,positive,0.9343671310991865
1427365155415990273,negative,0.02644142183654108
1427365156321996818,negative,0.002463209023216259
1427365157475397645,negative,0.02986444455506889
1427365157706080264,negative,0.0017171785429618476
1427365157873889284,negative,0.0005474152403508848
1427365158171680772,negative,0.010485995460968038
1427365158444208133,negative,0.0004421779341492722
1427365158473568262,negative,0.000248359495041441
1427365158897213440,neutral,0.41133817813745255
1427365159241232388,negative,0.009478112850026891
1427365159857762307,neutral,0.3332856921008272
1427365160239386634,negative,0.010671844267804535
1427365161963302912,negative,0.241578289881779
1427365163552985088,negative,0.006680905583044323
1427365163812917249,negative,0.12944280751431483
1427365165012553730,negative,0.0033315122974924703
1427365165423603714,negative,0.0009528240570941547
1427365165587107841,negative,0.0035758019741188086
1427365165834592258,negative,1.4922034878547097e-06
1427365166493089797,negative,3.108208010872531e-05
1427365166803570689,negative,0.00017569020463284996
1427365170964307981,negative,0.1626163168902435
1427365173959041025,negative,6.855789955991302e-05
1427365174915342341,negative,0.2812124665127172
1427365174969782277,negative,0.06513598552834562
1427365175049523210,negative,0.028303691838437364
1427365175808638978,negative,0.00044760640706569167
1427365178950275072,negative,0.0009717288410603373
1427365180707647489,negative,0.014392689159340154
1427365181089267720,negative,0.1739466423725511
1427365183048097794,negative,0.03088535893835808
1427365186516758528,negative,0.07135689133294935
1427365187485683715,negative,0.06588896877700445
1427365187498172423,negative,0.24045389292588248
1427365187506540548,negative,0.000248359495041441
1427365190434267140,positive,0.9266034090344558
1427365193319960585,negative,8.874701969304145e-06
1427365193416331269,negative,0.0015564757776315053
1427365193563136009,negative,0.01762653962248771
1427365197119950850,negative,3.8216563660983337e-07
1427365197547806726,negative,0.051097251710634305
1427365198055215119,negative,0.13751879172086737
1427365198545948677,negative,0.004219081515727852
1427365201666523141,negative,0.00032018505819935816
1427365202752909315,negative,0.00015790833467575562
1427365204195741697,positive,0.9002708070030431
1427365204539682825,negative,0.03456523765711068
1427365206901014530,negative,0.03456523765711068
1427365207152726031,negative,0.031496393046198834
1427365207739936770,positive,0.7154334608500338
1427365207962112024,negative,0.00042427113252987395
1427365208956313610,negative,0.10596441773359634
1427365209375707142,negative,0.0009974283992700823
1427365210466181123,negative,0.0177189401691758
1427365210709442560,negative,0.01913820707552804
1427365211808440324,negative,0.000248359495041441
1427365212257243141,negative,0.03951163168307075
1427365213133807622,negative,0.0009937195670136185
1427365214253633541,negative,2.6979167260316417e-06
1427365214324871192,negative,9.203365724227019e-10
1427365214723391491,negative,0.18739543126695674
1427365216019369989,negative,0.05656010483526844
1427365218158628876,positive,0.9343671310991865
1427365218276057092,neutral,0.44846293211155425
1427365224215105539,negative,0.10532418440392669
1427365225553141766,negative,0.15156353798123393
1427365225867665414,negative,0.11619088098358671
1427365226916233222,negative,0.061924418528243895
1427365226945597441,negative,2.2467039876630943e-12
1427365228069761025,negative,0.02674576278257736
1427365228447211525,neutral,0.48199634813222436
1427365230368198659,negative,1.2276054492276858e-11
1427365230644957196,negative,0.000807233434480701
1427365233497157634,negative,0.04023314626418314
1427365234604331029,negative,1.1843456511950657e-07
1427365234625458185,negative,0.011002318036216367
1427365235430731777,negative,0.000493412690792666
1427365239159406606,negative,0.00012792402187290035
1427365239369224197,negative,0.0007591224359239046
1427365241491427330,negative,0.16615544337390512
1427365242300940293,negative,0.004092421089941119
1427365242481397772,negative,0.0035758019741188086
1427365244196765698,negative,5.886117801949852e-15
1427365245144666116,negative,3.262099447585443e-06
1427365247418048515,negative,0.16352019608485005
1427365247812358156,negative,0.013680041409354905
1427365250655997955,negative,0.014392689159340154
1427365250718912516,negative,0.02066334332726397
1427365251712946178,negative,0.04077141778927273
1427365252044361731,negative,2.347522190319391e-07
1427365252379914243,negative,1.1118808599034079e-07
1427365253508210690,negative,0.13945883368619272
1427365254346989568,negative,2.3664803109871975e-06
1427365254456135683,positive,0.8008815015805597
1427365254581964810,negative,0.2379576518697791
1427365254615470081,negative,0.3025181325427382
1427365254888050702,negative,0.01521169672906435
1427365256087711749,negative,0.004210796312055414
1427365257253638145,negative,0.00046105931283918017
1427365259463970820,negative,0.006297176326018954
1427365260822974477,negative,5.881991893800796e-10
1427365260957143052,negative,0.0777473590103335
1427365264778203144,negative,0.2564916436100343
1427365265373814790,negative,0.00011724701725436068
1427365265478758403,neutral,0.5749112542070035
1427365265864527879,negative,8.542304913050072e-05
1427365265981968385,negative,0.0444536669461132
1427365266208411649,positive,0.6785976055735782
1427365267408097287,negative,0.007778214645519392
1427365268238520328,negative,0.0017587756110726042
1427365268402102277,negative,0.0005511435076568408
1427365272206336007,negative,0.17010680590107932
1427365272428625922,negative,0.22863514318556372
1427365272550260740,neutral,0.48199634813222436
1427365272743202817,negative,8.271515690159666e-07
1427365273485529106,negative,0.0017698119610701118
1427365273527590918,negative,0.04574357571664197
1427365274999787524,negative,0.004219081515727852
1427365275935154180,negative,0.0013260858271439734
1427365279605182472,negative,0.0015285541350712525
1427365280364339203,negative,0.004210796312055414
1427365280771104775,negative,0.0007591224359239046
1427365287540707330,negative,0.00012792402187290035
1427365287859474435,negative,8.255545614274963e-05
1427365289478533126,negative,0.11619088098358671
1427365289637842945,negative,0.0003922083941098036
1427365289713446914,positive,0.8008815015805597
1427365291219202052,negative,0.003974627523565171
1427365292519432208,negative,0.006297176326018954
1427365293064704014,negative,2.4058453131240154e-05
1427365293609914379,negative,0.2559359267141252
1427365293853233157,negative,0.006297176326018954
1427365293890969608,negative,0.0007812602793993199
1427365296294318088,negative,0.259595488154903
1427365296940126217,negative,0.002694073122691579
1427365297703555078,negative,0.04574357571664197
1427365298135515136,negative,0.21869627399406738
1427365298303291398,negative,0.1975383921457794
1427365299301584896,negative,0.00018076398794697015
1427365299368734727,neutral,0.34184640523860554
1427365300555636736,negative,2.443628420825561e-05
1427365301121798160,negative,0.00016209154104693333
1427365301679702019,negative,1.1083178207452275e-08
1427365303462285315,negative,2.9666658284194553e-05
1427365304338898945,neutral,0.3403391890910929
1427365307031642118,negative,0.000896951472442168
1427365310261309443,negative,0.01357020131680545
1427365311154688006,neutral,0.418643144867986
1427365311372795905,negative,0.2848129882801992
1427365311632846848,negative,0.0975866529174759
1427365311758671875,negative,0.05217269890806904
1427365312115138562,negative,0.0004960114332649473
1427365313155256321,negative,0.005807604765881779
1427365313985777664,negative,0.08696221911005257
1427365314170392585,negative,0.11036682895159695
1427365314195443714,negative,0.005807604765881779
1427365315038613511,negative,0.11176772762326523
1427365315235631124,neutral,0.48728019602140255
1427365315558662144,negative,6.310094382545724e-11
1427365316464676871,negative,0.2379576518697791
1427365318276624387,negative,0.018039624710892585
1427365320004673547,negative,0.01939165374723412
1427365322097573894,negative,0.13696437584050097
1427365322328248324,negative,0.0025915193325887643
1427365322747793418,negative,0.01916820084027119
1427365322798075909,negative,0.005981220466459234
1427365323506950151,negative,0.06587144503077128
1427365326346506241,negative,0.06692082588542778
1427365326816174091,negative,0.0011752826236854819
1427365327516704771,negative,0.06604228111972148
1427365330003894275,positive,0.8861262458202082
1427365330087723011,negative,0.050338221694145785
1427365330620387339,negative,0.2964435035724257
1427365330758864896,negative,0.05217269890806904
1427365330939228170,negative,0.2828136932208214
1427365331962585093,negative,0.000248359495041441
1427365332176580615,negative,0.004059937713147421
1427365332331728900,negative,7.636363549804172e-05
1427365334156197896,negative,0.11109858797805389
1427365334768668678,negative,9.785091987648874e-06
1427365336282697728,neutral,0.404413909142224
1427365336521838600,negative,0.09563108019205067
1427365336819589126,negative,0.08810961188743222
1427365336970637314,negative,3.6554403259514705e-05
1427365337759092745,negative,0.00012792402187290035
1427365337809444864,negative,2.260010821399603e-08
1427365338128191493,negative,0.0886644274015753
1427365338321149960,negative,0.0017375616263240318
1427365338321199106,negative,3.8216563660983337e-07
1427365339277430792,negative,0.16847634498426758
1427365340497924097,negative,0.0009528240570941547
1427365343937368068,negative,0.005807604765881779
1427365345342464000,neutral,0.40944595022028984
1427365346344833029,neutral,0.48242998751371413
1427365347812909059,negative,0.00012792402187290035
1427365350799183873,negative,2.260010821399603e-08
1427365354460885000,negative,0.13068678921591073
1427365355039727619,negative,0.0007887652638632782
1427365356188880896,negative,0.0005474152403508848
1427365356948099079,negative,0.18739543126695674
1427365357480824840,negative,2.616109384701915e-05
1427365358231605249,negative,2.3323632930365453e-06
1427365358546132993,neutral,0.36724656370744296
1427365359418593285,neutral,0.35037246870997213
1427365359938588675,negative,0.0006980393813628676
1427365360831959043,negative,0.1348279945986161
1427365361423425546,negative,0.16756200833725618
1427365361993793539,negative,1.5205566882048467e-07
1427365362530721792,negative,0.23896641227260906
1427365363403067398,positive,0.779840190404253
1427365363658940420,neutral,0.42507619662732005
1427365364309037062,negative,2.565657756830047e-05
1427365364392988672,negative,0.0007812602793993199
1427365367094054919,negative,0.11176772762326523
1427365367140208645,negative,0.08696221911005257
1427365371359678477,negative,0.10596441773359634
1427365371934232577,negative,0.00012792402187290035
1427365372697718791,negative,0.13074866144836667
1427365373062569990,negative,0.06860732979563712
1427365376795594757,negative,0.0002432191185300402
1427365377772765189,negative,0.004219081515727852
1427365378120880131,negative,0.01151695583769924
1427365378506756096,negative,0.051424716205377516
1427365380587233280,negative,0.009478112850026891
1427365381405122565,negative,0.241578289881779
1427365382076178433,negative,0.00012049449239936324
1427365383258923015,negative,0.007092371478304936
1427365384823447555,negative,0.2218243326705543
1427365386694049796,negative,0.006680905583044323
1427365387847483396,negative,0.09488824926404411
1427365389957320708,negative,0.019368384788135375
1427365392100507650,negative,0.0002829609325331251
1427365393899872258,negative,0.00012792402187290035
1427365397058174983,negative,1.4922034878547097e-06
1427365398597545985,negative,2.661404971092999e-05
1427365403219664897,negative,0.16352019608485005
1427365404368850953,negative,0.0009528240570941547
1427365405002194947,negative,0.013604779502518151
1427365406226980869,negative,0.0015564757776315053
1427365406256373771,negative,2.260010821399603e-08
1427365407996923905,negative,0.07723560831678909
1427365408546426882,negative,2.221388732771518e-13
1427365409183961089,negative,0.002257049796131812
1427365410719113221,neutral,0.5131820754222006
1427365411314614282,negative,0.12043253289336739
1427365412774334468,negative,0.1918026523110439
1427365412870803462,negative,0.000248359495041441
1427365413323685888,negative,0.08177745212630595
1427365414280044549,negative,0.21139109066500397
1427365414485569541,negative,9.527316843607398e-06
1427365416842764290,negative,8.826771390568837e-06
1427365417073381383,negative,0.11703653676899352
1427365417325142025,negative,0.02893543762613944
1427365417618710532,positive,0.7344049639932397
1427365417643876353,negative,0.002463209023216259
1427365417966870537,negative,0.004210796312055414
1427365418403090436,negative,0.004601112890697783
1427365419208351745,negative,0.00017569020463284996
1427365419300671495,negative,0.02792673771566259
1427365419669676033,negative,0.04574357571664197
1427365423390019584,negative,0.02218619514501563
1427365423520133120,negative,0.06769095513155018
1427365423578767369,neutral,0.42112829232730054
1427365424438681601,negative,0.011475151488239481
1427365424489017344,negative,0.00011351842298202571
1427365424639926274,negative,0.0008920047304927495
1427365424707117059,negative,0.00017569020463284996
1427365424811945987,positive,0.8686188585113754
1427365425051021329,negative,3.8216563660983337e-07
1427365425965326346,negative,0.006297176326018954
1427365426669961226,negative,0.11154443292387338
1427365427538235395,negative,0.06673057994928251
1427365429081747458,positive,0.7859682812037097
1427365430327488515,neutral,0.47053402562264207
1427365431027851273,negative,0.014392689159340154
1427365431287947268,negative,0.029454805462969705
1427365431485124620,neutral,0.48602577941782094
1427365434014175233,positive,0.9993011012373911
1427365436862177286,negative,0.1515711990817024
1427365436866322439,negative,0.00012792402187290035
1427365437055062017,neutral,0.46127768308170247
1427365439735271429,negative,0.004219081515727852
1427365439789744133,negative,2.3286173361594723e-05
1427365440884559876,negative,2.565657756830047e-05
1427365441060679690,negative,0.18108131422223686
1427365441379323938,neutral,0.37874993579954885
1427365441601687553,negative,0.00033894750054134967
1427365441794629640,negative,0.00017569020463284996
1427365441891078151,negative,0.03716185392576945
1427365442725765129,negative,0.0009584222963059523
1427365443619147777,neutral,0.38443370884681655
1427365443766038528,negative,0.00012792402187290035
1427365445125001220,negative,3.144001605820364e-05
1427365447016587265,negative,0.00012503148781259468
1427365449197662210,negative,0.06144994217194745
1427365450682408969,negative,0.015609109747442779
1427365452133634050,negative,0.005807604765881779
1427365452355883013,neutral,0.34390760743775584
1427365452804771853,negative,0.2681210107991953
1427365455480643585,negative,0.004610012241727095
1427365456768348161,neutral,0.40944595022028984
1427365457019883536,negative,0.181439028199727
1427365457531703303,negative,0.00019896583474272538
1427365458072768519,negative,0.007015998598861389
1427365458433429511,negative,0.008642355438632494
1427365459612086277,negative,0.2379576518697791
1427365461122076672,neutral,0.40944595022028984
1427365463038771203,negative,0.07446339718417895
1427365463718301703,negative,0.006772433447399606
1427365467849732096,negative,0.2850093417421068
1427365468369821696,positive,0.7115534994452857
1427365469573496838,positive,0.8457002623067913
1427365470458499082,negative,0.0013056194046818092
1427365472366841861,negative,0.181439028199727
1427365472731869193,negative,0.000248359495041441
1427365473398763521,negative,0.18739543126695674
1427365473776246789,neutral,0.5208405034479695
1427365474141081602,negative,0.00018132511811772673
1427365474224984072,negative,0.06251378990971909
1427365474539610118,negative,0.03660425819382895
1427365475185463298,negative,0.2379576518697791
1427365475823063049,negative,2.260010821399603e-08
1427365476234039298,negative,0.28011987520281056
1427365476557066244,negative,0.16352019608485005
1427365477098131465,negative,3.384044505306697e-09
1427365477349838849,positive,0.7344049639932397
1427365477630849025,neutral,0.418643144867986
1427365479816077312,neutral,0.46127768308170247
1427365482370420738,negative,0.003235676989935893
1427365483314040833,negative,0.0016349787541623223
1427365485448937475,negative,0.06541914564167924
1427365486568820736,negative,0.04841337947295492
1427365486736650241,negative,0.04047490180510253
1427365487235772416,negative,1.9052884995827954e-06
1427365487554465794,negative,0.0014752092346076715
1427365488477212675,negative,1.3534420404614134e-06
1427365490796679180,negative,0.0020823961383655124
1427365492596133890,negative,0.00029082168054182133
1427365492826656768,negative,0.0027630009594691346
1427365492906512391,negative,1.0799755478911954e-05
1427365493749567494,negative,0.0002621357192645754
1427365495154659328,negative,0.12944280751431483
1427365496152903682,negative,1.0799755478911954e-05
1427365497230675998,negative,0.0015564757776315053
1427365499898318853,positive,0.8815707547385969
1427365501064318980,negative,0.00017569020463284996
1427365505141182464,negative,2.556293418997174e-07
1427365505359355915,negative,3.061412482501121e-08
1427365506420559885,negative,0.045439897150781394
1427365506642743306,negative,0.2666882239062419
1427365507913719815,negative,0.1975383921457794
1427365508400107526,negative,0.006297176326018954
1427365511982112772,negative,0.0001190052315223841
1427365513739505667,negative,0.0028363044316605454
1427365514087653383,negative,0.07019238151249844
1427365515106799620,negative,0.00018132511811772673
1427365515614380043,negative,0.003027337490519874
1427365515618656263,negative,0.0017648214075836504
1427365519842238469,positive,0.7886315901194763
1427365520110604326,positive,0.9628604276766076
1427365521171877891,positive,0.6789216652729287
1427365521834618885,negative,0.00012792402187290035
1427365523029954560,negative,0.241578289881779
1427365523646517251,negative,0.13253024524492177
1427365523835297793,negative,0.042854852139167836
1427365524040781836,negative,0.20006961146958474
1427365524388958211,negative,0.13150820617501519
1427365524523061254,negative,0.0575862204255013
1427365527710752776,negative,0.11013253626173018
1427365531003277328,negative,0.0004121381196812135
1427365531649183746,negative,0.0011202511372189689
1427365531967901715,negative,0.051097251710634305
1427365532500647944,neutral,0.5191934070021026
1427365533943418887,negative,0.00042427113252987395
1427365534031654914,negative,0.004059937713147421
1427365535394709505,negative,0.009133466800719928
1427365535847747585,negative,0.00018023549578820438
1427365536783114247,neutral,0.4926359844964033
1427365537072418823,negative,8.609241738023386e-07
1427365537080872975,negative,0.00023340693253163537
1427365537588387841,negative,0.0012333055364396025
1427365538158817283,negative,8.55781295677684e-08
1427365541501669376,negative,0.011165907773573194
1427365542579654657,negative,5.56986374285323e-06
1427365543481384962,negative,0.10273182863207672
1427365543842041856,negative,0.16352019608485005
1427365546975182848,negative,0.006546621517636889
1427365550850777088,negative,0.0009528240570941547
1427365552792776704,negative,0.08606252449031195
1427365552813756420,negative,0.001962891873924803
1427365553153454086,negative,0.0007346789479300976
1427365554059452417,negative,0.006297176326018954
1427365555514724390,negative,0.0008287618243459576
1427365556009701384,negative,2.3290584326024197e-10
1427365556265566208,negative,0.004502936625316042
1427365557649690634,negative,2.1871440301187446e-07
1427365559344173063,negative,0.22861954191474046
1427365559373635586,neutral,0.5450494921012777
1427365559763603461,negative,2.260010821399603e-08
1427365560443080704,negative,0.16352019608485005
1427365562380922882,negative,0.11514602059613607
1427365564264165376,negative,0.01759508750056696
1427365565258162185,negative,3.2870930805271405e-12
1427365568139702276,negative,4.739620445419964e-09
1427365568743677954,negative,0.0024375063720777647
1427365570983469057,negative,0.1947911742678152
1427365571117699079,negative,0.16352019608485005
1427365573877456898,negative,0.006297176326018954
1427365576175927299,negative,3.108208010872531e-05
1427365577623052291,negative,0.0071984565468237935
1427365578285600800,negative,0.1752797347398221
1427365578394804234,negative,0.1557545385666459
1427365579225186314,negative,0.04574357571664197
1427365579481100293,negative,0.07409474492900893
1427365579854336010,negative,0.015562775789191208
1427365580512845834,negative,5.11768558609136e-05
1427365582257721345,negative,6.301577885392284e-07
1427365582337449986,negative,0.007940873333316523
1427365583494991872,neutral,0.48933996825183923
1427365585676120070,negative,0.006297176326018954
1427365588205129740,negative,0.006494921190735392
1427365589236998145,negative,0.21869627399406738
1427365591254437890,negative,4.524167295666272e-15
1427365591371980806,negative,0.06714859475820581
1427365592575655946,negative,6.855789955991302e-05
1427365596681973766,neutral,0.604103997566798
1427365597323661312,neutral,0.5131820754222006
1427365598619648001,negative,2.0386811588459285e-06
1427365598833561610,negative,0.18739543126695674
1427365599043362819,negative,0.1557545385666459
1427365599286599681,negative,0.0006080865043248299
1427365600226005006,negative,0.05062897310987606
1427365600821710848,negative,0.036580719946850124
1427365601597607939,negative,0.23666692934340403
1427365603745091590,negative,0.1949991660830444
1427365605062193155,negative,0.10964564277093683
1427365606496538635,negative,0.12636627367316783
1427365607012458497,negative,0.057042113919800935
1427365607431868420,negative,0.13068678921591073
1427365607981424641,negative,0.12944280751431483
1427365608803471370,negative,0.18366509409088536
1427365609017430019,negative,0.000248359495041441
1427365609667448833,negative,0.03765458559635031
1427365609784872964,neutral,0.4514940053375065
1427365610225348613,positive,0.9998956086896553
1427365610384728072,negative,1.593466119889068e-09
1427365610640510980,positive,0.6789216652729287
1427365611336777730,negative,0.004210796312055414
1427365611571666952,negative,4.445337221625597e-12
1427365614604128264,negative,0.06006229460297461
1427365615824773132,negative,0.0008920047304927495
1427365616332132370,neutral,0.49789225920557484
1427365619729641480,negative,2.556293418997174e-07
1427365619884863489,negative,0.055057252092284965
1427365620820103168,negative,0.16352019608485005
1427365621197590530,negative,6.767788583808835e-09
1427365622942420992,negative,0.03273158002658088
1427365623919747074,negative,0.0644461396545525
1427365625266163716,negative,0.00017353247930793184
1427365625794637834,negative,0.00019425061405611556
1427365627682037770,negative,0.17955770260965792
1427365629527461888,negative,0.0036791114382249746
1427365629670182915,negative,0.0009121697324616387
1427365630626484224,negative,0.021112729690390797
1427365630769049601,negative,0.022113348549672115
1427365631410716679,negative,0.2601384698991345
1427365632006410247,negative,0.1639450951235744
1427365632291520513,negative,0.0008779450805202075
1427365633113608192,neutral,0.4334392617149784
1427365633243615238,negative,0.0036791114382249746
1427365633717686273,negative,0.05217269890806904
1427365635156230150,negative,0.004880768022483458
1427365635336638469,positive,0.7778096645244353
1427365635441381377,negative,0.0014303733016445784
1427365636213288965,negative,0.12232039250972135
1427365637781864456,negative,0.0038519772071125688
1427365638369124352,negative,3.586790635976402e-05
1427365638507540483,negative,0.0360586739665693
1427365639610634254,negative,1.0999836951528106e-05
1427365640428531721,negative,0.008592772979930685
1427365641770635265,negative,0.002463209023216259
1427365642915696646,negative,0.0008312008750064329
1427365647525232655,negative,0.00017569020463284996
1427365647550459910,negative,0.003246204907532431
1427365649983082496,negative,5.335267400459982e-07
1427365651140730882,negative,0.0915031790456532
1427365651866325003,negative,0.002463209023216259
1427365652378103818,negative,0.0035758019741188086
1427365652847906818,neutral,0.49789225920557484
1427365653258846212,negative,0.0724265958030783
1427365653401542662,negative,0.000248359495041441
1427365653883801602,negative,3.262099447585443e-06
1427365653959385093,negative,0.003554978257918023
1427365654592724993,positive,0.9343671310991865
1427365655918129155,negative,0.12636627367316783
1427365656492756995,negative,0.005522318618531502
1427365656698183684,negative,0.004896258913588377
1427365657277046794,negative,0.00017569020463284996
1427365658409504769,negative,0.00014721809385698453
1427365659911106563,negative,0.056017415691729584
1427365660573814784,positive,0.997808769560433
1427365661991440386,negative,0.00019916878832378781
1427365664365424644,negative,0.06049641170483364
1427365664524808194,negative,0.06421543209135709
1427365664688312325,negative,0.0066633983619975076
1427365666525523974,negative,0.00017569020463284996
1427365667930509317,positive,0.7039216430524671
1427365668534509573,negative,9.785091987648874e-06
1427365669738205214,negative,0.0012333055364396025
1427365672770752513,negative,0.03086974423521487
1427365673219600393,negative,0.00012792402187290035
1427365673634828301,negative,0.004493352444879358
1427365675081863168,negative,0.044984256062379116
1427365676398829569,neutral,0.3794377588284613
1427365677699158018,negative,0.2893324734759138
1427365678609281026,negative,3.2502715787722255e-10
1427365678869274628,negative,0.2559359267141252
1427365679670382598,negative,0.0039238783106157185
1427365680228220932,negative,0.12636627367316783
1427365680886734855,negative,0.0049638347464656335
1427365683395022863,negative,0.3194070781331558
1427365685081018369,negative,0.16157127117561174
1427365685475385348,negative,0.002527654356342164
1427365685798350852,negative,0.0071984565468237935
1427365687748595722,negative,0.002508116547062297
1427365687786450951,negative,0.16847634498426758
1427365689396957185,negative,0.06587144503077128
1427365691976523781,negative,0.2051675313174082
1427365692978909186,negative,0.1348279945986161
1427365693142573059,neutral,0.4658975616963097
1427365694090383360,negative,0.19311067094070053
1427365694375669774,negative,0.16157127117561174
1427365694413410306,negative,0.01939165374723412
1427365695000621057,negative,0.07019238151249844
1427365697018109960,negative,0.11176772762326523
1427365698687414279,negative,0.0036791114382249746
1427365698792198145,positive,0.9979053936435953
1427365699111030792,negative,6.479376956775651e-05
1427365699945746438,negative,3.957185478855366e-06
1427365700092538880,negative,0.008116131039630431
1427365703003344896,negative,4.442526816972574e-07
1427365703192092674,neutral,0.6167616748233712
1427365703557042183,positive,0.9343671310991865
1427365705595432966,negative,0.09488824926404411
1427365707365371913,negative,7.763922020907009e-10
1427365710284660747,negative,0.1801233919677789
1427365710913806344,negative,7.763922020907009e-10
1427365710985052167,negative,0.2565242302066436
1427365712570552320,negative,0.047121450407344355
1427365713333964806,negative,1.4211100605187807e-05
1427365714147647494,negative,0.00012049449239936324
1427365714181120002,negative,0.0016282007344049435
1427365714810245121,negative,0.003607424711676905
1427365714973888518,negative,0.02623160122389394
1427365715095564302,negative,0.16157127117561174
1427365715812798466,positive,0.7344049639932397
1427365717129646095,negative,5.649395328752285e-07
1427365718165688321,positive,0.6917059519039537
1427365719285587970,negative,0.00017569020463284996
1427365719533051918,negative,1.803134165692017e-12
1427365719730266112,negative,0.2559359267141252
1427365720468373508,negative,0.14948064153107232
1427365721751924745,negative,0.10403059951141534
1427365722062266368,negative,0.0003922083941098036
1427365722221645828,negative,0.018721516734884626
1427365722406195200,negative,0.00012792402187290035
1427365722750083075,negative,0.10545286981511183
1427365723559514119,negative,0.00012792402187290035
1427365723588943874,negative,0.005262184393086062
1427365724541095944,negative,0.00010192848988653052
1427365725753204738,negative,1.5008912682510405e-10
1427365725782618114,negative,0.0005474152403508848
1427365725791039491,negative,0.003974627523565171
1427365729024843780,negative,0.000248359495041441
1427365730459193356,negative,0.06421543209135709
1427365730484461576,neutral,0.49789225920557484
1427365731478523906,negative,0.0005474152403508848
1427365731822448640,negative,0.00014623425873154348
1427365732543782916,neutral,0.36724656370744296
1427365733474918403,negative,0.00012792402187290035
1427365734519382016,negative,0.016537778702007278
1427365735211442179,negative,0.3185209660741008
1427365735790268423,negative,3.0356188525265636e-09
1427365737375703047,negative,0.04574357571664197
1427365738067734530,negative,0.002875240305365248
1427365738923368456,negative,0.0016282007344049435
1427365738956967940,negative,0.00013025827612350087
1427365740840210439,negative,0.0002829609325331251
1427365742824022017,negative,0.07019238151249844
1427365743017005057,negative,0.2379576518697791
1427365743532912643,positive,0.9343671310991865
1427365745743237120,negative,0.00017569020463284996
1427365746590552065,negative,0.0035758019741188086
1427365746816999425,negative,0.004657570801838013
1427365747567824898,negative,0.0036791114382249746
1427365749283250188,negative,3.732291341239545e-05
1427365752806547460,negative,0.0030047338290607054
1427365753356001287,negative,0.002463209023216259
1427365754207412224,neutral,0.49789225920557484
1427365754429640713,negative,0.16157127117561174
1427365755016949769,negative,0.00018110418317800019
1427365755440574468,negative,3.3534086997954894e-09
1427365755608309770,positive,0.8195052976358304
1427365755826364421,negative,0.012629335474217915
1427365755830538240,negative,0.04574357571664197
1427365756791054342,negative,2.260010821399603e-08
1427365757122396161,negative,0.10964564277093683
1427365757793538054,negative,0.16704122163370452
1427365759769001991,positive,0.6785976055735782
1427365760138153996,negative,0.10964564277093683
1427365760964440070,negative,0.0005275714878620718
1427365761094406151,neutral,0.41956321267742214
1427365762197606400,negative,0.0007156153086692468
1427365762520522758,negative,0.16768421633797975
1427365762520555524,negative,0.0033282900778951303
1427365762612830213,negative,0.0007358892724095715
1427365768216338440,negative,0.0075938664905005615
1427365768774275074,negative,0.007174632800567965
1427365770422628354,negative,0.00012792402187290035
1427365775707418624,negative,0.11311181130717914
1427365776714084352,neutral,0.5493811486656127
1427365779473899523,negative,0.029947885453134718
1427365784272220163,negative,3.1029210982423387e-07
1427365784553234432,negative,0.002463209023216259
1427365786914476048,negative,1.7053742868653603e-05
1427365787455664139,negative,0.034460725528559
1427365787866644483,negative,3.262099447585443e-06
1427365788428685312,negative,0.011772453611050771
1427365789666004997,negative,0.000248359495041441
1427365790022569991,negative,0.000248359495041441
1427365790446145544,negative,0.1304949588849089
1427365792509739009,negative,0.00012049449239936324
1427365793642209288,negative,1.4922034878547097e-06
1427365793814224897,negative,0.13150820617501519
1427365796452384778,negative,0.006135805205869797
1427365796884500482,negative,0.15754580253428457
1427365797815533578,positive,0.9910857989583947
1427365798394351621,neutral,0.40944595022028984
1427365798864171013,negative,0.20439966089722336
1427365798931271691,negative,0.018368933953945933
1427365800307044366,negative,0.00017569020463284996
1427365802181906441,negative,0.011772453611050771
1427365803389857797,negative,0.19719747652396774
1427365803536625669,neutral,0.3585934469983344
1427365803595386880,negative,0.01521169672906435
1427365804719419400,negative,1.587346700446441e-05
1427365805595971585,positive,0.8008815015805597
1427365806183260161,negative,0.056017415691729584
1427365806518714372,neutral,0.3761925837679012
1427365808028651524,negative,0.13909466834312934
1427365808141963264,negative,0.0028674321851346525
1427365809391902726,negative,0.11036682895159695
1427365809991602185,negative,0.2267078580224271
1427365810864017416,negative,0.000122937350040461
1427365814139817988,negative,0.04636573716103113
1427365815028944902,negative,0.00017569020463284996
1427365815494619141,negative,0.010164338904583623
1427365816752873477,negative,2.2451312219194298e-05
1427365817629413379,negative,0.000248359495041441
1427365817918820352,negative,0.005225407165226377
1427365818392879107,negative,2.111576034049044e-07
1427365818883584008,negative,0.10562013761800965
1427365819714002944,negative,0.07542123281563215
1427365820301287426,negative,0.16157127117561174
1427365821307932679,neutral,0.35868103636796456
1427365824097042435,negative,0.00017569020463284996
1427365825003073544,negative,0.00016209154104693333
1427365825179172869,negative,0.01916820084027119
1427365825200246791,neutral,0.5450494921012777
1427365826060079107,positive,0.9343671310991865
1427365826605223940,negative,0.06614687019233602
1427365827117031428,positive,0.7344049639932397
1427365827775537152,negative,0.0010597602509625052
1427365829478322178,negative,0.047431770546593414
1427365830455595009,negative,0.25143058873060375
1427365830686355464,negative,0.00017569020463284996
1427365832242475009,negative,4.293632338648275e-05
1427365832787648512,positive,0.9343671310991865
1427365833651671046,negative,0.0007812602793993199
1427365837019754503,negative,0.16157127117561174
1427365837044953090,negative,0.2379576518697791
1427365840559673351,negative,0.014634991087552228
1427365840907902980,negative,3.0467491504842825e-08
1427365841029447680,negative,5.055246486338623e-05
1427365842723934214,negative,2.199352904650336e-07
1427365842833055746,neutral,0.5442060184796753
1427365843139121168,negative,0.15754580253428457
1427365843155968000,positive,0.9343671310991865
1427365844162695177,negative,0.0013537043124231987
1427365844519161859,negative,0.10964564277093683
1427365844972081152,negative,3.232935161527291e-05
1427365845265698824,negative,2.1914813833453225e-12
1427365846448488455,negative,0.02975284354127272
1427365847396491266,negative,0.00012792402187290035
1427365849074212865,negative,0.037841424295697625
1427365849535549444,negative,0.1639450951235744
1427365849749409804,negative,0.00021961913729001738
1427365852316319744,negative,0.14658543852809947
1427365853394259968,positive,0.9993011012373911
1427365856275800070,negative,0.01697177987996139
1427365859320807432,negative,0.0009717288410603373
1427365860289699841,negative,1.7192860358166963e-05
1427365860692332547,negative,0.008805201895285188
1427365861413773312,negative,0.0022926844412844097
1427365862391091203,neutral,0.6301234559680013
1427365863003508742,negative,0.0008863367801243117
1427365863175426057,negative,0.15754580253428457
1427365864031113216,negative,3.436272768087624e-08
1427365865192894470,negative,0.051097251710634305
1427365865486422017,neutral,0.3837162173843233
1427365866828705801,negative,0.2712408155467774
1427365868774776832,negative,0.0026469175471586287
1427365869584326658,negative,0.06144994217194745
1427365870171574274,negative,0.00014120583112235574
1427365870884593674,negative,0.002463209023216259
1427365872566521857,negative,9.230063449567744e-05
1427365874646884352,negative,0.00032018505819935816
1427365874772713475,neutral,0.40944595022028984
1427365875007606789,positive,0.9343671310991865
1427365875401756687,negative,0.00012792402187290035
1427365875481513984,negative,0.0033282900778951303
1427365876936941576,negative,0.00245324862134236
1427365878539210762,negative,0.0003026468798668204
1427365878555873281,negative,0.004210796312055414
1427365879696740356,neutral,0.40156005642514425
1427365880325885957,negative,0.03669644709667022
1427365881420599299,negative,0.04944193418842664
1427365882813091844,negative,0.07583602637651021
1427365883656146957,negative,0.15754580253428457
1427365885535264771,negative,0.0001590884941145661
1427365887305211904,neutral,0.48933996825183923
1427365887569547269,negative,0.13290675446882327
1427365888098017281,negative,0.0036791114382249746
1427365888798363655,positive,0.9343671310991865
1427365890509590540,positive,0.6917059519039537
1427365892904587275,negative,0.1720767428995029
1427365893902901248,neutral,0.45566664633130766
1427365894846652416,neutral,0.5448624780732421
1427365895454744577,positive,0.9932227030135394
1427365897849688064,negative,0.006680905583044323
1427365897975521282,neutral,0.488872061101684
1427365901528088579,negative,0.04806010899068929
1427365901591003141,negative,2.510868186286874e-15
1427365902283157514,negative,0.0003922083941098036
1427365904950702090,negative,0.001690265446614161
1427365905357496328,positive,0.9355190049928973
1427365905655283719,negative,3.7430052872837574e-09
1427365907169480704,negative,0.00013536839360251795
1427365909434355714,negative,0.15754580253428457
1427365909799256064,negative,0.001880141814041235
1427365909967089665,negative,0.2482820950682489
1427365911237902342,negative,0.16157127117561174
1427365912244523026,negative,0.25472943918112745
1427365913477718023,negative,0.13150820617501519
1427365913662312448,negative,0.00033218279282528886
1427365914400501769,negative,0.15754580253428457
1427365916338233354,negative,2.7079272359088127e-07
1427365916426313736,neutral,0.49789225920557484
1427365916912885763,negative,0.00017569020463284996
1427365917839798272,negative,2.661404971092999e-05
1427365918259224576,negative,0.29751437699241917
1427365919328714758,negative,3.0467491504842825e-08
1427365921602015239,negative,1.5933628273206517e-06
1427365923460165632,negative,8.255545614274963e-05
1427365924483575809,negative,3.262099447585443e-06
1427365924584280069,negative,0.29806173804629127
1427365924907233280,negative,0.04574357571664197
1427365926156980227,negative,0.01997590457237792
1427365927193088002,negative,0.04944193418842664
1427365927335702540,negative,0.029417935935148853
1427365929374130177,negative,0.02186011402805575
1427365929525129218,negative,0.003287959513593632
1427365930275938310,negative,0.0013429012923850696
1427365930389184512,negative,0.008642355438632494
1427365930502348802,negative,0.00042427113252987395
1427365930699534344,negative,0.000248359495041441
1427365930888220672,negative,0.0006273918678822649
1427365931433480193,negative,0.010640768674681713
1427365931873968135,negative,0.19100887337343067
1427365932465369091,negative,0.00026029916824197024
1427365933794873344,negative,0.02168143012423108
1427365934801510402,negative,0.00012792402187290035
1427365934834995228,negative,0.0011837065746141144
1427365935741079553,neutral,0.5496678701602578
1427365940178599941,negative,0.01567799491892555
1427365942158368771,negative,0.005861690783286504
1427365942405713935,negative,0.26233067954137407
1427365943106314243,negative,5.56986374285323e-06
1427365944016375815,negative,0.00010192848988653052
1427365944028975104,negative,0.00010192848988653052
1427365945857675272,negative,0.04944193418842664
1427365946587557888,negative,5.56986374285323e-06
1427365946734235665,negative,4.394194319899582e-06
1427365947652853761,negative,0.05217269890806904
1427365948307169286,negative,0.004219081515727852
1427365948684709893,negative,0.01754039964782564
1427365949129334794,negative,0.006135805205869797
1427365949318041601,negative,0.0005474152403508848
1427365951712935937,negative,0.10964564277093683
1427365951771664391,negative,0.01041852133311358
1427365952346337281,negative,0.18739543126695674
1427365954028244997,neutral,0.48985985355856154
1427365955940794381,negative,0.259595488154903
1427365957031251981,negative,0.23517669102536426
1427365957169725445,positive,0.9343671310991865
1427365957832433671,negative,0.02531059390709409
1427365960072241152,negative,0.05100986197128966
1427365962135769090,negative,1.4922034878547097e-06
1427365962312032256,neutral,0.4150877981031699
1427365962693677067,negative,0.00017569020463284996
1427365962853109763,negative,0.0035758019741188086
1427365965109530627,negative,0.2911983991033176
1427365965650661385,negative,0.003235676989935893
1427365965726208000,negative,0.30865627033003495
1427365966762188808,neutral,0.5798267554255554
1427365967269666819,negative,0.045439897150781394
1427365968439910400,negative,0.010671844267804535
1427365969601699854,negative,0.04574357571664197
1427365971401052171,negative,0.041073646270206834
1427365971916906497,negative,0.051424716205377516
1427365974060191746,negative,1.0941877409391311e-05
1427365974483865601,negative,0.007741962529585668
1427365974584565760,neutral,0.4992934464918656
1427365974706200576,negative,0.2369471784626179
1427365975305883653,negative,0.004219081515727852
1427365977440899074,negative,0.0005231310935908299
1427365979005329413,negative,0.11176772762326523
1427365980242579456,negative,0.2712408155467774
1427365984000688130,neutral,0.3648490144406387
1427365985498144780,negative,9.696356246306802e-13
1427365985854672898,negative,0.00010163448766600152
1427365986081062918,negative,0.15754580253428457
1427365987620425739,positive,0.9343671310991865
1427365989084274689,neutral,0.49789225920557484
1427365990032199690,negative,4.880145822010358e-05
1427365990036393988,negative,0.0380155618466152
1427365990397104128,negative,0.003301583093742451
1427365991793799169,negative,0.0012333055364396025
1427365991953182728,negative,0.07302412072975543
1427365993236545536,negative,3.395178468627184e-05
1427365994570342405,negative,8.348073096898663e-06
1427365994813591552,negative,0.11052877403050977
1427365995488980993,negative,0.00201948948947083
1427365996042625029,negative,0.04574357571664197
1427365996973670402,negative,0.0003922083941098036
1427365997804150784,negative,0.16157127117561174
1427365998164905991,negative,0.014335261269308881
1427365999167279104,negative,0.1381409785300404
1427365999985242116,negative,4.990306379017459e-09
1427366001050587140,negative,0.005762157680247571
1427366001067311106,negative,0.20920271087213024
1427366001549758468,negative,0.08422203159189535
1427366003760107523,negative,3.108208010872531e-05
1427366004376604674,negative,0.00015790833467575562
1427366006163443720,positive,0.8008815015805597
1427366007195246595,negative,0.0016534045336087102
1427366007660744713,negative,0.0007812602793993199
1427366007912472579,negative,0.0022429083476298486
1427366008239673347,negative,0.15754580253428457
1427366008742944775,negative,2.8531689011032387e-05
1427366009384669187,neutral,0.3772169282123714
1427366010080960517,negative,0.0003084828130471551
1427366010739384327,positive,0.9343671310991865
1427366011532189709,negative,0.011002318036216367
1427366012165500933,negative,0.1947911742678152
1427366012735967239,positive,0.6917059519039537
1427366013968977922,negative,0.20186375291452507
1427366014866575366,negative,0.024967184660656443
1427366016674406402,negative,0.0008920047304927495
1427366020260499464,positive,0.7344049639932397
1427366021690793988,negative,0.18387029119173803
1427366022978363401,negative,0.004219081515727852
1427366023569690652,negative,0.0857324029124399
1427366023699877899,negative,0.0012630893083789715
1427366026426060806,negative,0.2213152128394102
1427366030842675201,positive,0.6789216652729287
1427366033317318656,negative,2.1851401945320726e-07
1427366033531211779,negative,0.01521169672906435
1427366034940604422,negative,0.001904475383042406
1427366035007619075,negative,0.013911797166000212
1427366036249137155,negative,0.004219081515727852
1427366036379095063,negative,0.00017446435515422665
1427366036559450120,negative,0.2379576518697791
1427366037230600199,neutral,0.5533970533999424
1427366038509924356,positive,0.9343671310991865
1427366039726264330,negative,0.003421891797739503
1427366040024064000,negative,0.062226469440541755
1427366041265508353,negative,1.4867338402346459e-05
1427366041450070021,negative,2.661404971092999e-05
1427366042586714116,negative,0.03966636426796163
1427366044612636682,negative,0.02378823815564283
1427366044625211392,negative,0.02792673771566259
1427366044943912965,negative,0.0967476621482949
1427366045640187905,negative,0.003991303092140947
1427366046776938502,negative,0.03716185392576945
1427366048005824516,negative,0.05217269890806904
1427366048412602371,negative,8.21223607126356e-05
1427366050153189381,negative,4.5664080750243083e-07
1427366051591987209,positive,0.9343671310991865
1427366051625451522,negative,0.005021501231109607
1427366052258893829,negative,0.16157127117561174
1427366053349367819,negative,4.0508334540541626e-07
1427366056922947590,neutral,0.6167616748233712
1427366057157677076,negative,0.015609109747442779
1427366057166114821,negative,0.011342514419224351
1427366059267461120,negative,0.039928861545064684
1427366062509731848,positive,0.8195052976358304
1427366062987825152,negative,0.16085193613610357
1427366063566639115,negative,8.255545614274963e-05
1427366064183250947,negative,0.016254099785203136
1427366064661336066,negative,0.10964564277093683
1427366066435596291,negative,0.07365437437223223
1427366066871803905,negative,0.0012575684822478004
1427366067077275659,negative,0.0018668014417027785
1427366067362537476,negative,0.052958497274778395
1427366069149241345,negative,0.030462341841469374
1427366069426171907,negative,0.18712030568094876
1427366069468114951,negative,0.003492074361701301
1427366069589716998,negative,0.009918763978188746
1427366070822719506,negative,0.0005105071801044583
1427366072353705984,negative,4.442526816972574e-07
1427366072689233921,negative,0.0026514926545798045
1427366073767186432,negative,0.009895410728833577
1427366074803113988,negative,0.00992947449627232
1427366075260444673,negative,0.0010346523834525812
1427366077047218180,negative,0.13068678921591073
1427366078796161024,neutral,0.49789225920557484
1427366079404314627,positive,0.8008815015805597
1427366081694416902,negative,0.06604228111972148
1427366083703492608,negative,0.05104202809165011
1427366086664724482,negative,0.3008616857222844
1427366086895362048,neutral,0.42654411273417087
1427366087436521482,neutral,0.5367200052356949
1427366088661217292,negative,0.003235676989935893
1427366088665358339,negative,2.7290096226728244e-05
1427366089630130186,negative,0.06614687019233602
1427366090175393796,negative,0.2379576518697791
1427366090640875521,negative,0.14083035215993595
1427366091030937600,negative,0.003607424711676905
1427366092457009156,negative,0.00017569020463284996
1427366092515782659,negative,0.01174924711378951
1427366092649938946,neutral,0.48602577941782094
1427366093052530695,negative,0.00012049449239936324
1427366093765681160,negative,0.13150820617501519
1427366094113841155,negative,0.0712866847522804
1427366094508015617,negative,0.07365437437223223
1427366095246274567,negative,3.262099447585443e-06
1427366096986939401,negative,6.106889640158257e-07
1427366098803044352,negative,0.15754580253428457
1427366101508247555,neutral,0.6388733437275337
1427366105132191750,negative,0.00034949945860682317
1427366105379713031,negative,4.397619825451256e-07
1427366106918969345,negative,0.15754580253428457
1427366108076679174,negative,0.04574357571664197
1427366108089266184,negative,2.1499583210441736e-08
1427366109108449281,negative,0.007186037460410977
1427366110001713168,negative,0.0006289786226287307
1427366110396133385,neutral,0.49789225920557484
1427366110899359756,negative,0.02644142183654108
1427366112338104325,negative,0.014392689159340154
1427366112359067648,negative,4.2079941645260317e-07
1427366112396726272,negative,0.00014499244329514016
1427366112744853516,negative,0.0011395925959578666
1427366113126584328,neutral,0.5630410866502906
1427366113323667456,negative,0.031496393046198834
1427366113495732226,negative,1.4211100605187807e-05
1427366114540113928,negative,0.09297868303248435
1427366114967887872,negative,0.0005474152403508848
1427366115504791556,negative,0.133031108013531
1427366116465135626,negative,0.1626163168902435
1427366117111119878,positive,0.6917059519039537
1427366118096769033,negative,0.15754580253428457
1427366119418048518,negative,0.2911983991033176
1427366120495910918,negative,0.04944193418842664
1427366120907059201,negative,0.011002318036216367
1427366121334878208,neutral,0.3731014007244097
1427366121397800970,negative,1.1628412752236204e-05
1427366122685444099,negative,0.30942350916132183
1427366122702184454,negative,0.0005253675617695535
1427366123004170240,positive,0.8008815015805597
1427366124438577157,negative,0.0026469175471586287
1427366124979736577,negative,0.0024719362935596216
1427366126464425984,negative,0.009451677576056312
1427366128125464578,neutral,0.48602577941782094
1427366130964963338,negative,0.015609109747442779
1427366131900329998,negative,3.656129418596345e-07
1427366132361699329,neutral,0.5349786964469212
1427366134085525505,negative,0.048833702461877765
1427366134425268229,negative,1.586220503757097e-06
1427366134811172867,negative,0.00042427113252987395
1427366134878179331,negative,7.236674375847786e-08
1427366135423545356,negative,0.31754713501774456
1427366137273139201,negative,0.06513598552834562
1427366139915608065,negative,0.15754580253428457
1427366142398672901,negative,0.00013593367648708133
1427366144890052610,negative,0.051097251710634305
1427366145477300233,negative,4.7390191360305584e-05
1427366145728864263,negative,3.108208010872531e-05
1427366146211291143,positive,0.9213603773109085
1427366147586985984,negative,0.30942350916132183
1427366147977105413,negative,0.06692082588542778
1427366148857745419,negative,1.803134165692017e-12
1427366149436715011,negative,0.0003084828130471551
1427366150078451716,negative,0.24071760370697484
1427366151395463168,neutral,0.49789225920557484
1427366154385952768,positive,0.9592576942015592
1427366154469847046,negative,0.003424172761199388
1427366155505831941,negative,0.037194548783398104
1427366155623309318,negative,0.04574357571664197
1427366155778396166,negative,0.16352019608485005
1427366156122349570,negative,0.16352019608485005
1427366156428582914,negative,0.0037353794660489425
1427366156428619776,negative,0.00014499244329514016
1427366158559219712,negative,0.00035973195539112365
1427366161302306816,neutral,0.3676356850577871
1427366162728431619,negative,0.020224883767871345
1427366163562975250,negative,0.0009528240570941547
1427366164615745550,negative,0.004601112890697783
1427366168910864389,negative,5.940868341967354e-07
1427366169816743939,negative,0.10600636607000048
1427366170055913477,negative,4.251774975896108e-12
1427366170269822976,negative,5.5928911760309414e-05
1427366170324193285,negative,0.01123936139441366
1427366170584391685,negative,1.0109580846182027e-07
1427366173147115524,negative,0.059664097807214926
1427366174183108615,positive,0.6942705994374471
1427366174581530629,negative,4.502284073070572e-05
1427366174799564802,neutral,0.36724656370744296
1427366174963249155,negative,0.2567978855709414
1427366175567134723,negative,1.0799755478911954e-05
1427366175948820480,negative,0.07019238151249844
1427366176271785987,negative,0.012652110318235545
1427366176313729034,negative,0.00011543388181465007
1427366176397668363,negative,0.0035758019741188086
1427366176699604994,negative,0.18209888297271373
1427366178062839817,positive,0.6789216652729287
1427366178662633473,positive,0.6789216652729287
1427366180587810816,negative,0.0003535126183127754
1427366181128871936,negative,0.16352019608485005
1427366181263093763,negative,0.14090251376401913
1427366181980233732,negative,0.0071459514362257615
1427366187655172101,negative,6.067459490537971e-05
1427366187906871296,neutral,0.6097545770679442
1427366189236432900,negative,0.15754580253428457
1427366189844635649,neutral,0.6167616748233712
1427366190842843138,positive,0.8159354632189919
1427366191652298759,negative,0.00015610200602034105
1427366192436686854,negative,1.6382179333881668e-05
1427366192713510912,negative,0.021619680353517513
1427366194428923909,negative,0.3026020257727356
1427366195431366667,positive,0.6785976055735782
1427366195800510468,negative,0.03129552894163565
1427366195892822018,negative,0.002702019565932983
1427366198644252672,negative,0.15754580253428457
1427366199621562375,negative,0.0002743249785723395
1427366203417407498,negative,5.105201746841333e-06
1427366203488710663,negative,0.01521169672906435
1427366203673174030,negative,0.08762484183605158
1427366204247793665,negative,0.15754580253428457
1427366204877033474,negative,0.0026469175471586287
1427366206323904519,negative,0.004036138808534004
1427366206827376649,negative,0.019656015917174773
1427366206982471680,negative,0.001904475383042406
1427366207611707395,negative,0.011562186661164504
1427366207670345736,negative,0.0035493744947280577
1427366208752476164,negative,0.00012792402187290035
1427366210153467914,neutral,0.48507923661539654
1427366210367365125,positive,0.9343671310991865
1427366210639966216,negative,0.2379576518697791
1427366210899890192,positive,0.6789216652729287
1427366211067785216,negative,0.17569568732996474
1427366211445301255,negative,2.661404971092999e-05
1427366212015726592,negative,1.1896342702098335e-05
1427366213261398017,negative,0.002463209023216259
1427366213760454657,negative,0.03818762802057203
1427366217711505410,negative,1.4211100605187807e-05
1427366217770315778,negative,3.2706905606424406e-05
1427366220169351175,neutral,0.44185410108630957
1427366220412694534,negative,0.034698061922755534
1427366221016666113,negative,0.0075938664905005615
1427366221088010246,negative,0.3029968537174699
1427366221243199492,neutral,0.6255248137969407
1427366223319273472,negative,0.07587672513233827
1427366223541637123,negative,0.0009722708283357628
1427366224942583809,negative,0.022688441189231467
1427366226074943492,negative,0.004219081515727852
1427366226947362819,neutral,0.49789225920557484
1427366227001823255,negative,0.0002618314855583175
1427366228398526479,negative,0.042520041448306095
1427366228545392640,negative,0.04574357571664197
1427366229141032965,negative,0.00099821064011448
1427366230474821633,negative,0.003723029176773189
1427366230944530438,positive,0.9343671310991865
1427366231137529863,negative,0.027246247958768118
1427366231246622727,negative,0.0008688808196172039
1427366231833780225,negative,0.023214452159475898
1427366232215408640,negative,8.826771390568837e-06
1427366232555237378,negative,3.7735637594227026e-05
1427366234140692482,negative,0.015609109747442779
1427366237034721287,negative,0.04574357571664197
1427366237810700302,negative,0.10586756876016308
1427366237844160519,neutral,0.5442060184796753
1427366238095826946,negative,0.025611285101906602
1427366238188146695,negative,0.0004102285314644828
1427366238439759876,negative,0.0004739630013533502
1427366240641748999,negative,0.007300349691330949
1427366240843141128,neutral,0.49789225920557484
1427366243368120325,negative,0.014876970873445958
1427366244294938634,negative,0.0005082585031979294
1427366245716926466,negative,0.009133090363476199
1427366246136389633,negative,0.07279953170392685
1427366247256117258,negative,0.04890525198815732
1427366247918882818,negative,1.0799755478911954e-05
1427366248556474376,negative,2.260010821399603e-08
1427366249005211651,positive,0.9343671310991865
1427366250708152323,negative,0.0015546888630310238
1427366252914348041,negative,0.0009528240570941547
1427366254189457408,negative,0.1739466423725511
1427366254998925320,negative,0.01939165374723412
1427366256219508738,negative,0.18839768532300802
1427366256810811398,negative,0.0013954431140853
1427366257288941569,negative,0.02283429156060794
1427366257410576389,negative,0.11154443292387338
1427366258006237188,negative,6.236669300973875e-05
1427366258492706824,negative,0.12146426141732296
1427366259260366854,negative,0.15754580253428457
1427366259658829828,negative,0.16331181062016997
1427366260573093895,negative,0.0035758019741188086
1427366264746434563,negative,0.0003922083941098036
1427366267070160905,negative,0.12135074561792403
1427366267112075274,negative,0.15754580253428457
1427366269108592645,negative,0.259595488154903
1427366270358499335,negative,0.0002499333157930882
1427366270593294344,negative,0.023467459465030923
1427366270924574742,negative,0.0003922083941098036
1427366274032705536,negative,0.2715112748177875
1427366276553482248,positive,0.9980891944803831
1427366277165862919,negative,0.010920081407666593
1427366278885486597,negative,0.04574357571664197
1427366279833341961,negative,0.13238879212642776
1427366280265289738,negative,0.0008920047304927495
1427366281406304262,negative,0.13068678921591073
1427366281943130118,negative,0.00012792402187290035
1427366282358308876,neutral,0.4334392617149784
1427366282559725579,negative,0.15754580253428457
1427366283516039170,negative,0.10964564277093683
1427366284795187201,negative,0.06692082588542778
1427366287693553666,negative,0.00010192848988653052
1427366287886389250,negative,7.242733697621014e-06
1427366289543213057,negative,0.15754580253428457
1427366289744482313,negative,0.29806173804629127
1427366289769734154,negative,7.236674375847786e-08
1427366289870360577,negative,0.0008338536391422386
1427366290142941186,negative,1.0799755478911954e-05
1427366291417993219,negative,0.013352183976562853
1427366293745901574,negative,2.260010821399603e-08
1427366295192940546,negative,0.004210796312055414
1427366295402594304,positive,0.9901106539723571
1427366295780089860,negative,0.0004398452946405061
1427366299047534604,negative,0.09488824926404411
1427366299437604865,negative,0.10687224126705498
1427366299693367297,negative,0.12146426141732296
1427366299986956300,negative,0.17835860013943883
1427366300444200968,negative,0.00010192848988653052
1427366300683276291,negative,0.00017569020463284996
1427366301014630400,negative,0.0033568498794578085
1427366301564129292,negative,0.004424836559181427
1427366302088409088,negative,6.858116306821701e-09
1427366302566465548,neutral,0.4611752829793501
1427366303292080132,negative,0.01939165374723412
1427366303329837056,negative,0.1947911742678152
1427366304361721859,negative,0.11219885805149757
1427366307150942212,negative,0.1558049808443867
1427366307289313281,negative,5.4155690685165216e-12
1427366307389968387,negative,0.03704416140507249
1427366307515744262,negative,0.16157127117561174
1427366307910098961,negative,0.16157127117561174
1427366309952638978,neutral,0.5630410866502906
1427366311496077329,negative,3.957185478855366e-06
1427366312058277889,negative,0.15754580253428457
1427366313358503936,negative,0.002700698324663485
1427366314839089162,negative,0.032303325873700973
1427366315858309129,negative,7.976475919084796e-09
1427366316319690757,negative,3.3629520315230327e-06
1427366316579643398,negative,0.3031096591876201
1427366320136462340,negative,0.010920081407666593
1427366321168207872,negative,0.15754580253428457
1427366321193369607,negative,0.0026097881076930706
1427366321591922688,negative,0.0360586739665693
1427366322388750349,negative,0.00010192848988653052
1427366322523054083,neutral,0.623227358165629
1427366322657275908,negative,0.07759589348582356
1427366322913136640,negative,0.0009022441770709045
1427366324246810628,negative,0.0007812602793993199
1427366325098360835,neutral,0.5361014492275912
1427366325186408451,negative,7.58735640828594e-07
1427366325257658369,negative,0.12723630299316385
1427366326251708416,negative,0.0006002194196648405
1427366326608224261,negative,0.01939165374723412
1427366326926983176,negative,9.560225507743414e-06
1427366327031844882,negative,1.240996805789358e-05
1427366327753363460,negative,1.2154132728507139e-08
1427366329129054209,negative,0.18176756899628926
1427366329481302017,negative,0.06826752985655189
1427366329934389250,negative,0.07724245901417592
1427366330961956864,negative,0.075302756045155
1427366332924899331,negative,0.011165784120959919
1427366333658931202,negative,6.080183115481127e-07
1427366333667323910,negative,0.07019238151249844
1427366335873441795,negative,0.0010747428023789162
1427366335907090437,negative,0.0026469175471586287
1427366338264289282,negative,1.1896342702098335e-05
1427366338574569475,negative,0.06692082588542778
1427366340202016769,negative,0.15754580253428457
1427366343641292808,positive,0.9011394885003907
1427366343901433867,negative,0.00021987422171185363
1427366344111108101,neutral,0.49789225920557484
1427366345566560256,negative,0.22383164098131345
1427366346803847172,negative,0.00017569020463284996
1427366346950651905,negative,0.029748760023119377
1427366347059736577,neutral,0.48907087892085493
1427366348091449350,positive,0.9011394885003907
1427366350012534789,negative,0.2588896921173227
1427366350322913283,negative,2.0883670039116654e-06
1427366350431920139,neutral,0.5442060184796753
1427366350729646087,negative,0.0002532279953454658
1427366351086227456,negative,0.15754580253428457
1427366351237271559,positive,0.9011394885003907
1427366351354597377,negative,1.0799755478911954e-05
1427366351392358403,negative,0.015609109747442779
1427366351442698244,negative,0.00012792402187290035
1427366351933517824,negative,2.661404971092999e-05
1427366352050921483,negative,0.10596441773359634
1427366352784928768,negative,0.0012333055364396025
1427366353913139200,negative,4.422908248249287e-07
1427366355318321152,negative,0.01521169672906435
1427366357117636617,negative,0.09850967535828235
1427366358069698561,negative,3.3301539337021534e-12
1427366358271078405,negative,0.3202835703351929
1427366358992494594,negative,0.002012389636067741
1427366359063797778,negative,0.28961641140578054
1427366359101427738,neutral,0.49789225920557484
1427366360007520257,negative,0.036763927263729734
1427366360598945801,negative,7.025246768374744e-12
1427366363396456454,negative,0.08340378448228768
1427366364432437249,negative,0.10964564277093683
1427366365074178051,negative,0.10273182863207672
1427366365799800832,negative,0.2379576518697791
1427366365883740169,negative,0.001720189609022609
1427366365896314880,positive,0.9147762494640166
1427366367112667139,negative,5.445204064816983e-13
1427366368110915593,negative,0.15754580253428457
1427366368811311105,negative,0.0036791114382249746
1427366368979165194,negative,0.01357020131680545
1427366369046241280,neutral,0.3305485226959848
1427366369792827401,negative,0.3029968537174699
1427366371319549963,positive,0.9343671310991865
1427366371571245065,neutral,0.4558812004171725
1427366372737273861,negative,0.00017439261938047805
1427366372783411203,negative,0.03716185392576945
1427366373412544513,negative,0.16615544337390512
1427366375836823555,negative,0.03171618397794882
1427366376096899072,negative,0.10964564277093683
1427366376352714761,negative,7.083401461037917e-05
1427366376705077255,positive,0.9993011012373911
1427366377355161601,negative,6.437362867042918e-11
1427366377732689924,negative,0.09297868303248435
1427366378340855815,neutral,0.3837162173843233
1427366380190543873,negative,3.6476715789456384e-07
1427366380282826752,positive,0.6641142101888119
1427366380555411466,negative,0.00012792402187290035
1427366380844699650,neutral,0.46127768308170247
1427366381633347590,negative,0.01521169672906435
1427366382677659648,negative,0.002260989607719003
1427366382811979780,negative,0.00010192848988653052
1427366383520817153,negative,8.826771390568837e-06
1427366383730442249,negative,0.0003922083941098036
1427366383826919426,positive,0.9343671310991865
1427366386444210183,negative,0.00011021538622969983
1427366387060658188,negative,0.010320231446011024
1427366387060772875,negative,0.024989140505899673
1427366387371098112,negative,2.661404971092999e-05
1427366388713283587,neutral,0.4695184505824188
1427366389262737411,negative,9.211031439499057e-08
1427366389938102281,negative,0.0007591224359239046
1427366392035221506,negative,0.0002891593198103757
1427366392211415043,negative,1.2562599321939078e-09
1427366392689537027,negative,1.1896342702098335e-05
1427366393343840274,positive,0.7736670447202433
1427366396648988672,negative,0.004729128185573151
1427366398083411972,positive,0.8266441853185765
1427366399832432640,negative,0.01521169672906435
1427366400339894273,negative,0.00017569020463284996
1427366402135052294,neutral,0.5450494921012777
1427366402189582337,negative,0.011772453611050771
1427366403905097729,negative,0.2206382146853089
1427366404123086893,negative,0.00018132511811772673
1427366404609691660,negative,0.00027621355311821473
1427366404727132164,negative,0.006288289127898943
1427366405058580481,negative,0.32074870880262074
1427366407369629704,negative,0.00012792402187290035
1427366408548241412,negative,0.11219885805149757
1427366409269567496,negative,0.003991303092140947
1427366410154651649,negative,0.001904475383042406
1427366410443952130,negative,1.0670052464302514e-05
1427366411228401675,negative,0.12944280751431483
1427366411719036934,negative,0.041680591898805484
1427366412797026312,negative,0.22247631962165826
1427366413287763972,neutral,0.3919276791078506
1427366413623304195,negative,0.0007591224359239046
1427366416727019529,negative,0.008808052051631099
1427366418253860867,negative,0.0036047615504499484
1427366419726020617,negative,0.00048289277631447983
1427366421466603520,negative,0.259595488154903
1427366421550571524,negative,4.422908248249287e-07
1427366424247427072,positive,0.9559917075151311
1427366424545316865,negative,0.17010680590107932
1427366425421877251,negative,0.0226729485180724
1427366426277462019,negative,0.029683668853254547
1427366428164886531,negative,0.18108131422223686
1427366428492107781,negative,0.002463209023216259
1427366428907278338,negative,0.002463209023216259
1427366429742051336,negative,8.794273270226927e-05
1427366433797951496,negative,0.00015790833467575562
1427366434141872128,negative,0.07436264693248397
1427366436020830209,negative,0.0036791114382249746
1427366437023268874,negative,0.0352434259125273
1427366441234407427,negative,0.005124428992005756
1427366441582538762,negative,1.0836151309875243e-06
1427366441825837061,negative,3.108208010872531e-05
1427366443130236936,negative,0.000248359495041441
1427366444937920512,negative,0.0012543817450943657
1427366446535938054,negative,0.1381409785300404
1427366447974535192,negative,0.07302412072975543
1427366448763183116,negative,3.108208010872531e-05
1427366449362919428,positive,0.9628838102869247
1427366449778200577,negative,0.0010282244579411706
1427366450671472673,negative,0.20385106140672624
1427366451258724354,negative,0.06417229486525576
1427366451330048009,negative,0.000248359495041441
1427366451887882244,negative,0.0077847767477023525
1427366452059901954,negative,0.0032752359637318457
1427366453788004362,negative,2.196937154753715e-08
1427366453959856129,negative,0.010671844267804535
1427366455692173317,neutral,0.6038993467472693
1427366455935385602,negative,0.0011837065746141144
1427366458762440713,neutral,0.3565071298303234
1427366459186061321,negative,0.02378823815564283
1427366459479572481,negative,0.0035758019741188086
1427366460465233927,negative,0.029100919729702694
1427366461228687363,positive,0.7518427735407023
1427366461358710793,negative,0.0008463731500872914
1427366462902177805,negative,0.07365437437223223
1427366463632027648,neutral,0.3305485226959848
1427366465603309573,negative,0.15452476131619788
1427366466677092355,negative,0.05104202809165011
1427366470498070536,positive,0.6789216652729287
1427366472167329793,negative,0.000248359495041441
1427366472771411976,negative,0.002463209023216259
1427366473224310791,negative,5.633157801460898e-06
1427366473236893698,negative,3.814581795007663e-05
1427366473585020934,neutral,0.4334392617149784
1427366474138726402,negative,0.002700698324663485
1427366474742697988,negative,9.42481296086051e-09
1427366475661299712,negative,0.20439966089722336
1427366477192126471,negative,0.1515711990817024
1427366481591951368,negative,0.04944193418842664
1427366481608724481,negative,0.04574357571664197
1427366481650724868,negative,0.00012792402187290035
1427366482745380872,neutral,0.47678313051703747
1427366484439875589,negative,0.011772453611050771
1427366484909731843,negative,0.0011234084159641867
1427366485912178695,positive,0.8037033399176471
1427366486235095041,negative,0.1702556972935191
1427366487333953537,negative,0.24843147508258542
1427366487451385856,negative,7.625245604687868e-07
1427366487581511681,negative,0.13253024524492177
1427366488047079427,negative,0.12944280751431483
1427366489150140426,negative,3.3112411304922766e-07
1427366489544404995,negative,0.02126060415606845
1427366491368960006,negative,0.0005474152403508848
1427366492413251593,negative,0.00032018505819935816
1427366493709381632,negative,0.0003593285651030902
1427366494321655814,positive,0.9993011012373911
1427366495785558019,negative,0.0007812602793993199
1427366495961681923,positive,0.7615411648301202
1427366496314044420,negative,0.024448487293284245
1427366497454862343,negative,0.00963276958995563
1427366499849801730,negative,2.661404971092999e-05
1427366500038496271,negative,0.0017297064183777974
1427366500747337730,negative,0.09341482891271581
1427366500864770053,positive,0.9343671310991865
1427366501171048450,negative,1.4843000157901641e-07
1427366502794137632,negative,0.0015583716596284968
1427366502932623368,negative,0.004210796312055414
1427366504069218305,negative,0.21192963163523793
1427366504220151832,negative,0.0009528240570941547
1427366504820092928,neutral,0.5442060184796753
1427366505088495619,negative,0.0036884462085346294
1427366507298836487,negative,0.0006780338076763917
1427366508653682693,negative,2.962269404966793e-06
1427366508796203019,negative,0.16157127117561174
1427366509408575489,negative,0.17683246237581293
1427366512340480000,negative,0.2369710931082333
1427366514286600198,negative,0.00012792402187290035
1427366514328494080,neutral,0.4514940053375065
1427366514798252033,negative,0.11514602059613607
1427366515368661000,neutral,0.6167616748233712
1427366515398033417,negative,0.011652600914030167
1427366515674914821,negative,0.011772453611050771
1427366516618629123,negative,0.15754580253428457
1427366517650468866,negative,0.006297176326018954
1427366519223238656,negative,5.11768558609136e-05
1427366519420358656,negative,0.2645804637748251
1427366519835615236,negative,0.04508429855346783
1427366522025041924,negative,0.16157127117561174
1427366522121555968,neutral,0.6470138583117905
1427366523941888003,negative,0.19100887337343067
1427366524180996112,negative,0.0009528240570941547
1427366525133070336,negative,0.0008920047304927495
1427366525170855948,negative,0.08504293015938491
1427366525195927557,negative,0.002463209023216259
1427366526022209548,negative,0.2687698396114009
1427366526412378117,negative,0.15754580253428457
1427366529738362888,negative,0.00033218279282528886
1427366529910415365,negative,0.009895410728833577
1427366530094964740,negative,0.18760693662253133
1427366531323908097,negative,0.012652110318235545
1427366531554480129,positive,0.9361329931363962
1427366532925968390,negative,0.16847634498426758
1427366533861421066,negative,0.28011987520281056
1427366536952655875,negative,0.0029375172178721623
1427366537107738625,negative,0.0008165431913536196
1427366537959182337,negative,0.06604228111972148
1427366540123516933,negative,0.15754580253428457
1427366541235048454,negative,0.18839768532300802
1427366542304546821,negative,0.027801666325587823
1427366543067856905,negative,0.18739543126695674
1427366544158433286,negative,0.1482030487050313
1427366544217083912,negative,0.01521169672906435
1427366544661749769,negative,7.597630372483602e-05
1427366545563525132,neutral,0.35785643069366135
1427366549845942276,negative,0.0006815756324000637
1427366551976620033,negative,2.445158706266119e-05
1427366552505143298,negative,0.15966377817883906
1427366552639361033,positive,0.6942705994374471
1427366553104879621,negative,0.05881538616892973
1427366555524997127,negative,0.0989548838198825
1427366555533385735,negative,0.00013455133404413015
1427366555613077517,positive,0.7854038052713262
1427366557420822528,negative,6.15348719914994e-05
1427366559484370950,negative,0.07838682784908217
1427366560897781784,negative,0.027996958251976192
1427366561333989382,negative,0.06823091699225309
1427366561900281857,negative,0.002799599366699917
1427366562076536834,negative,0.15754580253428457
1427366563116634115,negative,0.000248359495041441
1427366563875860484,negative,3.474964500244991e-05
1427366564156805121,neutral,0.4434395497950739
1427366566656561169,negative,0.2155264178073712
1427366566866427905,neutral,0.5121141619768693
1427366567264784385,negative,0.19100887337343067
1427366567986155533,negative,0.005626882380152122
1427366568455983108,negative,0.00010585193438173668
1427366568913219585,negative,0.00017569020463284996
1427366570129506311,positive,0.9979053936435953
1427366570972651528,positive,0.7386603421780076
1427366571387858945,neutral,0.49789225920557484
1427366573099167746,negative,0.014169422393047337
1427366573371691010,negative,0.006680905583044323
1427366574252515329,negative,0.00014721809385698453
1427366574604836870,negative,0.259595488154903
1427366575536017408,neutral,0.49141332772990287
1427366576764948486,negative,0.24086290279979417
1427366576995676161,negative,0.00012571142953615673
1427366577243140102,negative,0.02468092357587372
1427366577767424002,negative,0.00017569020463284996
1427366578883080197,negative,0.00014768644259357465
1427366579344453635,negative,0.009923262169031706
1427366582632816641,negative,0.0003922083941098036
1427366582926389249,negative,0.003437127585856228
1427366584876773376,negative,2.661404971092999e-05
1427366585644294149,negative,0.12146426141732296
1427366587154247683,neutral,0.5901279292000947
1427366588311801856,negative,0.030462341841469374
1427366588592934926,negative,0.1626163168902435
1427366588936769539,negative,0.00017446435515422665
1427366589763145730,negative,0.000248359495041441
1427366592829067271,negative,8.817004871894573e-05
1427366593399558148,negative,0.1639450951235744
1427366593609228296,negative,0.0036791114382249746
1427366594078969860,negative,0.00018132511811772673
1427366594439700484,negative,0.031663219589489436
1427366595412832256,negative,0.16157127117561174
1427366595446325257,negative,0.00012792402187290035
1427366595500859395,negative,0.0017074568702496586
1427366596289380353,negative,0.0019029622261793908
1427366596792696840,negative,0.15754580253428457
1427366597094694920,negative,0.02002547611697828
1427366599850344458,negative,0.00017569020463284996
1427366600026558466,negative,0.15754580253428457
1427366602249543680,positive,0.9343671310991865
1427366602266267659,negative,0.2848129882801992
1427366602706665473,negative,0.0004946397899583759
1427366603239395337,negative,5.117278090683512e-05
1427366603373617164,negative,1.803134165692017e-12
1427366604896182275,negative,0.0005899128634106131
1427366605953118209,positive,0.6789216652729287
1427366607916052484,negative,0.08718709375824596
1427366608150933510,negative,0.006297176326018954
1427366608423559171,negative,0.05104202809165011
1427366611019829248,negative,0.04534917774471991
1427366611418296327,negative,0.10596441773359634
1427366613158965253,negative,0.015609109747442779
1427366613775437827,negative,0.03149955010291329
1427366615419654146,negative,0.00027172663938427943
1427366615658676229,positive,0.6917059519039537
1427366617646878737,negative,0.1458150648300199
1427366618225680384,negative,0.01521169672906435
1427366618951307266,positive,0.9266034090344558
1427366621383995399,negative,1.4922034878547097e-06
1427366622365462534,negative,0.002508116547062297
1427366624374448137,negative,1.0799755478911954e-05
1427366624806461452,negative,0.011165784120959919
1427366626559766534,negative,1.0404413301989306e-11
1427366626630975489,negative,0.09739631833468565
1427366626987429899,negative,0.04113843756712249
1427366628094881798,negative,8.374169927773646e-06
1427366628631666689,negative,0.00030402218960271865
1427366629223043075,negative,0.0006229745909542727
1427366631349575680,neutral,0.3305485226959848
1427366631672623108,negative,0.018670662984092853
1427366631827775490,negative,0.0023956724645817625
1427366635573293059,negative,2.321536567038325e-06
1427366636282159104,negative,0.000737265557906732
1427366637796315136,neutral,0.437369725752128
1427366638567968773,negative,0.04113843756712249
1427366638974820362,neutral,0.4095296879172129
1427366639457214467,negative,1.953180152946221e-06
1427366640585424900,negative,1.983922948020937e-09
1427366641935978501,negative,0.00018132511811772673
1427366641948512262,negative,0.20576854470156494
1427366643689267201,negative,0.13074866144836667
1427366645350215686,negative,0.000248359495041441
1427366646222573574,positive,0.7344049639932397
1427366646608502786,neutral,0.5136446707795853
1427366647229190150,negative,0.010920081407666593
1427366647480922114,negative,0.06692082588542778
1427366650068836356,negative,0.00012792402187290035
1427366653311045635,negative,0.11619088098358671
1427366653940146188,negative,1.0040572772114269e-05
1427366654036619264,negative,0.10964564277093683
1427366656385425415,negative,3.0791825655568186e-08
1427366656578367488,negative,0.036580719946850124
1427366656771346440,negative,0.1557545385666459
1427366658780303363,negative,0.02397211609829376
1427366660416094208,negative,0.01521169672906435
1427366660927799297,negative,0.16627845512212525
1427366661682864134,positive,0.9009377773677355
1427366661758332934,negative,0.0016999398724839754
1427366662446239746,negative,0.0008720109642084536
1427366662760771587,negative,0.004210796312055414
1427366663041781779,neutral,0.44243642609814443
1427366663855427585,negative,3.108208010872531e-05
1427366664220389381,negative,1.2742276041421465e-06
1427366664627236872,negative,0.18024723691420322
1427366665650688003,negative,0.003243724898498667
1427366665831043074,negative,3.8216563660983337e-07
1427366665881272324,negative,0.09250334327269714
1427366666548174855,negative,0.0009528240570941547
1427366667772907532,negative,0.2080069320105487
1427366667999383559,negative,0.0005474152403508848
1427366668532166660,negative,0.1046299921817045
1427366670448963595,neutral,0.49789225920557484
1427366671535202304,negative,0.03764321448438288
1427366673166872584,neutral,0.46884762372283156
1427366674467102723,negative,1.422652334054037e-08
1427366675943464967,negative,0.01521169672906435
1427366677394640906,neutral,0.49789225920557484
1427366680162938887,negative,6.615605668776496e-06
1427366680322322433,negative,0.09386588426549501
1427366680410349572,positive,0.8008815015805597
1427366681144406022,negative,0.016883231740267332
1427366681584750593,negative,0.0038257355288292536
1427366682008358917,negative,0.19012121470534807
1427366682297872390,negative,0.0009528240570941547
1427366683241590788,positive,0.9343671310991865
1427366683728039940,negative,0.00012792402187290035
1427366685179318278,negative,0.002463209023216259
1427366685980434439,negative,0.0035758019741188086
1427366686378893313,negative,0.0027457474196805054
1427366686487982082,negative,0.00016209154104693333
1427366687091924993,negative,0.0005474152403508848
1427366688085921799,negative,0.1211594140918661
1427366693970620421,negative,3.108208010872531e-05
1427366694301863937,negative,0.18739543126695674
1427366694855512070,negative,0.12944280751431483
1427366695472148480,negative,1.0062539579088384e-06
1427366696994680837,negative,0.0017587756110726042
1427366699830071297,negative,4.929499414259409e-05
1427366703864942594,negative,0.3002739504025991
1427366704036917249,negative,0.002566189508971186
1427366704364101634,negative,0.008642355438632494
1427366705383231498,negative,0.0555718195327597
1427366705823633410,negative,0.00017439261938047805
1427366706046029833,negative,0.0008920047304927495
1427366706285060106,neutral,0.5589972986975033
1427366708617093127,negative,0.0026469175471586287
1427366708952674312,negative,0.00017569020463284996
1427366712924639241,negative,0.0003922083941098036
1427366715772518403,neutral,0.6167616748233712
1427366715940294659,negative,0.16157127117561174
1427366716548472834,negative,0.07405598387524819
1427366716548567050,negative,0.011772453611050771
1427366716846350341,negative,0.00012792402187290035
1427366718104612868,negative,0.10658520738716618
1427366718628839431,negative,0.034460725528559
1427366718687612928,negative,0.00033485618351312713
1427366718880600067,positive,0.8008815015805597
1427366719211855872,negative,0.00025677508970996666
1427366719593619470,negative,0.05217269890806904
1427366720478617606,negative,1.4211100605187807e-05
1427366720621187072,negative,2.445433116124232e-05
1427366722198196230,negative,0.04806010899068929
1427366722441555969,negative,0.056094838341412115
1427366722709999621,positive,0.6789216652729287
1427366723230052355,negative,0.07019238151249844
1427366724085731328,negative,0.00010192848988653052
1427366724500865024,negative,0.16847634498426758
1427366726048571397,negative,0.000737265557906732
1427366728225406978,negative,3.262099447585443e-06
1427366728787501060,neutral,0.4518924931794885
1427366730691710984,neutral,0.4545729117725756
1427366733103390723,negative,0.00012792402187290035
1427366733971656706,neutral,0.4295035849141295
1427366735569637376,negative,1.0040572772114269e-05
1427366738073690114,negative,2.9945023463113807e-08
1427366739457855490,negative,0.001444628618518768
1427366739487203338,negative,0.10042655560560587
1427366741915705349,negative,3.8006210216039534e-15
1427366742192447494,negative,0.26243577310308314
1427366742372802567,negative,3.7371888705489974e-09
1427366742427377672,negative,0.051424716205377516
1427366742536376320,negative,0.0032674916470036416
1427366743022850071,negative,3.262099447585443e-06
1427366746546126860,negative,1.6777488158720636e-09
1427366746579783682,neutral,0.49789225920557484
1427366746839728143,negative,0.16847634498426758
1427366747900887043,negative,0.011165784120959919
1427366747989057538,negative,0.014392689159340154
1427366749377343490,negative,0.02531059390709409
1427366750635577354,negative,0.00010192848988653052
1427366751092854787,negative,0.2047217102450708
1427366752862806016,negative,0.0011985657076396918
1427366753148051464,negative,0.15754580253428457
1427366753277984770,negative,0.017774394932655344
1427366754003652613,negative,0.02168143012423108
1427366754704035855,negative,0.0036791114382249746
1427366756545437697,negative,1.755247167698575e-06
1427366758164353024,negative,0.00017569020463284996
1427366763377872903,negative,0.12146426141732296
1427366763998633985,positive,0.8722189163040902
1427366765156343814,negative,0.12349429145986153
1427366765441523712,positive,0.8008815015805597
1427366769098956800,negative,0.004219081515727852
1427366771611381760,negative,4.174435148918321e-05
1427366774106959874,negative,0.00010510506412176401
1427366777823154177,negative,0.00029471560312253095
1427366780754923525,negative,0.001247876069053372
1427366781132410884,neutral,0.5533970533999424
1427366782881435651,negative,0.0006080865043248299
1427366784177426433,negative,0.0027060321999716227
1427366784487862272,negative,5.703566841469115e-05
1427366785746194436,negative,5.276481779587336e-07
1427366786261991429,negative,0.001578657248540375
1427366786974961678,negative,0.009133090363476199
1427366788032077836,negative,7.58735640828594e-07
1427366788770287619,neutral,0.5442060184796753
1427366791634898958,negative,8.374169927773646e-06
1427366791744008195,negative,0.06006229460297461
1427366792251551757,negative,0.00017871453514533482
1427366793044168708,negative,1.983922948020937e-09
1427366793182687234,negative,0.002198110097928973
1427366795153903616,negative,0.00010192848988653052
1427366795359494151,negative,3.262099447585443e-06
1427366795728625670,positive,0.8008815015805597
1427366796051550213,negative,0.0037495246348347726
1427366796244422664,positive,0.6789216652729287
1427366796592500746,negative,1.1774343404670335e-05
1427366796714299403,negative,2.1983816127269855e-08
1427366797213413380,negative,0.000248359495041441
1427366798190592003,negative,0.12944280751431483
1427366799276904451,neutral,0.5641118905902766
1427366799973175296,negative,0.00010192848988653052
1427366800086511619,negative,0.1012613640629963
1427366801386704896,negative,0.00011540652201753556
1427366801839730688,negative,0.2848129882801992
1427366802355593222,negative,0.02792673771566259
1427366805224378408,neutral,0.40949387150687144
1427366808563200013,negative,0.0001088048910155227
1427366808663826441,neutral,0.6094897628276936
1427366810110906371,negative,0.15754580253428457
1427366810723172352,negative,0.014392689159340154
1427366812245692418,positive,0.9591480287514074
1427366813030043665,negative,0.00014423419990494736
1427366813323694093,negative,0.2051675313174082
1427366813780824068,neutral,0.418643144867986
1427366813906751488,negative,0.002262241296969558
1427366814640640000,negative,0.001904475383042406
1427366815022395394,neutral,0.37559933176070304
1427366815899045892,negative,0.002799599366699917
1427366817132056580,negative,0.002168261322594188
1427366817476091904,positive,0.6789216652729287
1427366819262836738,negative,2.2202254810582694e-05
1427366820621787137,negative,2.7044836036717234e-06
1427366821179510794,positive,0.6785976055735782
1427366822488256519,negative,0.2850093417421068
1427366822601498626,positive,0.7263454024938072
1427366822643441669,negative,0.018305099489767634
1427366823125782528,neutral,0.36707611651754307
1427366824925175809,negative,0.009833380852157165
1427366826242097154,negative,0.12060301451836891
1427366826242101256,negative,0.015609109747442779
1427366826653138945,negative,0.13144521619883262
1427366826678394886,negative,0.008116131039630431
1427366826795847682,negative,1.4524383245623381e-05
1427366827047403521,negative,0.15754580253428457
1427366827110412293,negative,1.2578799719476942e-08
1427366827341058050,negative,0.2315437710371994
1427366828108623872,negative,0.15754580253428457
1427366829803122690,negative,0.16352019608485005
1427366830168055810,negative,3.7391483836691087e-07
1427366832034439172,negative,0.04944193418842664
1427366833527611398,negative,0.00036346611421802003
1427366834722967561,negative,0.0008463731500872914
1427366836199428102,negative,0.15754580253428457
1427366836534927365,negative,0.04574357571664197
1427366836912406538,positive,0.6917059519039537
1427366837302534147,negative,0.011724737227430823
1427366839177338881,negative,0.0002507741366380891
1427366840876023813,negative,0.1497113125610847
1427366841660448777,negative,0.0005474152403508848
1427366841693921290,negative,0.259595488154903
1427366844202164226,negative,1.0040572772114269e-05
1427366844931903495,negative,1.6680642738682042e-12
1427366845007503372,negative,0.0033282900778951303
1427366845062033414,negative,0.3154623014225141
1427366845569552392,negative,0.028640936980283853
1427366845892415494,negative,0.031123989419864363
1427366848253894657,negative,0.007350004587674079
1427366848438448128,negative,0.07019238151249844
1427366848736251911,negative,1.623666340902751e-11
1427366850732625924,negative,4.8824459392654243e-11
1427366852305596419,negative,0.010246089831815493
1427366852741709827,negative,0.011165784120959919
1427366853471522820,negative,0.001473310796349267
1427366853895200772,neutral,0.39274765723876304
1427366859729481738,negative,3.771579627370519e-09
1427366859746291712,negative,0.00021696405540038593
1427366863558828037,negative,0.014329050767923084
1427366864628424709,neutral,0.5017543432377519
1427366866163482635,negative,0.005807604765881779
1427366867283451905,negative,0.0004928706134645771
1427366867576967168,negative,3.108208010872531e-05
1427366871163187203,negative,0.008092333125565638
1427366873138548781,negative,0.21819758223844898
1427366873956507654,neutral,0.49789225920557484
1427366874191388682,positive,0.9995845597596971
1427366874258591753,positive,0.9213603773109085
1427366876267548680,negative,4.739620445419964e-09
1427366877467070467,negative,0.056017415691729584
1427366878587068418,negative,1.8772997106621502e-05
1427366880835158018,neutral,0.5375419488527471
1427366881787322369,negative,0.012652110318235545
1427366882613604352,negative,0.06275131485188522
1427366882693234692,neutral,0.5476707655798202
1427366883238584323,negative,0.04636573716103113
1427366884740059136,negative,0.23972773971202263
1427366884790439938,negative,0.16157127117561174
1427366886124228613,negative,0.08696221911005257
1427366886849880064,negative,0.005925332720711448
1427366889127305228,negative,4.442526816972574e-07
1427366890092040192,negative,0.2812124665127172
1427366890247176192,positive,0.9343671310991865
1427366891631349760,negative,0.2290190315077427
1427366894122700809,negative,0.11109858797805389
1427366895083298816,negative,0.009959402335574923
1427366895255179280,negative,0.0006080865043248299
1427366895288782854,negative,2.260010821399603e-08
1427366896656076811,negative,0.0913258027028035
1427366897163591684,negative,0.0018149025379544921
1427366897255866376,negative,0.014641907515847194
1427366897939529733,negative,0.18387029119173803
1427366898455523328,negative,0.01449768033798974
1427366899919335425,negative,0.011284623749380465
1427366900263227402,negative,0.008092333125565638
1427366903119585286,negative,3.1156924510668686e-07
1427366903937437699,negative,0.04181091088578541
1427366905057366019,negative,0.01313590735916523
1427366905246007296,negative,5.08796609525811e-12
1427366906017746947,neutral,0.34398618503349043
1427366906265284613,negative,0.000248359495041441
1427366906466549761,negative,0.00015790833467575562
1427366907217338371,negative,0.0035758019741188086
1427366910950268939,negative,0.049888876074778946
1427366914381303809,negative,0.0029728684277025366
1427366914477678595,negative,0.006297176326018954
1427366915274678280,negative,0.31821399201911765
1427366917833207808,negative,0.2850093417421068
1427366918239961091,neutral,0.5131820754222006
1427366918537760768,neutral,0.38975185533398415
1427366918789517314,negative,0.02827307356651505
1427366922308538378,negative,0.01914999030486755
1427366923017367557,negative,0.13068678921591073
1427366925533843461,negative,0.00012792402187290035
1427366929556250631,negative,1.4211100605187807e-05
1427366929858244617,negative,0.16157127117561174
1427366929929490432,negative,0.3222499582623529
1427366930181152770,negative,0.05394374399068289
1427366930843947008,negative,0.29127902430581776
1427366931061956612,negative,0.007042516414701161
1427366931120721928,negative,6.305847481920711e-06
1427366932328636422,negative,0.003484374174860905
1427366932710309888,negative,0.00017569020463284996
1427366937412227072,positive,0.9266034090344558
1427366938339004436,negative,0.03971249045965542
1427366939920322562,negative,0.0003922083941098036
1427366939924512768,negative,0.19283294935174752
1427366941178609673,negative,0.04574357571664197
1427366942445228049,negative,3.526232912145989e-05
1427366944169156608,negative,1.0976662516874766e-09
1427366945335169032,negative,0.00016126637072891997
1427366946320826369,negative,0.0006465574244541025
1427366946799030280,negative,0.10600636607000048
1427366947403014146,negative,2.1983816127269855e-08
1427366947482656770,neutral,0.37559933176070304
1427366949760249856,positive,0.9343671310991865
1427366950326448133,neutral,0.40291229240338877
1427366951383359490,positive,0.7039216430524671
1427366954248048641,negative,0.00028301534675028356
1427366954835271683,negative,0.000916729021918443
1427366955393110023,negative,0.011562186661164504
1427366956131393542,negative,0.00012792402187290035
1427366956517187589,negative,0.006135805205869797
1427366957121146889,positive,0.6789216652729287
1427366958115196930,negative,7.24892201779223e-11
1427366959323172871,positive,0.6789216652729287
1427366961399406599,negative,0.0005474152403508848
1427366961483288586,positive,0.9343671310991865
1427366961671979021,negative,0.00015790833467575562
1427366961802104834,negative,0.0003922083941098036
1427366963022602243,negative,2.9513014333434697e-08
1427366963282681862,negative,0.00014423419990494736
1427366964427739141,negative,0.006297176326018954
1427366965480501253,negative,0.00046267246679663446
1427366965656567813,negative,0.05217269890806904
1427366965883162629,neutral,0.378087841914061
1427366966419992586,negative,0.3192382406387882
1427366967468609543,negative,0.07838682784908217
1427366967506345997,negative,1.0187783124410721e-10
1427366968454258694,negative,3.0205475964916276e-07
1427366970165506056,negative,0.020651624856337168
1427366970752634886,negative,0.09250334327269714
1427366972010991616,negative,9.0299462582414e-05
1427366973130821633,negative,0.00017439261938047805
1427366974384918528,negative,0.24109548019466398
1427366975286784009,positive,0.9343671310991865
1427366975513182211,negative,0.0948908403365332
1427366977165799427,negative,6.859026436303446e-08
1427366977207742471,negative,0.16907129642054802
1427366978709303302,negative,0.00017569020463284996
1427366980542246914,negative,0.046539466785824865
1427366980689006597,negative,2.661404971092999e-05
1427366981603373061,negative,0.00012792402187290035
1427366982337417220,positive,0.9343671310991865
1427366982408675329,negative,0.00012792402187290035
1427366985281724416,negative,4.442526816972574e-07
1427366985512505351,neutral,0.3609529114644104
1427366986644922370,negative,0.259595488154903
1427366986988806149,negative,0.02644142183654108
1427366990457577490,negative,0.01521169672906435
1427366990633656322,neutral,0.35785643069366135
1427366994110783489,negative,0.15754580253428457
1427366995075506181,negative,0.005668629221419622
1427366995612377091,negative,0.00012792402187290035
1427366996145025031,negative,0.16157127117561174
1427366996660965381,negative,4.168139541885642e-06
1427366996837081091,negative,6.606488260069217e-08
1427366997101322240,negative,0.01521169672906435
1427367000460955656,negative,0.000248359495041441
1427367000515522561,negative,0.0948908403365332
1427367000788148231,negative,0.0033808156328413597
1427367001664757762,neutral,0.36595533109171724
1427367003610914821,negative,2.192127531867613e-05
1427367003803766801,neutral,0.48968107641114417
1427367004621639689,negative,0.12290473419724716
1427367005162725385,negative,3.108208010872531e-05
1427367006345613315,negative,0.05217269890806904
1427367006374879245,negative,0.00014768644259357465
1427367008308449280,positive,0.6789216652729287
1427367009315131393,negative,0.2848129882801992
1427367010380521477,negative,0.00014768644259357465
1427367010774798337,negative,0.00023114843481379725
1427367011479400449,negative,0.003007412313212429
1427367011835858944,negative,0.15754580253428457
1427367013060653063,negative,0.3029968537174699
1427367015505928198,negative,2.556293418997174e-07
1427367016504102917,negative,0.29045043645179963
1427367020987879427,negative,0.002507369714213688
1427367022309019655,neutral,0.5716617127811698
1427367023659655179,neutral,0.34390760743775584
1427367026750894082,negative,2.178632649880751e-05
1427367030072741904,negative,4.442526816972574e-07
1427367030315945987,negative,0.05431387351855678
1427367033776267270,negative,0.16352019608485005
1427367034489348102,negative,8.826771390568837e-06
1427367035625947140,negative,0.003243724898498667
1427367035902775310,negative,0.27394960372692345
1427367037609955328,negative,0.04113843756712249
1427367039073767424,negative,0.002976986089734594
1427367040332013575,negative,0.15754580253428457
1427367041514811393,negative,0.02531059390709409
1427367042949292034,negative,0.16352019608485005
1427367044064944129,negative,0.24086290279979417
1427367044161363971,negative,0.00015790833467575562
1427367044454965250,negative,0.11176772762326523
1427367044597563393,negative,0.04944193418842664
1427367045700665349,negative,0.0003922083941098036
1427367046438920192,negative,4.422908248249287e-07
1427367046484987912,negative,1.5351974894895442e-05
1427367046757724160,negative,0.18839768532300802
1427367048355753988,negative,0.0012589650794239556
1427367048720502788,negative,0.00011382600964432605
1427367050314493959,negative,0.08784470585125553
1427367051220373510,negative,0.04944193418842664
1427367051388235776,negative,0.0024864753700741277
1427367052847763464,negative,0.10287440583990334
1427367054001283087,negative,0.07062769637071324
1427367054043136002,positive,0.8195052976358304
1427367056010268677,neutral,0.38095651273943637
1427367056077377541,negative,0.0015564757776315053
1427367056802926624,negative,0.2596578682585152
1427367056840675348,negative,0.19619181046145825
1427367056840798217,negative,0.0005135457579046182
1427367056924680201,negative,0.1226814370409514
1427367057050513413,negative,0.000248359495041441
1427367057088200706,negative,0.018195067737917688
1427367057276882954,negative,0.08969880827601523
1427367057365114886,negative,0.03292300870297037
1427367057465778178,negative,0.010032827670986184
1427367057742450712,negative,0.19293463418456822
1427367058551951380,negative,0.21190668363518927
1427367059869126658,negative,4.746460872018287e-06
1427367060410191880,negative,1.4211100605187807e-05
1427367060854689792,negative,0.1456303510016621
1427367062092066819,negative,0.07862174512090776
1427367062263910432,negative,0.006940780449462586
1427367062905790470,negative,1.0182936465459524e-06
1427367063639707648,negative,0.21819758223844898
1427367063941746698,negative,0.0006636287569241275
1427367064084393986,negative,0.259595488154903
1427367064734478340,positive,0.915457901902086
1427367065430773764,negative,4.422908248249287e-07
1427367067053875200,negative,0.03410673513166474
1427367067393613826,negative,0.24831195835809475
1427367067649458185,negative,2.1983816127269855e-08
1427367067854917640,negative,1.6823120452391467e-07
1427367069293719555,negative,0.012649197529801898
1427367070849765382,negative,2.661404971092999e-05
1427367070929498113,negative,0.0005689049108654722
1427367072246468619,negative,0.2928027646758388
1427367072707850244,negative,0.11199766159988608
1427367073794174977,negative,0.0010143970022396516
1427367073924239366,negative,0.09488824926404411
1427367074767294470,negative,0.09423061736354733
1427367076029685765,negative,7.921856735772336e-06
1427367076482764802,negative,0.004119167589548952
1427367076839186433,negative,0.004059937713147421
1427367077208334339,negative,0.16352019608485005
1427367077673832450,negative,0.0035758019741188086
1427367078932226054,negative,0.03383355346994779
1427367080253349891,negative,0.0009656297210484671
1427367081817878530,negative,0.07240724761397806
1427367083629809664,negative,0.01762082528523099
1427367084904828939,negative,0.07723560831678909
1427367085311660038,negative,5.133750453632962e-06
1427367085429100552,negative,0.00014768644259357465
1427367086284812290,negative,0.006680905583044323
1427367086523826177,negative,0.0036524862223984676
1427367087014613005,negative,0.00023946354662916336
1427367087358586882,positive,0.8008815015805597
1427367087970869248,negative,1.355352706013236e-05
1427367088369381377,negative,0.005026997339494177
1427367092978917379,negative,0.2850157292204184
1427367093180243975,negative,0.07259065295413306
1427367094031630342,negative,0.259595488154903
1427367094044217344,negative,0.2850093417421068
1427367096128839686,negative,3.7758872687945475e-06
1427367098012114949,negative,0.01036316924909933
1427367098016276484,neutral,0.5442060184796753
1427367098674814985,positive,0.6651166646704891
1427367099006078978,positive,0.9928546905403108
1427367099408728066,positive,0.6785976055735782
1427367099413012484,negative,0.00010004404107586429
1427367100201439241,neutral,0.37782262899334224
1427367101132591114,negative,0.09031001648021343
1427367102567096325,negative,0.20005364862220282
1427367103212969986,negative,0.1076329554571872
1427367103624056833,negative,0.058411880706635014
1427367104827768845,negative,0.15754580253428457
1427367104957886471,negative,0.00012731183441956146
1427367105582833669,negative,0.024807014767287826
1427367106010562565,negative,2.2813192369083014e-05
1427367107222720512,negative,0.011165784120959919
1427367107226963976,negative,1.5351974894895442e-05
1427367107428327426,negative,0.003235676989935893
1427367109546360840,negative,0.022685544769748447
1427367109961687042,negative,0.03216830318448778
1427367109991018511,negative,2.260010821399603e-08
1427367113652584448,negative,0.00017569020463284996
1427367114042707969,negative,0.09423061736354733
1427367114046951430,negative,0.20997074557992096
1427367115632304129,negative,0.021619680353517513
1427367115699507200,negative,4.144956797926426e-06
1427367115712090112,negative,1.648174436014369e-05
1427367115804319750,negative,7.163131813458368e-05
1427367118245437455,negative,0.15205969755398666
1427367118367035402,negative,0.04574357571664197
1427367119818268675,positive,0.6789216652729287
1427367123345723397,negative,0.04301142002460114
1427367124088102922,negative,0.03835364077477869
1427367124243304453,negative,0.034460725528559
1427367125006622724,negative,0.2379576518697791
1427367126378102786,negative,0.18839768532300802
1427367126470377473,positive,0.9343671310991865
1427367126914912277,negative,3.8216563660983337e-07
1427367127934189573,negative,9.375815484789748e-06
1427367127955263495,negative,0.10545286981511183
1427367129054126080,negative,2.9525510706575914e-07
1427367129200873472,negative,0.000248359495041441
1427367129532207108,negative,0.011165784120959919
1427367130543099908,negative,0.20439966089722336
1427367130622795790,negative,0.0005474152403508848
1427367131080019971,negative,0.2742039619042154
1427367131801399297,positive,0.9559917075151311
1427367132468285452,negative,0.013783959502340357
1427367133231697926,negative,0.004333842769319067
1427367133546258435,negative,0.0036791114382249746
1427367133705490437,negative,0.00085955103967297
1427367133705613317,negative,0.0510708152059524
1427367133827194892,negative,3.7567667014085785e-07
1427367136700284930,negative,0.06049641170483364
1427367136700342272,negative,0.24086290279979417
1427367136935223300,negative,0.15754580253428457
1427367137375625224,negative,0.00012792402187290035
1427367137383895045,negative,0.0009528240570941547
1427367137849581570,negative,0.000248359495041441
1427367138050859012,negative,0.22149196241533703
1427367140634632207,negative,0.0645221903089933
1427367141586706435,negative,0.04151972768842267
1427367144992411656,negative,0.010027935337552227
1427367145189560328,negative,0.09437840158556735
1427367146531790848,negative,0.027427713039990354
1427367147819323398,negative,0.0009528240570941547
1427367148591190016,negative,0.02618797331782168
1427367148951846913,negative,0.003202495655380908
1427367150797398017,negative,0.2621870344863674
1427367150977699843,negative,0.0004776832226504827
1427367151237750792,negative,0.0009528240570941547
1427367151569100802,negative,3.108208010872531e-05
1427367151925661701,negative,0.3202835703351929
1427367152605138951,negative,0.0011003189904215114
1427367153259450371,negative,0.0013954431140853
1427367153393618949,negative,0.000248359495041441
1427367153783779329,negative,0.0007155854812544918
1427367154484137985,negative,0.01860937617100203
1427367156342267913,negative,0.009133466800719928
1427367157046857731,negative,0.07416083029045858
1427367157139116034,negative,1.4887557114932095e-09
1427367157818662914,negative,0.0053572165616692915
1427367158435176453,negative,0.008430779428713635
1427367158468825091,neutral,0.5115420060360302
1427367159219503104,negative,7.885574594743375e-05
1427367161383763976,negative,0.0005236483388878762
1427367166396018689,negative,4.966729553435139e-06
1427367166488219652,negative,0.00017569020463284996
1427367166526070789,negative,0.0006056761771132054
1427367166807101450,negative,1.4922034878547097e-06
1427367166869966851,negative,0.0026514926545798045
1427367166890975234,negative,0.00017244256837963833
1427367169369722889,negative,0.001456524545851576
1427367169612988417,negative,0.03251982126049666
1427367171454390279,negative,0.13253024524492177
1427367173710823426,negative,0.02513597841880313
1427367174419648521,negative,0.00012503148781259468
1427367174885167118,negative,0.03146865791656663
1427367175275286531,negative,0.0423877991961615
1427367177359855618,negative,0.15754580253428457
1427367178001604615,negative,0.03716185392576945
1427367178190430215,negative,3.8216563660983337e-07
1427367178429472773,neutral,0.34192128493373425
1427367178446295046,negative,0.01324105713137381
1427367178538405907,negative,0.0008287618243459576
1427367181403185163,positive,0.8669378284403858
1427367182594420739,negative,0.0111201041903262
1427367184137965570,negative,0.12576678140125244
1427367185027055630,negative,0.015730005286154595
1427367185224290312,neutral,0.4514940053375065
1427367186247598083,negative,0.0003105290232024784
1427367187103244292,negative,0.00012326787037813912
1427367187635912714,negative,0.3202835703351929
1427367188286124036,neutral,0.3392320057922241
1427367188432830471,negative,0.00333050732865362
1427367188739072002,negative,6.855789955991302e-05
1427367189661814784,negative,0.19253867728921625
1427367191331188747,negative,2.2937285476529874e-05
1427367192056799236,negative,0.01521169672906435
1427367193394782209,negative,0.000586916923769312
1427367194166431756,negative,0.006428353079549052
1427367194376146948,negative,0.00016717006641948776
1427367194422349831,negative,0.005807604765881779
1427367195223498768,negative,0.1401054826751126
1427367195244318743,negative,2.661404971092999e-05
1427367195861000193,negative,0.241578289881779
1427367196624367619,negative,0.000248359495041441
1427367197920448512,negative,0.002012389636067741
1427367198289534977,negative,0.1557545385666459
1427367199606513666,negative,0.0033282900778951303
1427367200541843470,negative,0.0666744375430826
1427367201133273089,negative,0.0005232504540283046
1427367202215321610,neutral,0.41133817813745255
1427367202743848964,negative,2.260010821399603e-08
1427367204564123652,negative,4.3374264913714103e-07
1427367205121966080,negative,0.02792367846826048
1427367205184868356,negative,0.04732333018819504
1427367206480928773,negative,5.649395328752285e-07
1427367209869918210,negative,3.5582887639421634e-05
1427367210511585314,negative,0.06010164158726479
1427367210960437255,negative,0.11481100301139596
1427367212403281934,negative,0.018141593124445736
1427367212910882817,negative,0.014392689159340154
1427367213988814856,negative,0.0004341697786159954
1427367214559137797,negative,0.11619088098358671
1427367214701850627,neutral,0.34390760743775584
1427367214789894144,negative,0.011772453611050771
1427367214878019585,negative,0.3154623014225141
1427367215657996289,negative,0.006992521737203475
1427367215872069649,negative,0.018724544391780024
1427367216115331077,negative,0.00012049449239936324
1427367216287207424,negative,0.0009717288410603373
1427367216635338757,negative,0.0036791114382249746
1427367218828959750,negative,0.259595488154903
1427367219495948298,negative,0.03866151935455405
1427367219533656065,negative,0.0024928196120666104
1427367220292771846,negative,5.56986374285323e-06
1427367220456345614,negative,0.057042113919800935
1427367220498292738,negative,0.030070255269621208
1427367221106552838,negative,0.00017439261938047805
1427367221777555459,negative,0.16352019608485005
1427367222809284610,positive,0.7344049639932397
1427367222956208137,negative,0.006576377490741909
1427367225007149061,neutral,0.5131820754222006
1427367226747887616,neutral,0.548574379149707
1427367227704102912,negative,0.01939165374723412
1427367228903772162,negative,0.19311067094070053
1427367229620953090,negative,0.15754580253428457
1427367231198007299,negative,1.8236714852434718e-06
1427367233353826311,negative,0.21869627399406738
1427367234054369283,negative,0.06616540990182504
1427367234092077060,negative,4.924286466858962e-06
1427367234272382977,negative,0.00019750423440429942
1427367235509800968,negative,0.013565813505903869
1427367236415762439,negative,0.06493573017200877
1427367236596027493,negative,0.0032299799694069185
1427367238475161612,negative,0.0035758019741188086
1427367238865149952,negative,6.009879068562339e-06
1427367240085741568,negative,0.016172254481620116
1427367240832258062,negative,0.0005899128634106131
1427367242493272078,negative,1.645764609432157e-05
1427367242547728386,negative,0.051097251710634305
1427367243000827917,negative,0.001590479948506903
1427367243407667206,negative,1.0817172846612457e-05
1427367244661678082,negative,4.924286466858962e-06
1427367245051748353,negative,0.13068678921591073
1427367245408358400,negative,0.04508429855346783
1427367245626417159,negative,0.17569568732996474
1427367246289113090,neutral,0.4514940053375065
1427367246557552644,negative,0.012652110318235545
1427367246737858564,neutral,0.35501549591587533
1427367247065006081,negative,2.629237916609496e-07
1427367247107002371,negative,0.0002699251690141086
1427367247648002049,positive,0.7173250527548679
1427367248231112710,negative,6.934834365464206e-05
1427367248461766662,negative,0.07174362539377149
1427367248470097922,negative,0.06487042417033738
1427367249527123975,neutral,0.4514940053375065
1427367249527123977,negative,0.13632126944601988
1427367249711706120,negative,0.0016349787541623223
1427367250428895245,negative,0.05217269890806904
1427367251779391497,negative,0.02644142183654108
1427367252219899909,positive,0.9628838102869247
1427367253788475399,negative,0.04574357571664197
1427367254010834950,negative,2.260010821399603e-08
1427367255080325122,negative,0.0032299799694069185
1427367257030725635,negative,0.0036791114382249746
1427367257282387976,negative,0.003192368116173083
1427367257886404613,negative,0.02283429156060794
1427367260105154568,negative,0.0006298062834481446
1427367261883420678,positive,0.9426921692442912
1427367263473225734,negative,2.3632068975721306e-12
1427367265012486158,negative,1.9909672397091639e-07
1427367267294072834,negative,0.00018132511811772673
1427367267554119686,negative,0.16796390722280205
1427367267843641352,negative,0.0020879799012084466
1427367267860459522,negative,0.2639002539996019
1427367268888027140,negative,0.029110071149492756
1427367268934197262,negative,0.028640936980283853
1427367269483651076,negative,0.026549585377058236
1427367269517176838,negative,0.03866151935455405
1427367271563988995,negative,2.661404971092999e-05
1427367273199816704,negative,0.2813033117294281
1427367274428739597,negative,0.22159934705259285
1427367277381423108,negative,0.006297176326018954
1427367277620613125,negative,0.24086290279979417
1427367277901582340,negative,0.026426833744185113
1427367278002249732,negative,0.12636627367316783
1427367278820171789,positive,0.9343671310991865
1427367280791343144,negative,0.00010192848988653052
1427367281303203842,negative,0.15754580253428457
1427367284188880900,negative,0.05217269890806904
1427367284260102150,negative,0.004059937713147421
1427367284327206920,negative,0.006297176326018954
1427367284771786753,negative,0.0005351335349799057
1427367285963075590,negative,0.00017569020463284996
1427367286659338248,negative,0.0003922083941098036
1427367291029803008,negative,0.10287947203845264
1427367291914792961,negative,0.06759719054954536
1427367293282041857,negative,3.6716703082393484e-06
1427367293420544003,negative,0.004219081515727852
1427367293814812674,negative,0.0007010398433175605
1427367295119249417,positive,0.6785976055735782
1427367295182065675,negative,0.15754580253428457
1427367295261741061,neutral,0.4334392617149784
1427367295559536642,negative,0.2750513099194961
1427367296343945220,negative,5.710103924645211e-14
1427367296377532423,negative,0.00034561317153005496
1427367297031753730,negative,0.09198760573600953
1427367299309256705,positive,0.6785976055735782
1427367299380563970,negative,0.0019142096206745001
1427367299762241541,negative,0.009643716779970352
1427367301519659009,negative,0.16406270918694169
1427367301997862915,negative,0.004092421089941119
1427367302757064711,negative,0.04574357571664197
1427367304342360079,negative,0.056788446904922185
1427367306070413337,negative,0.020491077762390227
1427367306192117764,negative,4.86757194223492e-06
1427367306401882119,negative,0.04623396782922285
1427367306599014403,negative,0.00015180135158908846
1427367307983081477,negative,0.010125307342660572
1427367309115629582,negative,0.002463209023216259
1427367313536344066,negative,3.7735637594227026e-05
1427367315591602180,positive,0.6785976055735782
1427367317386801160,positive,0.6789216652729287
1427367318028443649,negative,5.197082725280616e-09
1427367318372368392,negative,0.3029968537174699
1427367318531854340,neutral,0.4656294377288062
1427367319207034894,positive,0.9997748623725083
1427367319634792455,positive,0.6785976055735782
1427367320188489737,negative,0.10964564277093683
1427367320306044928,negative,0.19311067094070053
1427367320486354946,negative,0.011652600914030167
1427367321719431183,negative,0.0036791114382249746
1427367323430707200,negative,5.115914902307306e-08
1427367326790430720,negative,0.13080016694628274
1427367327327195136,negative,0.0013383216419833549
1427367327696363521,negative,0.0002900413836400342
1427367330665811971,negative,0.2162312832740626
1427367331689287682,negative,0.000248359495041441
1427367333065105410,negative,0.017080405597050794
1427367334130356226,negative,0.15754580253428457
1427367334151397376,negative,0.0009528240570941547
1427367335766147084,negative,0.00017439261938047805
1427367337552928768,negative,0.002209590038977975
1427367337645285380,negative,0.00017569020463284996
1427367337762643974,positive,0.6789216652729287
1427367338098184201,negative,0.10545286981511183
1427367338135937024,negative,0.0003922083941098036
1427367338643492866,negative,0.06513598552834562
1427367338693775369,neutral,0.49789225920557484
1427367340216365062,negative,7.236674375847786e-08
1427367340459577346,negative,0.02975284354127272
1427367342045110278,negative,0.005880781038254482
1427367347174707202,neutral,0.5867551501742743
1427367348944711680,negative,0.044453905064676356
1427367349678657537,negative,0.000302022786761005
1427367351100583938,negative,0.10042655560560587
1427367354338582539,negative,0.06692082588542778
1427367354623840257,negative,0.0032638071619632172
1427367355638767624,negative,1.5351974894895442e-05
1427367355995365381,neutral,0.34390760743775584
1427367356494450692,negative,0.002463209023216259
1427367357471678467,negative,3.108208010872531e-05
1427367357979189251,negative,0.025187766259952376
1427367358809714694,negative,0.09488824926404411
1427367360621531141,negative,0.015609109747442779
1427367360835555329,negative,0.0032299799694069185
1427367360852283395,negative,0.00882200815762798
1427367362848821253,negative,0.00010510506412176401
1427367365638041609,negative,0.0010357444758188465
1427367366564925443,negative,0.0369868834073633
1427367367089262600,negative,1.7581403213183918e-05
1427367370067222535,negative,6.854129218742085e-09
1427367370532794376,negative,1.4922034878547097e-06
1427367371027648514,negative,0.1536035261880574
1427367373330427904,negative,0.002508116547062297
1427367375624720397,negative,0.0008287618243459576
1427367376887107599,positive,0.7830001603314833
1427367377554100231,negative,0.30942350916132183
1427367380087414787,negative,0.08314733400004196
1427367380569690117,negative,0.001757688542915225
1427367381257572352,negative,0.04574357571664197
1427367381379264519,negative,0.00025976290292308816
1427367383484731394,negative,0.041809380055319846
1427367383891685381,negative,0.006297176326018954
1427367385636421647,negative,0.12636627367316783
1427367386152423427,negative,0.027840701200167097
1427367386836049925,positive,0.9343671310991865
1427367388677292047,negative,6.934834365464206e-05
1427367390992650240,negative,0.0555718195327597
1427367391068053508,negative,0.18733026302289715
1427367391466565641,negative,0.15754580253428457
1427367391881728007,negative,0.011772453611050771
1427367392448061447,negative,0.00015790833467575562
1427367392762531843,negative,0.021619680353517513
1427367393085566985,negative,0.15754580253428457
1427367394142457864,negative,0.006494921190735392
1427367394708709376,negative,0.007092371478304936
1427367395048493056,negative,0.0009147039363675835
1427367396453625859,negative,0.15754580253428457
1427367396877164549,negative,0.0032299799694069185
1427367397829365767,negative,0.15754580253428457
1427367398982791175,negative,0.00010192848988653052
1427367399129554945,negative,0.000248359495041441
1427367399276388353,negative,5.085001636454838e-05
1427367401637691393,negative,0.026770229239261104
1427367402107506699,negative,0.005807604765881779
1427367404896718851,negative,0.18919122935255367
1427367405177737219,negative,0.000980914164592184
1427367405320278019,negative,0.004500908720721487
1427367405546876937,neutral,0.39274765723876304
1427367405630726146,negative,0.002889658166164508
1427367406440157194,negative,2.260010821399603e-08
1427367406662475776,negative,0.050793996230778654
1427367406796746762,negative,0.18108131422223686
1427367408226942979,negative,0.009147264251054688
1427367408629653507,negative,0.004210796312055414
1427367408927391750,negative,0.00014499244329514016
1427367409288089601,negative,0.006680905583044323
1427367409879506947,neutral,0.59267290849954
1427367410772824065,negative,0.009385662938292025
1427367411695636493,negative,0.2911983991033176
1427367411909545988,negative,0.07724245901417592
1427367413021085700,negative,0.05145307560006044
1427367413960556552,negative,0.0004102285314644828
1427367414254252032,negative,0.12266942732945169
1427367414858194944,negative,0.16157127117561174
1427367415697088515,negative,0.31595270457825786
1427367417555169286,negative,0.006135805205869797
1427367418771410951,negative,0.006297176326018954
1427367419044057089,negative,0.0005756179747346664
1427367419576791041,negative,0.0002432191185300402
1427367420101005313,negative,0.00026029916824197024
1427367422152126474,negative,0.259595488154903
1427367423192281088,negative,0.0226729485180724
1427367423250993154,negative,6.980756980520892e-05
1427367423666266113,negative,0.030462341841469374
1427367423875878913,negative,3.621827302032587e-05
1427367424303697932,negative,0.047596448770507324
1427367424354099212,negative,0.005522206552675432
1427367425201295370,negative,0.23444693624857815
1427367425750745089,negative,5.4288869818732834e-05
1427367425876676609,negative,0.08919078880261519
1427367426975584260,negative,2.260010821399603e-08
1427367427441106949,negative,5.881991893800796e-10
1427367427831107595,positive,0.7518427735407023
1427367430414798857,negative,0.0009528240570941547
1427367430502895624,negative,0.0022770074028000834
1427367430561714177,negative,0.10964564277093683
1427367432096735236,positive,0.9343671310991865
1427367432864223297,negative,0.015609109747442779
1427367433984221186,negative,0.04534917774471991
1427367435070492679,negative,0.011165784120959919
1427367435171155971,negative,5.649395328752285e-07
1427367435414421504,negative,2.260010821399603e-08
1427367435670331392,negative,3.003481067366454e-11
1427367437746515968,negative,4.146807838726334e-05
1427367438992150528,positive,0.7408837445927317
1427367440829358083,neutral,0.6479628914002659
1427367442389651458,negative,0.11619088098358671
1427367442515435521,negative,2.260010821399603e-08
1427367443320688643,neutral,0.6043172669699308
1427367445002539019,negative,0.0017117937169658264
1427367445346627584,positive,0.9559917075151311
1427367445648576523,negative,0.11559796045957355
1427367446839808005,negative,0.19900066686936982
1427367447246553095,negative,0.031638248174004714
1427367447628238848,negative,0.128557085838871
1427367447947059202,positive,0.9343671310991865
1427367450585206788,negative,0.009643716779970352
1427367451403116550,negative,0.00012792402187290035
1427367451679936516,negative,0.15754580253428457
1427367453227720717,positive,0.7239722963351808
1427367454192324611,negative,0.3202835703351929
1427367455081521153,negative,0.010852400776068333
1427367455983382530,negative,0.0013954431140853
1427367456360828932,negative,0.003232505998643636
1427367457354878976,neutral,0.3820659247429446
1427367457409409028,negative,8.409599537905727e-05
1427367458080378883,negative,0.241578289881779
1427367459972079620,negative,2.260010821399603e-08
1427367460085411843,positive,0.9343671310991865
1427367461490466822,negative,0.23543805406803078
1427367462052454408,negative,0.06487042417033738
1427367463554011141,negative,0.13945883368619272
1427367463642177542,neutral,0.5442060184796753
1427367465273679873,negative,0.3029968537174699
1427367465516994575,negative,0.0354118310592193
1427367466972364805,negative,0.2122286684582283
1427367467530297346,negative,0.045439897150781394
1427367468738260992,negative,0.1660446475625936
1427367469623226375,negative,0.15754580253428457
1427367470457888771,negative,0.024419960792364876
1427367470638190600,positive,0.8723500130822923
1427367470705352708,negative,0.010246089831815493
1427367470764118067,negative,0.11319533146777858
1427367471485489159,negative,0.0026552623228704823
1427367471875567618,negative,0.013337774913719843
1427367474027237387,negative,0.00034949945860682317
1427367474065035264,negative,0.0008111361960143807
1427367475348393992,positive,0.7904373905844443
1427367475876859906,negative,0.04151972768842267
1427367476166336513,neutral,0.34184640523860554
1427367478502600708,negative,2.5260458707483466e-07
1427367478565421061,negative,1.799066732114413e-10
1427367478829715458,negative,0.17366638522252797
1427367479148523528,negative,0.033146156668493125
1427367480373219330,negative,0.05217269890806904
1427367480469688323,negative,0.0007887652638632782
1427367480687738883,positive,0.9998441784088679
1427367480708804614,negative,0.01403985553576296
1427367480742264837,negative,0.002463209023216259
1427367480985522177,negative,1.1995100441390837e-05
1427367481501437954,negative,2.990742120747344e-07
1427367482751426570,negative,0.00512326690817534
1427367482977931273,negative,0.04574357571664197
1427367483082690568,negative,0.1464137355753168
1427367483158274052,negative,0.2742039619042154
1427367484517240832,negative,0.10964564277093683
1427367486958223364,negative,0.02792673771566259
1427367489395171333,negative,0.00042427113252987395
1427367489638473728,negative,0.000248359495041441
1427367489873358850,positive,0.7842917189656844
1427367490032652288,negative,0.17661640993797453
1427367490372448257,negative,0.000248359495041441
1427367492830302211,negative,0.259595488154903
1427367493409062913,negative,0.05247177743613095
1427367494105374723,positive,0.6789216652729287
1427367494340198408,positive,0.9266034090344558
1427367494445113349,negative,0.0012333055364396025
1427367494575087618,negative,0.0905078595392865
1427367496479350784,neutral,0.623227358165629
1427367497406222342,positive,0.9343671310991865
1427367497574096902,negative,0.0028488445488950563
1427367497934704641,negative,0.11267742041759478
1427367498173779970,negative,0.16847634498426758
1427367499964854272,negative,0.017748037501161402
1427367500333948933,negative,0.0028791493187420732
1427367503034990595,negative,0.02834465709782998
1427367505383895047,negative,0.002463209023216259
1427367507099275265,negative,0.14583916537420055
1427367507778736132,negative,0.22130543152757562
1427367508747571220,negative,0.24450883488759106
1427367509704036352,negative,0.13150820617501519
1427367510630879243,negative,0.00010192848988653052
1427367510991589376,negative,2.8764757682921224e-05
1427367513176875010,negative,0.003202495655380908
1427367516976857092,negative,0.2803951152964065
1427367519405359105,neutral,0.654228296960192
1427367519438917638,negative,0.003235676989935893
1427367519514472450,negative,0.0005294693980462369
1427367520349167621,negative,0.00047289595532620576
1427367520466575363,neutral,0.5131820754222006
1427367520797962241,negative,0.0001410007722144831
1427367521322258432,negative,0.05217269890806904
1427367521435402242,positive,0.7323534420518593
1427367522962219011,negative,9.749594118069076e-12
1427367523452866565,negative,6.0802518854797524e-05
1427367526028222467,negative,0.002114709355233942
1427367526460166153,negative,0.10964564277093683
1427367527043276801,negative,7.384538186360633e-10
1427367528205099009,negative,4.442526816972574e-07
1427367530411221008,negative,0.0018149025379544921
1427367531682025499,negative,0.0002900413836400342
1427367532864970762,negative,6.361472089511247e-06
1427367533439553536,negative,5.117278090683512e-05
1427367535100534787,negative,4.966729553435139e-06
1427367536669175811,neutral,0.4051383672922305
1427367539303075841,negative,0.0008287618243459576
1427367539861032969,negative,0.17749418562283234
1427367541060640772,negative,0.0002065210326102837
1427367542683840514,negative,0.015609109747442779
1427367543522668544,negative,0.003235676989935893
1427367545040949258,negative,0.00020050839699576085
1427367545384886280,negative,0.03651401034865058
1427367547440140302,negative,0.002463209023216259
1427367548388102151,negative,4.5241317991198155e-05
1427367549034012677,negative,2.260010821399603e-08
1427367549084311552,negative,2.260010821399603e-08
1427367551382720514,negative,0.16352019608485005
1427367551563182080,negative,0.011165784120959919
1427367551789588483,negative,0.0644461396545525
1427367553832300550,negative,0.0022843471439079363
1427367555270840322,neutral,0.623227358165629
1427367557904875520,negative,0.05239777555392957
1427367558655594504,negative,0.0013056194046818092
1427367558701793281,neutral,0.516101652137999
1427367559167422464,negative,0.00010192848988653052
1427367560320733202,negative,0.017690069522241093
1427367560375373839,negative,0.10368709163695784
1427367560408875008,negative,0.09488824926404411
1427367561398784003,negative,0.00012792402187290035
1427367561872744448,negative,0.00025505698294553056
1427367562120151050,negative,2.2518088325455126e-15
1427367562845769733,negative,2.771911573084633e-06
1427367563034566667,negative,0.050600032946647305
1427367563139366915,negative,7.236674375847786e-08
1427367564796121088,negative,0.09038694730379063
1427367565735743495,negative,0.002463209023216259
1427367566482329603,negative,0.0008920047304927495
1427367566511525900,negative,9.31848514106226e-05
1427367567572836363,positive,0.6789216652729287
1427367569653108737,negative,0.0003922083941098036
1427367570068451332,negative,0.19925990914146915
1427367570089328649,neutral,0.4051383672922305
1427367570810843144,negative,0.21869627399406738
1427367571574206464,negative,0.08993695001344298
1427367572157222912,negative,0.0001714096474998758
1427367573100933127,negative,0.00012792402187290035
1427367573407125508,negative,0.0001714096474998758
1427367574484959234,negative,4.3038645670130826e-08
1427367574971559939,positive,0.999311459366361
1427367575692926984,negative,0.014392689159340154
1427367578440196100,neutral,0.5522763099925245
1427367579081969664,positive,0.6789216652729287
1427367579178487814,negative,3.84697177545352e-06
1427367579283251208,neutral,0.45648080828576787
1427367579912392705,negative,0.0967476621482949
1427367581028167682,negative,0.15754580253428457
1427367581200101383,negative,0.13751879172086737
1427367582114459655,negative,7.032983582201541e-07
1427367583112699905,negative,9.785091987648874e-06
1427367586094882819,negative,0.04574357571664197
1427367587688681475,negative,6.409701374508368e-06
1427367587718090757,negative,3.108208010872531e-05
1427367587806121989,negative,0.00017569020463284996
1427367589097922564,negative,0.03756563711904562
1427367589739651080,negative,4.840659348965486e-14
1427367589928448000,negative,0.001060077048349589
1427367590100447233,negative,0.00017569020463284996
1427367590339432449,negative,0.2045870376364795
1427367590775644160,negative,2.260010821399603e-08
1427367591648059404,negative,0.0020096872248506624
1427367591849385986,negative,0.000248359495041441
1427367592004661248,neutral,0.48602577941782094
1427367592499499013,negative,0.0008920047304927495
1427367593430691843,negative,2.2908431513297325e-08
1427367594588262404,negative,0.15754580253428457
1427367594756120579,negative,9.343455979725835e-06
1427367594965848068,negative,0.00042627416124558137
1427367596261838854,negative,0.0015349484414407123
1427367596471504900,negative,0.0036791114382249746
1427367596542812165,negative,0.015609109747442779
1427367596681216008,neutral,0.623227358165629
1427367599445200907,negative,0.14083035215993595
1427367603408969736,negative,0.15754580253428457
1427367604063252485,positive,0.9095231769366571
1427367604721696770,negative,9.310851711715716e-06
1427367604801449989,negative,2.3773386844531122e-12
1427367605686448130,negative,0.03932938534592686
1427367608886693893,negative,0.0009528240570941547
1427367609008328704,negative,2.260010821399603e-08
1427367609385852935,negative,0.0032299799694069185
1427367609402630151,negative,0.00012792402187290035
1427367610069434373,negative,0.15754580253428457
1427367611319275531,negative,3.7735637594227026e-05
1427367611407519750,negative,0.15754580253428457
1427367611503980548,negative,0.002463209023216259
1427367611877273601,negative,0.31776367965613117
1427367615031386112,positive,0.7381559863524987
1427367615408783364,positive,0.6917059519039537
1427367617170329606,negative,0.0015564757776315053
1427367617363431424,negative,0.06867367172102665
1427367617849872390,negative,3.0319566998364284e-05
1427367618839728137,negative,0.15345926704060897
1427367618952957956,negative,1.7539567840063618e-05
1427367619636629511,negative,0.15754580253428457
1427367620941074433,negative,1.4611057614951033e-08
1427367621226340353,negative,0.1339098592735289
1427367621549338625,positive,0.9343671310991865
1427367621708636164,negative,0.045439897150781394
1427367621721313289,negative,0.14283508328004615
1427367622241292295,negative,0.15754580253428457
1427367622404939778,negative,0.0013537043124231987
1427367622438424582,positive,0.9266034090344558
1427367623499603970,negative,0.028409797747679
1427367624195854343,negative,0.045665028539353024
1427367624472735744,negative,0.014038136761742558
1427367624674009095,negative,0.0555718195327597
1427367627643621382,neutral,0.49789225920557484
1427367630084661249,negative,0.004219081515727852
1427367630902632454,negative,0.24831195835809475
1427367632282468365,negative,0.2559359267141252
1427367632416686080,negative,6.11670460663018e-08
1427367633624735753,negative,1.0040572772114269e-05
1427367634073493510,negative,0.04298543033161161
1427367634149036044,negative,0.061761325201185595
1427367634811621377,negative,0.02562731655432699
1427367637600940041,negative,0.241578289881779
1427367638888591368,negative,0.04639501102214943
1427367639815426054,neutral,0.42654411273417087
1427367642210443270,negative,0.13190143605223872
1427367642575384580,negative,0.006297176326018954
1427367643405766670,neutral,0.47052769354449775
1427367644190101507,negative,0.04944193418842664
1427367645612056578,negative,1.5351974894895442e-05
1427367645729497088,negative,9.643680731026176e-07
1427367648191520770,negative,0.0005082585031979294
1427367649118466052,negative,0.0021570699984263903
1427367649885949962,negative,0.011772453611050771
1427367650167033862,neutral,0.5327177711737109
1427367650594856962,negative,2.0212248864798326e-05
1427367651026874374,negative,2.260010821399603e-08
1427367651375034369,negative,0.0003451719008304098
1427367651874119681,negative,0.259595488154903
1427367652029304837,negative,0.0019233929657328222
1427367652566061062,negative,0.0005939134464150765
1427367652926885890,negative,0.06049641170483364
1427367654336106499,positive,0.8722189163040902
1427367658178191363,neutral,0.5891745684595133
1427367658677161993,positive,0.6789216652729287
1427367660044623874,negative,0.036580719946850124
1427367660384366593,negative,0.011176170622398738
1427367660543746056,negative,0.0008051475456205429
1427367661760098306,negative,0.004210796312055414
1427367662003363850,negative,4.492779001754502e-06
1427367663077105670,negative,0.3143326973327315
1427367665954340864,negative,0.02993110577501536
1427367666583576577,positive,0.6988202047910623
1427367667313385475,neutral,0.4860213364893137
1427367667451809795,negative,0.019305283962650674
1427367667741208585,negative,0.015310148117027828
1427367669473366022,negative,0.028640838580306655
1427367670190575621,negative,0.2559359267141252
1427367674527506442,negative,0.00014623425873154348
1427367675467112450,negative,8.021916574970878e-05
1427367676712787969,negative,0.15754580253428457
1427367676763066368,negative,0.004092421089941119
1427367678692495363,neutral,0.3537047385112051
1427367679720148992,negative,0.15754580253428457
1427367680114315264,negative,0.00014623425873154348
1427367680655433743,negative,2.1983816127269855e-08
1427367681062277121,positive,0.728124082124113
1427367681217474562,negative,0.0008920047304927495
1427367681804603393,negative,4.442526816972574e-07
1427367682375131145,negative,3.956640693732025e-07
1427367682622607366,negative,0.212372174040475
1427367683071303680,negative,0.11009037392959896
1427367684593930249,negative,5.398608041559602e-09
1427367685860569093,negative,3.2926493643210127e-06
1427367686288429056,negative,0.10545286981511183
1427367686309355524,negative,0.050171556449896744
1427367686313553926,negative,0.1504030197459501
1427367688687521797,negative,1.0568086101763094e-06
1427367689069158403,negative,5.5609498475188615e-06
1427367689199177728,neutral,0.5522763099925245
1427367690616856578,negative,1.803134165692017e-12
1427367691594125314,neutral,0.487980366762386
1427367692961452033,negative,0.0006850426062373972
1427367693364125701,negative,0.04574357571664197
1427367694794375169,negative,0.00012792402187290035
1427367695041941512,negative,2.698794800292299e-15
1427367696593825800,negative,0.01521169672906435
1427367698007306241,negative,0.011887956254572665
1427367699139674119,negative,0.00011021538622969983
1427367700075106307,neutral,0.3837162173843233
1427367702235131909,negative,3.108208010872531e-05
1427367702314762242,negative,1.1104659988250631e-06
1427367703522775051,positive,0.9664931670305357
1427367703552184320,negative,3.7735637594227026e-05
1427367705619881990,positive,0.7185271230458716
1427367706026815495,negative,2.4858899507635186e-10
1427367706995613701,negative,0.16796390722280205
1427367707268329475,negative,7.33035477486177e-05
1427367708639875072,negative,0.16157127117561174
1427367709822619659,negative,0.0018149025379544921
1427367713517809670,negative,0.2051647109216977
1427367713526075403,negative,3.6280763924317536e-14
1427367715224883203,negative,0.04281234770844967
1427367715690450946,negative,4.739620445419964e-09
1427367716688580622,negative,4.5524252769612185e-06
1427367717011607557,negative,0.00015790833467575562
1427367717334618116,negative,0.0009534515827853344
1427367719633031169,neutral,0.49789225920557484
1427367723252817925,negative,1.6605829817029006e-05
1427367723420438528,negative,0.0012589650794239556
1427367727199625216,negative,0.005807604765881779
1427367727367348228,negative,0.01293063629463324
1427367727438643209,negative,0.02177667392284976
1427367727698780164,negative,0.00038458399986523003
1427367729569353733,positive,0.7496937392861928
1427367731880398850,negative,0.15754580253428457
1427367731964354565,negative,0.01597420001356102
1427367733478531083,negative,0.0005426044176943962
1427367734359298054,negative,0.015227346282201156
1427367734602571784,positive,0.9343671310991865
1427367735814672384,negative,0.00010857435049626593
1427367736892608516,neutral,0.6218115513570791
1427367737110761474,negative,1.2380544075609966e-05
1427367737387532290,negative,0.012927045136692784
1427367737983217678,negative,0.0015564757776315053
1427367738268340228,negative,0.0002877804886968134
1427367738406809600,negative,0.0967476621482949
1427367738721411081,negative,0.00896456103400881
1427367742223659010,negative,0.000248359495041441
1427367747160322051,negative,0.19775619146400356
1427367747269300224,neutral,0.5159436667231726
1427367747332321287,negative,1.2810730574062648e-06
1427367747374157824,positive,0.9343671310991865
1427367748502437897,negative,0.015958244709361063
1427367748682780680,negative,0.0006983683948033737
1427367748838043662,negative,0.21292270352416687
1427367749207134208,negative,0.0009528240570941547
1427367749362257922,negative,0.0004493918342676687
1427367750675140610,neutral,0.4860213364893137
1427367751291744258,positive,0.6789216652729287
1427367751769903108,negative,0.0226729485180724
1427367752969424906,negative,0.1404797203833992
1427367755381100549,negative,0.011165784120959919
1427367755502788618,negative,0.2445044112682788
1427367756610088961,negative,1.207528507511156e-05
1427367756689821698,neutral,0.4507454498615163
1427367757402755077,negative,0.0006742471035930241
1427367759302778883,negative,0.18668536518029405
1427367759923535872,negative,0.0021093924732406007
1427367761357987842,negative,0.02644142183654108
1427367762746396676,negative,0.0004976260932960686
1427367763073540097,negative,0.05665194333664998
1427367763471847428,negative,0.00424177287852217
1427367766651195394,negative,0.07013826056124108
1427367767427190787,negative,2.597064036205739e-05
1427367768807157763,negative,0.16448664903889793
1427367769771761668,positive,0.8008815015805597
1427367770250006535,negative,2.260010821399603e-08
1427367770396712968,negative,0.00972324729332018
1427367770417684483,negative,0.02827307356651505
1427367771600408599,negative,0.12894770610332956
1427367771835351042,negative,0.005230981163662083
1427367774087782407,negative,0.013911797166000212
1427367775148941314,neutral,0.6008150071097696
1427367776532971521,neutral,0.5131820754222006
1427367777120178182,negative,0.04574357571664197
1427367777266962446,negative,0.001772434810944686
1427367778990923777,positive,0.7185271230458716
1427367780874137600,negative,0.0011242662476054425
1427367780937052163,negative,0.0008463731500872914
1427367781276729344,negative,0.07019238151249844
1427367781612277766,negative,0.005151429390143307
1427367783898173448,positive,0.9343671310991865
1427367784263081990,negative,1.3462252878504677e-07
1427367785047470089,negative,0.16352019608485005
1427367785806635010,negative,1.3462252878504677e-07
1427367787291414530,negative,0.001405058094697728
1427367788377780225,negative,2.7268146365717057e-09
1427367789069836294,negative,4.4068104118111065e-06
1427367789891837952,negative,0.03716185392576945
1427367790336430080,negative,4.924286466858962e-06
1427367790344867847,negative,0.048142753368639095
1427367791431147522,negative,0.0024928196120666104
1427367791494156291,positive,0.9155016623873986
1427367792974733314,negative,1.355352706013236e-05
1427367796258787336,negative,0.00018132511811772673
1427367797223534592,positive,0.6972340629006054
1427367797500297216,negative,0.30942350916132183
1427367797751955457,negative,0.007763956500925959
1427367799614279687,negative,0.031496393046198834
1427367799656271872,negative,8.411155618488291e-05
1427367800696410117,negative,0.0005474152403508848
1427367800784494598,negative,0.0012898183139231098
1427367800855728130,negative,0.04574357571664197
1427367800897744900,negative,0.06903779060248146
1427367801518542854,negative,0.004219081515727852
1427367802051117058,negative,0.002463209023216259
1427367802307072001,negative,0.0005474152403508848
1427367803410133006,neutral,0.34390760743775584
1427367803955339265,negative,0.0012864007952740383
1427367804446167048,negative,0.15754580253428457
1427367805561737221,negative,0.044453905064676356
1427367807625437188,negative,0.00129706643623633
1427367808149692419,negative,0.014392689159340154
1427367808741093381,positive,0.9266034090344558
1427367810972459011,positive,0.9002708070030431
1427367811572195331,negative,0.00508200079974116
1427367811966390277,negative,0.12218586518397542
1427367812109058050,positive,0.9938637852143548
1427367812683677703,negative,0.02644142183654108
1427367813912596486,negative,0.00017439261938047805
1427367814818668545,positive,0.9266034090344558
1427367815007375366,negative,0.008882467819091662
1427367815535898625,negative,3.866687643847921e-05
1427367815686860806,negative,0.04574357571664197
1427367816915791878,negative,0.00017569020463284996
1427367819457568770,negative,5.4288869818732834e-05
1427367823299514375,neutral,0.49789225920557484
1427367823639293953,negative,0.008007974611125712
1427367823962255362,neutral,0.49789225920557484
1427367824314544135,neutral,0.4433996362216907
1427367824947761163,negative,0.049279739349776884
1427367826457759748,negative,0.0656882623295934
1427367827879731214,negative,0.16352019608485005
1427367828081020930,negative,7.622193217155944e-16
1427367829611978753,negative,5.11768558609136e-05
1427367830245289987,neutral,0.5386403029339343
1427367831772049415,negative,0.15754580253428457
1427367831897788421,negative,0.04551121608233097
1427367837082005505,negative,0.00014423419990494736
1427367837832724489,negative,0.0349654387212979
1427367838503800840,negative,0.09956404325068924
1427367839208394758,negative,0.009526713940725667
1427367839967629313,negative,0.0013260858271439734
1427367842433880071,neutral,0.3837162173843233
1427367842995970052,negative,0.00036851293907970493
1427367843046252544,negative,2.260010821399603e-08
1427367843230801923,negative,4.090827241115245e-09
1427367843260256260,negative,0.06397122958807056
1427367843595698180,negative,0.2128187840885823
1427367845491576840,neutral,0.47737870831843915
1427367848754749451,negative,1.0040572772114269e-05
1427367848947691524,negative,0.00012792402187290035
1427367849044160514,negative,2.473313007746989e-05
1427367849115504645,negative,0.00015816992577001693
1427367849815953420,negative,0.001200257196381883
1427367850818392067,negative,0.00014623425873154348
1427367850893787149,negative,0.19311067094070053
1427367851279724551,negative,0.0001187683735235354
1427367851929780225,negative,0.241578289881779
1427367851959234566,negative,0.0009528240570941547
1427367852584144898,negative,0.04574357571664197
1427367852672176128,negative,0.01041852133311358
1427367853683003392,negative,0.048142753368639095
1427367859592777734,negative,2.3455962578497933e-06
1427367859622195206,negative,3.108208010872531e-05
1427367860549177349,negative,0.00017569020463284996
1427367863464116225,negative,0.0009717288410603373
1427367864659492864,negative,0.009895410728833577
1427367867905986564,negative,0.051097251710634305
1427367869608828934,negative,2.260010821399603e-08
1427367870997176323,negative,0.009456709418963039
1427367871957585922,negative,0.0036791114382249746
1427367872247091213,negative,3.0930936934139035e-05
1427367873408901126,neutral,0.35785643069366135
1427367874008690691,negative,0.1112787515053867
1427367874897850370,negative,1.3462252878504677e-07
1427367878387453957,negative,0.09956404325068924
1427367879461244933,negative,0.02644142183654108
1427367882762170372,negative,1.803134165692017e-12
1427367883223576577,negative,0.00012792402187290035
1427367885350084611,negative,4.722261499809353e-08
1427367886239244303,negative,0.0829203871760937
1427367887560486913,negative,0.027277257338113432
1427367888344715271,negative,0.02283429156060794
1427367888625745921,negative,0.0002274918283774082
1427367889800138755,neutral,0.59267290849954
1427367890697822222,negative,9.451393791146796e-06
1427367890798456838,negative,0.036764798416389584
1427367891104669703,negative,0.0017648214075836504
1427367892031582211,positive,0.8008815015805597
1427367893084385288,negative,1.8772997106621502e-05
1427367893205987336,negative,0.04574357571664197
1427367893717635073,negative,0.008178362527209763
1427367896196468743,negative,5.223661705270992e-05
1427367897714855945,negative,0.0017648214075836504
1427367899220557824,negative,7.043869379007791e-06
1427367899283562503,negative,3.108208010872531e-05
1427367900344619009,negative,0.0003395288277741059
1427367900701237249,negative,0.19316046039914905
1427367900713730049,negative,1.0040572772114269e-05
1427367902055907329,negative,0.08103779411162841
1427367902337019907,negative,2.473313007746989e-05
1427367902735388676,negative,0.2712408155467774
1427367902907408387,negative,0.024271071140394253
1427367904081846272,negative,0.005234905464524536
1427367904761335816,negative,0.0009528240570941547
1427367905172283396,negative,6.980756980520892e-05
1427367906682327044,negative,0.0009528240570941547
1427367908766851073,neutral,0.5305678527031858
1427367910645829640,negative,6.980756980520892e-05
1427367910771761152,neutral,0.39731282849681177
1427367911157604356,negative,0.04574357571664197
1427367911648268290,positive,0.6785976055735782
1427367914102009862,negative,7.89178641855285e-07
1427367915125420035,negative,0.15754580253428457
1427367916039778314,negative,0.006297176326018954
1427367916991918084,negative,0.008624706801133529
1427367919558799368,negative,0.019305283962650674
1427367922566053893,positive,0.9002708070030431
1427367922993967109,negative,0.015609109747442779
1427367924206116878,negative,0.20014932146132466
1427367925757906950,negative,0.011446743488725524
1427367926018023434,negative,5.174118657546046e-05
1427367927431434249,negative,0.000248359495041441
1427367929188798468,neutral,0.4058789512488909
1427367932842098703,negative,0.06303924798328842
1427367933601320973,negative,0.18739543126695674
1427367935304212481,negative,0.001748785351346023
1427367936856137734,negative,0.000684643530353339
1427367937225248770,negative,0.03764305379154861
1427367937900482562,negative,0.00011316108666304413
1427367941012590594,negative,0.10964564277093683
1427367941172047875,negative,0.00011720831882416159
1427367943336247303,negative,0.11176772762326523
1427367944087130114,negative,0.001904475383042406
1427367944695291909,neutral,0.418643144867986
1427367944959447042,negative,0.2379576518697791
1427367944997195777,negative,0.00012792402187290035
1427367945559232514,negative,0.01521169672906435
1427367948918956040,negative,0.0036791114382249746
1427367949501927436,positive,0.7620930626813784
1427367950093258756,negative,0.009895410728833577
1427367950319865860,negative,0.015609109747442779
1427367950361759744,negative,0.019884577845429945
1427367950701547527,negative,1.6426090374674119e-07
1427367953897594882,negative,4.442526816972574e-07
1427367953960509441,negative,0.15754580253428457
1427367954560143376,negative,0.0657640556545827
1427367955055071256,negative,0.05062897310987606
1427367956498067463,negative,0.0004739630013533502
1427367959085912075,neutral,0.37899840162270665
1427367959765389313,negative,0.19925990914146915
1427367959987634179,negative,0.0012611789042549914
1427367960453259275,negative,0.051097251710634305
1427367962168725504,positive,0.9628838102869247
1427367963389202436,negative,0.2115994889310998
1427367964009959425,negative,0.04862211225909208
1427367964324548609,negative,0.05217269890806904
1427367964920123400,negative,0.0009528240570941547
1427367965192826885,negative,0.14652592611504234
1427367967667462149,neutral,0.3837162173843233
1427367968397201414,negative,0.19100887337343067
1427367968401461257,negative,0.01357020131680545
1427367969290657797,negative,0.02124002978061508
1427367971509440515,negative,0.1112787515053867
1427367971987542017,negative,3.108208010872531e-05
1427367972159504395,negative,0.0006080865043248299
1427367972423753733,negative,0.005230981163662083
1427367972428034049,negative,0.18387029119173803
1427367973048705024,negative,0.067816071905177
1427367974298701826,negative,4.6826752616024015e-05
1427367975120683015,negative,0.015609109747442779
1427367975343075331,negative,3.8216563660983337e-07
1427367975846350854,negative,9.284244520848914e-14
1427367977532395522,negative,0.0030047338290607054
1427367978354548739,negative,0.006297176326018954
1427367979734507523,negative,0.30963081558498146
1427367981013774338,negative,0.14468740647759953
1427367981185740800,negative,0.0552278837031535
1427367983102533632,negative,0.15205969755398666
1427367983463206913,negative,0.017806291639248142
1427367983563907078,negative,2.260010821399603e-08
1427367984570503178,neutral,0.47371072416927557
1427367985136734214,negative,0.10964564277093683
1427367986558558209,negative,1.2804266930010556e-10
1427367988051783682,negative,0.22247631962165826
1427367989142335488,negative,0.05665194333664998
1427367991331770370,negative,0.0009722708283357628
1427367991809921036,negative,0.05217269890806904
1427367993726717957,negative,1.2656458562179437e-07
1427367994972413962,negative,0.18712030568094876
1427367995488284677,negative,0.0007214196294591189
1427367997866446850,negative,0.057340020504201436
1427367998004862980,negative,0.012608134878858934
1427367998482944006,negative,0.08314733400004196
1427367999326113793,negative,0.006155621447451307
1427368000282365952,negative,0.0004928706134645771
1427368001892913154,negative,3.136543930502692e-05
1427368002375270406,negative,0.0036791114382249746
1427368002832551940,negative,0.09386588426549501
1427368003415457805,negative,0.00023340693253163537
1427368005390974986,negative,1.7450407570141253e-06
1427368005596499972,negative,0.0036791114382249746
1427368006510911494,negative,3.108208010872531e-05
1427368006552850435,neutral,0.5131820754222006
1427368007941201920,negative,5.105201746841333e-06
1427368009140670472,negative,0.008596718471771868
1427368010730262538,neutral,0.5663825198675078
1427368012970082304,positive,0.8195052976358304
1427368015243399172,negative,0.0036791114382249746
1427368015906156556,negative,0.0006080865043248299
1427368015981682688,negative,3.7735637594227026e-05
1427368016937955335,negative,7.885203114339659e-05
1427368017709735937,negative,0.0656882623295934
1427368021203562498,positive,0.7213866483516944
1427368022373814275,negative,0.005151429390143307
1427368022713511948,neutral,0.3421393637637748
1427368022893744154,negative,0.0019987599692094524
1427368024688955397,negative,0.15754580253428457
1427368025519497217,negative,0.0013285194309350587
1427368026790371332,negative,0.014392689159340154
1427368028149329926,negative,3.395178468627184e-05
1427368029848055811,neutral,0.5496678701602578
1427368030573514760,neutral,0.4434395497950739
1427368030842101762,negative,0.00020458635802056847
1427368032662327297,negative,0.006297176326018954
1427368033018916866,negative,1.3462252878504677e-07
1427368034541481984,negative,0.028623200956281528
1427368034612678662,positive,0.6785976055735782
1427368035283841024,neutral,0.37142605093897746
1427368036684664834,negative,0.10545286981511183
1427368040711213060,negative,0.16157127117561174
1427368042569289746,negative,0.0030727146114859416
1427368043332739079,positive,0.7886315901194763
1427368043760562184,neutral,0.5788452707536879
1427368045010374659,negative,0.11101195090737852
1427368048122646528,negative,3.3106319785295444e-05
1427368048395112463,neutral,0.4434395497950739
1427368050236567553,negative,0.0207120180735781
1427368050576306190,negative,3.262099447585443e-06
1427368052715315202,negative,0.2854864031991321
1427368052765696009,neutral,0.48301964915475626
1427368053340315649,negative,0.00017569020463284996
1427368053843562505,negative,0.00012792402187290035
1427368055009599492,negative,0.17661640993797453
1427368055470972938,positive,0.8669378284403858
1427368057794666500,positive,0.9636989386384895
1427368059875074048,negative,1.5010156925401666e-05
1427368060403556360,negative,0.00012792402187290035
1427368060550270979,negative,0.15754580253428457
1427368061666013187,negative,0.004059937713147421
1427368062345523202,negative,0.00012792402187290035
1427368063700127753,negative,5.280497981700002e-06
1427368065205997579,negative,0.011165784120959919
1427368066007044103,negative,1.0702685891121587e-05
1427368066564988929,neutral,0.5372318511317483
1427368068410392578,negative,0.0030047338290607054
1427368068787884039,negative,0.15754580253428457
1427368069039599623,negative,0.009478112850026891
1427368069190590466,negative,5.897683927539972e-05
1427368070826405899,negative,0.0005474152403508848
1427368071245680652,negative,0.015609109747442779
1427368071539347460,negative,2.923105575565376e-05
1427368073028321288,negative,0.06587144503077128
1427368074357923849,negative,1.4922034878547097e-06
1427368074743791620,negative,0.0005474152403508848
1427368075356254220,negative,0.0476080494935335
1427368076396404747,neutral,0.40558525087166086
1427368077600112644,neutral,0.48728019602140255
1427368078136987648,neutral,0.49789225920557484
1427368078829105153,negative,0.027496135857849355
1427368079672098829,negative,9.417361177639483e-11
1427368080242532353,neutral,0.49789225920557484
1427368080288661509,neutral,0.38838176089195514
1427368080863342594,negative,0.08445476315479913
1427368081148497922,negative,0.23205263030246492
1427368081391865858,negative,0.12636627367316783
1427368082054553602,negative,0.006297176326018954
1427368082612400133,negative,0.005441271631968777
1427368083015020544,negative,0.006297176326018954
1427368083254095882,negative,0.04001853791880789
1427368083891671046,negative,8.752265314587212e-05
1427368083941961732,negative,0.25236163800902167
1427368084185169932,negative,0.0003049076870193528
1427368085502181384,neutral,0.49789225920557484
1427368086139703296,negative,1.803861303899703e-05
1427368086433378312,neutral,0.49789225920557484
1427368087347765254,negative,0.12636627367316783
1427368089482665994,neutral,0.5090566967190474
1427368090367561728,negative,0.00010752126729847407
1427368091051339783,negative,0.013565813505903869
1427368091361628169,negative,6.859026436303446e-08
1427368092183695361,negative,0.23479051043063884
1427368092678729734,negative,0.01706133625372406
1427368093031047169,negative,0.02168143012423108
1427368093374984197,negative,0.000248359495041441
1427368093546795013,negative,0.0006812737819433669
1427368094448689158,negative,0.0002877804886968134
1427368095157530627,negative,0.10964564277093683
1427368095987929090,negative,0.018107338307816846
1427368097695084545,negative,0.026925033591193404
1427368097795788813,negative,0.09009530025202038
1427368101419552769,neutral,0.4301207590124074
1427368101742583808,positive,0.6789216652729287
1427368102166212611,negative,0.11164419211888614
1427368102279499785,negative,8.892742911925148e-07
1427368103047016450,negative,0.00042169556255172724
1427368107744632836,negative,0.138930594012071
1427368109124595716,negative,0.12944280751431483
1427368110168883202,negative,0.0004055073056657645
1427368111938969602,negative,0.0003049076870193528
1427368113402679298,negative,0.002114709355233942
1427368113503354881,negative,0.1639450951235744
1427368114031845380,neutral,0.4514940053375065
1427368114543546371,negative,0.029748760023119377
1427368115223113749,negative,0.10964564277093683
1427368118091927564,neutral,0.3740002015950025
1427368118494629888,negative,0.11164419211888614
1427368120528908294,negative,0.026925033591193404
1427368120918937602,neutral,0.34390760743775584
1427368121405411337,negative,0.001578657248540375
1427368121451663369,neutral,0.551077815994506
1427368122403655687,negative,0.23607931752762942
1427368122642751490,negative,5.174118657546046e-05
1427368123745853445,negative,0.23068498665126858
1427368124316332035,negative,0.0013260858271439734
1427368124337242113,negative,2.3603069009774097e-08
1427368124815450120,negative,0.09787831799757848
1427368124903534597,negative,0.001661273296479949
1427368125360652296,positive,0.7851756322911081
1427368125578743812,negative,0.008190400931634817
1427368127881482245,negative,0.031496393046198834
1427368128070275087,negative,0.030462341841469374
1427368129777307653,negative,3.7977145750643606e-06
1427368133078265865,negative,0.007075165882055251
1427368133216645121,positive,0.7323534420518593
1427368133296279559,negative,0.009112573656082243
1427368133300523016,negative,0.02168143012423108
1427368133522755587,negative,3.395178468627184e-05
1427368134021943305,negative,0.000248359495041441
1427368134340710403,negative,0.05104202809165011
1427368135942885379,negative,1.7918281159948566e-08
1427368136093814784,negative,0.15244193010926613
1427368136291098625,negative,2.556293418997174e-07
1427368137603919875,negative,0.004043767153878854
1427368138048409613,negative,0.07092880467942868
1427368138165866497,negative,0.0018149025379544921
1427368138203668489,positive,0.9445399231980485
1427368140095336454,negative,0.0031111555277187138
1427368141089353731,neutral,0.4307183874968668
1427368142209159171,negative,0.00017439261938047805
1427368148198576129,negative,0.001427774795054353
1427368149641482246,negative,1.0540360018633241e-05
1427368150476206085,negative,0.0006848403258449541
1427368151134638083,negative,2.6882489368602946e-07
1427368151138897921,negative,0.010054349266004271
1427368151197667335,negative,0.0007812602793993199
1427368151898103809,negative,0.09083836231630817
1427368153504436231,negative,0.0035758019741188086
1427368154326515713,neutral,0.48933996825183923
1427368156004339728,negative,4.7439893591533035e-06
1427368156486635527,negative,0.07365437437223223
1427368156536901634,negative,0.09956404325068924
1427368159695319041,negative,0.03523143701801095
1427368160806817805,negative,0.002799599366699917
1427368162446692355,negative,5.174118657546046e-05
1427368164774584323,negative,0.00010192848988653052
1427368164875190277,neutral,0.3353500257179539
1427368167752491019,negative,0.0004946397899583759
1427368167781851144,negative,5.703566841469115e-05
1427368168855687172,negative,0.16352019608485005
1427368168956305415,positive,0.95434777300376
1427368169052778502,positive,0.6789216652729287
1427368169421869061,negative,0.30942350916132183
1427368169543458817,negative,0.14073835037961047
1427368169635778571,negative,0.008957671244306157
1427368169761554440,negative,0.2712408155467774
1427368170155827201,negative,0.13068678921591073
1427368172567638017,negative,0.033146156668493125
1427368173502963715,negative,4.776687073075937e-06
1427368174576717830,negative,0.006496586353822794
1427368175109345281,negative,0.23068498665126858
1427368175662878723,negative,0.0005782992918769115
1427368175969214475,negative,0.04574357571664197
1427368176673771528,negative,0.026925033591193404
1427368177781067779,negative,0.11164419211888614
1427368178255020042,negative,0.16157127117561174
1427368178582237186,negative,0.07422933649921375
1427368178926170115,negative,0.016254099785203136
1427368179471368199,negative,0.020003840187267957
1427368179668508678,negative,0.02623160122389394
1427368180226330625,neutral,0.3794377588284613
1427368181065142284,negative,0.0003922083941098036
1427368181451087874,negative,0.000248359495041441
1427368181686018052,negative,0.0024928196120666104
1427368181883187205,negative,0.011772453611050771
1427368185150517253,negative,0.048142753368639095
1427368185792172037,negative,0.0003611971076423807
1427368186547167233,negative,0.23479051043063884
1427368187750977536,negative,3.3849443017507215e-05
1427368187822284800,negative,0.008603490746996494
1427368191538384900,negative,0.0025713626803863824
1427368192284971012,negative,1.1896342702098335e-05
1427368193337831430,negative,0.04932591827585138
1427368193404903426,neutral,0.5533970533999424
1427368195162361856,neutral,0.59267290849954
1427368196189921292,negative,0.07150791910444042
1427368196508688385,negative,0.002262241296969558
1427368202921811974,negative,0.04574357571664197
1427368203228008448,neutral,0.4434395497950739
1427368204855296007,negative,0.000248359495041441
1427368205346037767,positive,0.9236369783303858
1427368205509709825,negative,0.2379576518697791
1427368206818234375,negative,0.04220487130030765
1427368209762684932,negative,0.2814623313707707
1427368209997500416,negative,0.000737265557906732
1427368210370793478,negative,0.03680202608897125
1427368210962206723,negative,0.08428927298883214
1427368212098912261,negative,0.2829832947955861
1427368214695235586,negative,0.011165784120959919
1427368214913339398,negative,0.09488824926404411
1427368215735377920,negative,0.0001187683735235354
1427368217916358657,positive,0.9422054046604621
1427368218730057728,positive,0.7886315901194763
1427368220575641604,negative,0.0006531223416111206
1427368220848185349,negative,2.947453163651143e-06
1427368221145980932,negative,0.0014556545233720467
1427368221477384194,neutral,0.44906025132614075
1427368221578080258,negative,0.04040346545904995
1427368221871689729,negative,0.01939165374723412
1427368226233753607,negative,0.0008463731500872914
1427368226527358981,negative,0.00012792402187290035
1427368226707681280,neutral,0.49789225920557484
1427368227710119944,negative,7.99602175080395e-06
1427368229736009728,positive,0.8721744333696856
1427368230864228357,negative,0.11164419211888614
1427368231157764108,neutral,0.36367878986561475
1427368232206413824,positive,0.8935689827083289
1427368232860717067,negative,0.003235676989935893
1427368233439531017,negative,0.00048816727672073456
1427368234286727169,negative,6.358301275854355e-05
1427368234844622848,negative,0.19798755501825993
1427368236362997767,negative,1.1995100441390837e-05
1427368236690165764,neutral,0.3963653676477602
1427368237650546690,negative,0.0792715987163721
1427368237990400002,negative,8.901136547367299e-09
1427368238388846596,negative,0.0002743249785723395
1427368239475171339,negative,0.26453519097097555
1427368240313946117,negative,0.0001187683735235354
1427368240855109639,negative,1.1014190452530623e-05
1427368242717339650,negative,0.15754580253428457
1427368242880913409,negative,0.00291543799616947
1427368243660984325,negative,0.0033615081834768297
1427368245724655630,neutral,0.5378397528528561
1427368247414898689,negative,0.011002318036216367
1427368249184985096,negative,0.024824159410622486
1427368253064683522,negative,0.005262184393086062
1427368253874184194,negative,1.0799755478911954e-05
1427368254671032323,positive,0.6789216652729287
1427368255149203461,negative,0.011724737227430823
1427368256604680204,negative,0.026925033591193404
1427368256881446914,negative,0.07019238151249844
1427368258320191498,negative,0.034602981693652876
1427368258513084421,negative,0.004729128185573151
1427368259196702734,neutral,0.35509496682161057
1427368260186607617,neutral,0.5496678701602578
1427368260605923331,negative,0.15754580253428457
1427368260836675584,negative,0.0021178124432783916
1427368261524475906,negative,0.009526713940725667
1427368264074674181,negative,0.00012792402187290035
1427368264246644740,negative,5.174118657546046e-05
1427368264930369536,negative,0.017958837007474297
1427368269162467329,negative,9.82859144963031e-05
1427368269917343749,negative,0.12636627367316783
1427368270810726403,negative,0.259595488154903
1427368271016300548,negative,0.006179653047487728
1427368271037157390,negative,0.00010192848988653052
1427368271410520085,negative,0.05217269890806904
1427368271628718092,negative,0.24831195835809475
1427368271884521482,negative,8.070775569609709e-07
1427368272148799491,negative,0.002463209023216259
1427368273625112583,negative,0.02644142183654108
1427368274115842053,negative,0.038072657144875496
1427368274245951494,negative,0.001989988672808346
1427368276884017153,negative,0.00017446435515422665
1427368277102239744,negative,1.1276501268732796e-10
1427368278113013776,negative,3.108208010872531e-05
1427368278633193484,negative,7.99602175080395e-06
1427368279505575936,negative,0.19925990914146915
1427368280667398148,negative,0.0017150468835983614
1427368282059788311,negative,0.00012792402187290035
1427368282454175744,negative,0.0037221752970907135
1427368282751918083,negative,9.053458677268423e-06
1427368282907201536,negative,0.004059937713147421
1427368283729240081,negative,0.00010192848988653052
1427368284010201100,negative,0.008190400931634817
1427368285297942531,negative,0.06325321586528158
1427368285713190918,negative,0.00019750423440429942
1427368287520890880,negative,0.000878810844145198
1427368289064390658,negative,0.0005148163075669519
1427368289630662661,negative,0.000248359495041441
1427368289970368515,negative,0.31160563532259317
1427368290263896073,negative,0.002463209023216259
1427368293065707524,negative,0.10596441773359634
1427368293342515209,positive,0.68322077133112
1427368293556441095,negative,0.13818665178147155
1427368293590052873,negative,0.0009528240570941547
1427368293812277248,negative,0.30729011833746
1427368295641100290,neutral,0.59267290849954
1427368295783669763,negative,0.005807604765881779
1427368296152698882,negative,0.0021605238235263263
1427368297092288516,neutral,0.34296862323640037
1427368300355411976,negative,7.99602175080395e-06
1427368300443488260,negative,1.0040572772114269e-05
1427368301924130820,negative,1.7539567840063618e-05
1427368302003822594,negative,0.003246204907532431
1427368302112874500,negative,0.07043335263502376
1427368303366975497,negative,0.002404644025793221
1427368306013523982,negative,0.01521169672906435
1427368306655342597,neutral,0.48199634813222436
1427368307661934595,positive,0.9968490491153212
1427368307787800578,negative,0.014392689159340154
1427368308056154125,positive,0.9266034090344558
1427368308072861717,negative,0.0015284344470587869
1427368308605702144,negative,0.16157127117561174
1427368309440266246,negative,1.093375567048632e-06
1427368311222902793,negative,1.0040572772114269e-05
1427368311751266318,negative,3.7735637594227026e-05
1427368311944359939,negative,0.00015972048736597182
1427368312036630529,negative,4.739620445419964e-09
1427368313345150978,negative,0.2911983991033176
1427368313718509571,negative,0.18739543126695674
1427368314049867776,negative,0.016023599450781485
1427368315282870286,negative,0.037194548783398104
1427368315354173442,negative,0.010049188004008586
1427368315366907914,neutral,0.3323587578841938
1427368315379339268,negative,0.011598033232763408
1427368315425628162,negative,0.015758281077466556
1427368317187239943,negative,0.026925033591193404
1427368317522694146,positive,0.9355190049928973
1427368317786918915,negative,0.00012792402187290035
1427368320223830019,negative,0.028640936980283853
1427368321679335428,negative,0.08743182196885144
1427368321691881483,neutral,0.6167616748233712
1427368323101175817,negative,3.108208010872531e-05
1427368323474395144,negative,0.2850157292204184
1427368325185687555,neutral,0.4222750918673562
1427368326922178570,negative,0.25366359999702986
1427368329396772864,neutral,0.4434395497950739
1427368330654994444,negative,3.7735637594227026e-05
1427368332521582592,negative,1.1008522232811907e-08
1427368332634828802,negative,0.15754580253428457
1427368333335273483,negative,0.02107276458632434
1427368333477916675,negative,0.018375480112668735
1427368335080103936,negative,2.721299292727468e-06
1427368336988557317,negative,0.020538946077931237
1427368337303089156,negative,0.1540790336358285
1427368337466699780,positive,0.9343671310991865
1427368338972364800,negative,0.23888477682444514
1427368341489037320,negative,0.0077847767477023525
1427368342617301001,negative,2.1281471639049684e-06
1427368343212892165,negative,0.0009717288410603373
1427368343955197962,negative,0.20581796682782405
1427368344299134980,negative,0.2848129882801992
1427368344483680260,neutral,0.3406591468415717
1427368345603543044,negative,1.2562599321939078e-09
1427368346094342147,negative,5.4288869818732834e-05
1427368348455784449,negative,4.374947057683601e-05
1427368348619362309,negative,0.014096227943672128
1427368349235879940,negative,0.00012049449239936324
1427368349319761923,negative,0.0026514926545798045
1427368350007635972,negative,0.0012755860433142823
1427368350309564418,negative,0.07019238151249844
1427368350523564033,negative,0.001904475383042406
1427368350544445448,negative,0.05451700304163417
1427368350645108744,negative,0.18387029119173803
1427368354822635525,negative,0.15754580253428457
1427368354873061383,neutral,0.4628803474493934
1427368355766362129,negative,2.533051567266937e-05
1427368356198469638,negative,0.2416485810593575
1427368357410611202,neutral,0.41135400886061946
1427368359285432326,positive,0.9266034090344558
1427368359696355341,negative,0.015609109747442779
1427368360313081864,negative,0.0033282900778951303
1427368360753434634,negative,0.0020437307084691793
1427368360879198209,neutral,0.4737554465528978
1427368361831411716,negative,0.15061806181892654
1427368362909310981,negative,0.029748760023119377
1427368363374809089,negative,0.000248359495041441
1427368363429408773,negative,0.04574357571664197
1427368363475484672,negative,0.05665194333664998
1427368363894902789,negative,0.241578289881779
1427368364188504065,negative,0.02062508615319541
1427368364716986375,negative,0.00011465679397361673
1427368366491189251,negative,0.15754580253428457
1427368366617022471,negative,0.03867142691775281
1427368366705201154,negative,1.803134165692017e-12
1427368367036542984,negative,0.00012792402187290035
1427368367040696322,negative,0.0009080725865184772
1427368367548141569,negative,0.2877295780363063
1427368368194138117,neutral,0.48968107641114417
1427368368697495563,negative,0.015609109747442779
1427368369431490568,negative,0.2911983991033176
1427368369804783619,negative,0.0012910903322810642
1427368370408726538,negative,0.0006304987513055801
1427368371142774788,negative,1.895077208185083e-08
1427368371683745794,neutral,0.6039207466275645
1427368373088882688,negative,0.04181091088578541
1427368373608923136,negative,0.13672588821463147
1427368374007443457,positive,0.6789216652729287
1427368375886487555,negative,0.03618086512886093
1427368376406585355,negative,0.00033485618351312713
1427368376612102145,negative,0.005174145105555625
1427368377211838470,neutral,0.49789225920557484
1427368377916530692,negative,0.00023921100395301394
1427368378998657035,neutral,0.34398618503349043
1427368379074158593,positive,0.9628838102869247
1427368379271335939,negative,0.00014611439055828342
1427368379699113994,negative,5.276481779587336e-07
1427368380202463237,negative,0.01521169672906435
1427368380470898697,negative,2.3090718476082683e-05
1427368380722401302,negative,0.051097251710634305
1427368382060539910,negative,0.18532385564595183
1427368383029432320,negative,0.019857654097964958
1427368383255912448,negative,0.00033218279282528886
1427368383591374848,negative,0.29615463074472076
1427368385172721668,neutral,0.404413909142224
1427368386225397769,negative,0.0009553063442738658
1427368386758070272,negative,0.07558785432498015
1427368387173306372,negative,0.2081581693288299
1427368387282341891,negative,0.00012035398040423007
1427368388037390337,negative,0.11950263083792681
1427368388083560448,negative,0.16157127117561174
1427368389685690373,neutral,0.3726847435457324
1427368393104105472,negative,0.01521169672906435
1427368393875857416,negative,0.12088616048668269
1427368394416873472,negative,0.0005148163075669519
1427368394958032901,negative,0.001867617748608557
1427368394966319109,negative,0.015758281077466556
1427368394970521602,negative,0.006429373084792072
1427368395364872199,negative,0.01521169672906435
1427368395759144960,negative,0.03184238515692161
1427368396904087557,negative,0.0009528240570941547
1427368396916678656,negative,0.07019238151249844
1427368396996456450,negative,5.279569584601265e-06
1427368398347018242,negative,5.703566841469115e-05
1427368400574205970,negative,0.003585038057379561
1427368401899606016,negative,0.04220487130030765
1427368402197360640,negative,0.00014499244329514016
1427368406374887424,negative,1.1127966574984886e-06
1427368406471294983,negative,4.623383282454437e-05
1427368406945189891,negative,0.00011951816233710984
1427368407087861760,negative,0.09079332539762006
1427368407750545409,negative,0.1540790336358285
1427368409843605507,negative,0.031496393046198834
1427368412246790172,negative,0.000248359495041441
1427368415136735239,positive,0.8686188585113754
1427368416692908036,negative,2.1983816127269855e-08
1427368418831917058,negative,0.16352019608485005
1427368419343675392,positive,0.9343671310991865
1427368419666575360,negative,0.0004403771299820568
1427368424439697413,negative,0.0555718195327597
1427368424800411659,negative,1.3462252878504677e-07
1427368424888487941,negative,0.00022607770990830186
1427368426054553607,negative,0.15754580253428457
1427368427929362438,negative,0.004219081515727852
1427368429447745542,negative,0.010671844267804535
1427368429972033540,negative,2.260010821399603e-08
1427368430982864896,negative,0.0005148163075669519
1427368432136343562,negative,0.049203969236383316
1427368432287174680,negative,0.00085955103967297
1427368432669007873,negative,0.002262241296969558
1427368433725890571,negative,0.019370559313785788
1427368435621797894,negative,0.00010192848988653052
1427368437794459656,negative,0.1850474956645517
1427368438884884490,negative,2.082418234193989e-06
1427368439698558984,negative,3.8216563660983337e-07
1427368441196027915,negative,0.0005474152403508848
1427368441527382016,negative,4.618723887003576e-15
1427368441913257992,negative,0.015758281077466556
1427368442244521992,negative,0.10287440583990334
1427368443762905089,negative,0.15754580253428457
1427368445679751170,negative,0.10596441773359634
1427368446363320323,negative,0.012652110318235545
1427368446745092105,positive,0.9335175225268338
1427368448162664458,negative,0.1739466423725511
1427368449097994242,negative,0.0005148163075669519
1427368449823559688,neutral,0.37874993579954885
1427368452818407425,negative,0.0025492731282774034
1427368454403858435,negative,0.002639666196250928
1427368454462623747,negative,0.009526713940725667
1427368454722576386,negative,0.0016282007344049435
1427368458455560194,negative,0.000248359495041441
1427368459562803204,negative,0.0009528240570941547
1427368461458608135,negative,0.006496586353822794
1427368461882183705,negative,0.07122625058772879
1427368463048265734,neutral,0.5131820754222006
1427368464881274883,negative,0.0005148163075669519
1427368465745289218,negative,2.260010821399603e-08
1427368465778814981,negative,0.00018076398794697015
1427368467410440196,negative,2.260010821399603e-08
1427368468551176198,negative,0.21869627399406738
1427368470275149833,negative,3.108208010872531e-05
1427368470954524675,negative,0.026059711413903345
1427368471596240899,positive,0.663898479767858
1427368472732897280,negative,0.07724245901417592
1427368473798320129,negative,9.422578806398995e-06
1427368474452582401,negative,2.556293418997174e-07
1427368474859515906,negative,1.4030873165511635e-05
1427368475740278794,negative,0.0408788920926519
1427368477602586633,negative,0.15754580253428457
1427368477636050952,negative,0.03456523765711068
1427368479095771144,negative,0.00046851101120485504
1427368480605618181,negative,0.00010192848988653052
1427368483197792259,negative,0.0005148163075669519
1427368486171463689,negative,0.04944193418842664
1427368486792278018,negative,0.004033976081639782
1427368488692224003,negative,0.006680905583044323
1427368488981737478,negative,0.004542559906467279
1427368489224916997,negative,0.015758281077466556
1427368489623359488,negative,4.442526816972574e-07
1427368489677905927,negative,4.293632338648275e-05
1427368491657670668,negative,0.04944193418842664
1427368492265783298,negative,0.031496393046198834
1427368492806901766,negative,0.18387029119173803
1427368496489549824,negative,0.004059937713147421
1427368497382936580,neutral,0.5167656163983604
1427368498460758020,negative,4.242323599659676e-07
1427368499618385923,negative,0.0032299799694069185
1427368499744284675,negative,2.943961185541624e-10
1427368501015109635,negative,0.011765172110812244
1427368502067924993,negative,0.009526713940725667
1427368502181105667,negative,0.01228244408528914
1427368502508212224,negative,0.14684745381893852
1427368503074607113,positive,0.6917059519039537
1427368503397453829,negative,0.18919122935255367
1427368503653408779,negative,1.4958162108824966e-05
1427368503720415232,negative,0.02692907748182463
1427368504794157061,negative,0.00275487219295655
1427368506572554244,negative,0.26096688547092217
1427368507457646600,negative,0.23068498665126858
1427368507897958401,negative,1.4211100605187807e-05
1427368509944836099,negative,0.00012049449239936324
1427368511178002440,neutral,0.43266149306767926
1427368511224098820,neutral,0.46127768308170247
1427368511442149377,negative,9.093741755384335e-10
1427368511492472840,negative,1.4211100605187807e-05
1427368511983194113,negative,0.16215059392708145
1427368513107288064,positive,0.6845006410254175
1427368513434435590,negative,0.005483909227704868
1427368513459662850,negative,3.8216563660983337e-07
1427368515791691777,neutral,0.5386403029339343
1427368518518034446,negative,0.001578657248540375
1427368518626983941,negative,2.260010821399603e-08
1427368518996090883,negative,0.0008911971783751375
1427368520439017472,negative,1.4922034878547097e-06
1427368521722368002,negative,7.720476614492758e-05
1427368522921959430,positive,0.8195052976358304
1427368525035937793,negative,4.199250566282605e-10
1427368525866414080,negative,1.859753741690196e-12
1427368526239584259,neutral,0.46127768308170247
1427368528752136198,negative,1.4211100605187807e-05
1427368530111082504,negative,0.04574357571664197
1427368531298037761,negative,4.1619456594655145e-23
1427368531730046982,negative,0.28011987520281056
1427368531906154502,negative,0.003145433895249779
1427368532245889030,negative,0.0021065293880887007
1427368533651083265,negative,3.0484246936076013e-05
1427368534649229312,negative,0.0006175724032590547
1427368535022518276,neutral,0.48490285000887806
1427368535811100673,neutral,0.59267290849954
1427368535823634437,negative,0.0558008087406533
1427368536251437062,positive,0.9591480287514074
1427368536595443717,negative,0.07723560831678909
1427368537899905027,negative,0.004502936625316042
1427368538034036739,neutral,0.37899840162270665
1427368539728535555,negative,3.7735637594227026e-05
1427368540986912775,negative,0.000248359495041441
1427368544296181762,negative,0.021007095656608413
1427368544367484929,negative,0.02975284354127272
1427368544602398730,negative,0.1346439455549154
1427368544698777600,negative,0.08552439695251261
1427368545722126367,negative,0.08552439695251261
1427368546481446921,negative,9.31848514106226e-05
1427368546766622722,neutral,0.59267290849954
1427368547718680590,negative,6.983962065066728e-11
1427368549476179979,negative,0.0033282900778951303
1427368551996854275,negative,0.0005148163075669519
1427368552932286464,negative,0.010735267592162116
1427368553284608010,negative,0.032763041683875366
1427368553393623042,neutral,0.5959141955150538
1427368554664448007,negative,0.00478788889497989
1427368555301965833,negative,0.015410245383793526
1427368557860597762,negative,0.002209590038977975
1427368558204489728,negative,0.0002899058761060588
1427368558737215491,negative,0.020491077762390227
1427368561367003136,neutral,0.39731282849681177
1427368561438334976,negative,3.7735637594227026e-05
1427368561555685382,negative,0.00972324729332018
1427368562021355522,negative,7.747561162145583e-05
1427368564563103748,positive,0.7078855302152476
1427368565661917195,negative,0.013308764215419464
1427368566177902592,negative,0.15754580253428457
1427368566840446985,negative,2.379717375350736e-06
1427368567100657664,negative,0.00012314428745734167
1427368567574568964,negative,0.00014768644259357465
1427368567679471623,negative,6.767788583808835e-09
1427368568488972288,neutral,0.37899840162270665
1427368570208534528,negative,0.0009005823795049406
1427368571097780224,negative,9.278578377330966e-06
1427368571341049858,negative,0.0013635664389088284
1427368572968386561,positive,0.9549259528562961
1427368573207400462,negative,7.44793653477273e-08
1427368575749263362,negative,0.11176772762326523
1427368575958863878,negative,0.0009528240570941547
1427368576118398984,negative,0.002932819963740333
1427368576818860045,negative,0.13253024524492177
1427368577095684096,negative,0.00291543799616947
1427368577607294979,negative,0.003991303092140947
1427368578886643716,negative,0.002463209023216259
1427368578907611139,negative,0.001087913784145143
1427368579138310146,negative,0.015609109747442779
1427368579423408131,negative,0.011002318036216367
1427368580140646400,negative,1.4211100605187807e-05
1427368581193478146,negative,0.00478788889497989
1427368581793189893,negative,0.0035758019741188086
1427368581981949952,negative,0.04160162306674924
1427368582246248448,negative,0.004542559906467279
1427368583017992195,negative,0.0009528240570941547
1427368583030616070,negative,0.00017569020463284996
1427368583714287624,negative,0.18839768532300802
1427368584347590667,negative,4.824340966072412e-06
1427368584708304902,negative,0.003232505998643636
1427368586448969729,negative,0.02168143012423108
1427368586708914178,negative,0.00232928000993154
1427368587057061888,neutral,0.36238145642115754
1427368587321303040,negative,0.15754580253428457
1427368588034314246,negative,0.02644142183654108
1427368591054229504,negative,0.005483909227704868
1427368592065146890,neutral,0.38640730180845134
1427368592983707666,negative,1.3462252878504677e-07
1427368593461694473,neutral,0.4894438397947411
1427368593562357772,negative,0.2817543793560366
1427368593730179075,positive,0.923546567934694
1427368594170650625,negative,0.024271071140394253
1427368594317484035,negative,0.06513598552834562
1427368595043110914,negative,0.09946334104653876
1427368595491852289,negative,0.2848129882801992
1427368598151090176,positive,0.8871894497993442
1427368599296036864,negative,0.09785989576660613
1427368601187667971,negative,0.004210796312055414
1427368601774968838,negative,0.1557545385666459
1427368602265608194,negative,0.0017587756110726042
1427368602596937732,negative,0.2809602266810105
1427368602727067650,negative,0.2954511348146677
1427368603440107522,negative,0.03274860633459256
1427368603482005514,negative,1.3462252878504677e-07
1427368604354420746,negative,0.07302412072975543
1427368604526329858,negative,0.09488824926404411
1427368605134508034,negative,0.012863196075556147
1427368606044758019,negative,0.00019929025801164034
1427368607076524048,positive,0.6789216652729287
1427368607630114820,negative,0.1515711990817024
1427368608112513025,negative,0.03597063215359999
1427368609526042625,negative,0.009271702748520275
1427368610033438729,positive,0.7787512556263937
1427368611140804609,negative,0.06692082588542778
1427368612357152781,positive,0.724274098225031
1427368612571004931,negative,0.09557074180957059
1427368615343427594,negative,0.007556675012741138
1427368616765247488,negative,2.3664803109871975e-06
1427368617558032385,negative,0.29150453131543796
1427368618371829760,negative,0.001753601451282531
1427368618753396741,negative,0.001427460834854802
1427368618942255105,positive,0.8897485052630653
1427368620821139467,negative,9.31848514106226e-05
1427368621731454977,negative,0.048142753368639095
1427368622826180612,negative,0.16352019608485005
1427368623933435916,negative,2.321536567038325e-06
1427368624013168644,negative,0.259595488154903
1427368624168345603,negative,0.11370834519826567
1427368625082675211,negative,0.043858246231695035
1427368627087429648,negative,0.00012360419327832559
1427368628043796482,negative,0.0009528240570941547
1427368629948014602,negative,0.011676424148120073
1427368630145200134,negative,0.18739543126695674
1427368630875049991,negative,0.000248359495041441
1427368630954577921,negative,4.5524252769612185e-06
1427368631621586950,neutral,0.48242998751371413
1427368631789400064,negative,7.927252253500877e-09
1427368633324429313,neutral,0.4295035849141295
1427368634507276295,negative,3.688526772921021e-08
1427368635811696641,negative,5.56986374285323e-06
1427368635862065153,negative,0.05273642319059627
1427368637892018176,negative,4.279132482506109e-12
1427368637942353925,negative,0.1812213653905509
1427368640085729280,negative,0.00017569020463284996
1427368640366710786,positive,0.7214367817243317
1427368643478818817,positive,0.906095508502788
1427368647002099718,positive,0.8008815015805597
1427368648549752838,negative,0.02933054501464021
1427368649032151044,positive,0.9343671310991865
1427368649204113412,negative,0.015609109747442779
1427368649405444096,negative,0.20186375291452507
1427368649816481798,negative,0.00016126637072891997
1427368650240053251,negative,0.05217269890806904
1427368650432987136,negative,0.2848129882801992
1427368653524283399,negative,0.011676424148120073
1427368654082093062,negative,0.009990890850760142
1427368654610513920,negative,0.000248359495041441
1427368655344619528,negative,0.00011356514526890812
1427368655650639875,negative,0.012654939820390882
1427368657009594372,negative,3.7735637594227026e-05
1427368660507713542,negative,0.04944193418842664
1427368660658757646,negative,2.260010821399603e-08
1427368662600716297,negative,0.000248359495041441
1427368664316137472,negative,0.0004972608102060506
1427368664664363015,negative,0.00210335546068915
1427368664865681415,neutral,0.3837162173843233
1427368665121529857,negative,6.751295485569001e-13
1427368665297539083,negative,0.2343018036555273
1427368668053311496,negative,5.56986374285323e-06
1427368669051555840,negative,5.738838368895735e-07
1427368670330818570,negative,0.00010192848988653052
1427368670485962759,negative,3.108208010872531e-05
1427368670611877896,neutral,0.45054892716194966
1427368673216385035,negative,0.015609109747442779
1427368674894168073,negative,0.00018246099971175802
1427368675380707330,negative,0.0012090083476239768
1427368675728773134,neutral,0.5496678701602578
1427368677377196035,negative,0.00017569020463284996
1427368677813456908,negative,0.031496393046198834
1427368680019615753,negative,0.0007330958468641895
1427368680044781571,negative,1.803134165692017e-12
1427368680476774400,negative,5.174118657546046e-05
1427368681105993730,negative,0.000248359495041441
1427368681630224390,negative,0.259595488154903
1427368682053849093,negative,0.006297176326018954
1427368683450556418,negative,0.0003922083941098036
1427368683987357727,negative,1.3162046747547191e-09
1427368684197228546,negative,0.00020986618993236667
1427368687108071427,negative,1.1367380611599988e-05
1427368687577731074,negative,0.15754580253428457
1427368687993081859,negative,2.1983816127269855e-08
1427368690899636227,positive,0.9343671310991865
1427368691142905858,positive,0.9999532954519676
1427368692355112960,negative,0.14948064153107232
1427368696784293890,negative,5.055246486338623e-05
1427368697786769412,negative,2.661404971092999e-05
1427368697828675585,negative,0.32685525096984813
1427368698218749968,negative,0.006680905583044323
1427368701700055044,negative,0.00017569020463284996
1427368701901230081,negative,3.8216563660983337e-07
1427368702064873472,negative,2.445158706266119e-05
1427368703151296516,negative,0.040534692319269726
1427368703188881429,negative,0.04059531210604141
1427368703348420615,negative,0.0002432191185300402
1427368704627576844,negative,0.2959754863598885
1427368705147670532,negative,0.2379576518697791
1427368705986605059,negative,0.004219081515727852
1427368708687728651,negative,0.0472297898696284
1427368709132374022,negative,1.1801469242392037e-08
1427368710243762177,negative,8.38054582482237e-09
1427368713439911941,negative,0.19100887337343067
1427368714597543944,negative,0.16352019608485005
1427368715281121280,negative,0.10273182863207672
1427368715658596364,positive,0.9422054046604621
1427368715859922945,negative,0.09488824926404411
1427368716992401408,negative,0.15205969755398666
1427368717357391879,negative,0.00042427113252987395
1427368717390860288,negative,0.005522318618531502
1427368718649237517,negative,0.0035579260701987213
1427368718972198916,neutral,0.47612671887096547
1427368719110459393,negative,0.00010192848988653052
1427368720658313225,negative,0.0037353794660489425
1427368721136459786,negative,0.07019238151249844
1427368721241288705,negative,0.0575862204255013
1427368722008838151,negative,0.24934846987526132
1427368722344333316,negative,0.0009956572960896388
1427368722486996996,negative,5.528542123718694e-07
1427368723824922628,negative,0.000737265557906732
1427368724093407238,negative,0.0004493918342676687
1427368724626124807,negative,0.11176772762326523
1427368724764545029,negative,0.003243724898498667
1427368725242646530,negative,0.00010163448766600152
1427368727062978575,positive,0.6785976055735782
1427368727172063240,negative,7.913980511234123e-08
1427368727843164161,negative,4.486914387740007e-06
1427368728388329476,negative,0.002799599366699917
1427368728400965638,negative,0.02168143012423108
1427368729055215616,neutral,0.5208956438791675
1427368730246451201,negative,0.009643716779970352
1427368732159090693,negative,0.009990890850760142
1427368733622800392,negative,0.008695612540145177
1427368734205911045,negative,0.0006483406437317
1427368735967531014,negative,0.259595488154903
1427368736114216961,negative,0.13596106497507796
1427368736663773190,negative,0.21921412548362115
1427368737221619713,negative,0.01521169672906435
1427368737355837441,negative,0.05217269890806904
1427368737506725894,positive,0.9993011012373911
1427368738345537540,negative,0.014767042009662688
1427368738844815361,negative,1.2308576605702898e-05
1427368739335512071,negative,0.16157127117561174
1427368739553566731,negative,0.08504293015938491
1427368741466165249,negative,0.01521169672906435
1427368742296727553,negative,0.1389366323720465
1427368743907254279,negative,0.1955769541884985
1427368744733614083,negative,2.2148503020212377e-07
1427368745685569540,negative,0.00017446435515422665
1427368746243481612,negative,1.0040572772114269e-05
1427368747447242755,negative,0.0034686922161018562
1427368747975782403,negative,0.11619088098358671
1427368752077758467,negative,0.00017439261938047805
1427368753335980046,negative,0.014767042009662688
1427368754384556034,negative,0.014767042009662688
1427368756284645384,negative,0.0036791114382249746
1427368757979197446,negative,1.2562599321939078e-09
1427368758121746433,negative,0.01901301283144209
1427368758323126275,negative,0.011209111046311223
1427368759103262724,negative,0.005467731373499084
1427368759279374339,negative,0.00017439261938047805
1427368759447195652,negative,0.18739543126695674
1427368759728099334,negative,3.052423273855029e-07
1427368760105586695,negative,0.014767042009662688
1427368760923475976,negative,0.07019238151249844
1427368762257379329,positive,0.9999571888030475
1427368763154907140,negative,0.011165784120959919
1427368763557650440,negative,0.0010357444758188465
1427368764841111558,neutral,0.4622903534400044
1427368764849463298,negative,0.001871395724172944
1427368764916518919,neutral,0.418643144867986
1427368767433187329,negative,0.04574357571664197
1427368769794498569,negative,1.4211100605187807e-05
1427368770406797315,negative,1.0540360018633241e-05
1427368771015127049,negative,0.05040661547899591
1427368772818522128,positive,0.6789216652729287
1427368774253092864,negative,0.1232599077491068
1427368774567608321,negative,0.22410999834303638
1427368775536492547,negative,0.04182143095333644
1427368778329886725,negative,0.1639450951235744
1427368778845802498,negative,0.00031873587260706295
1427368779344859140,negative,8.800266547242332e-07
1427368779516874768,negative,0.026568445688887055
1427368779714027525,negative,0.15754580253428457
1427368779718221830,negative,0.16352019608485005
1427368779722498050,negative,0.003246204907532431
1427368780057956359,negative,0.005722396213060823
1427368780443766816,negative,0.051097251710634305
1427368780980793349,negative,0.03859605057042781
1427368781395988480,negative,0.010500727281220932
1427368783073595416,negative,3.7735637594227026e-05
1427368783413485572,negative,7.155431613171136e-06
1427368784512303105,negative,5.174118657546046e-05
1427368784520781830,negative,0.0004356130238422985
1427368785938468866,negative,0.21791803898678244
1427368786416611335,negative,0.00012792402187290035
1427368786760511491,negative,0.10964564277093683
1427368787599413256,negative,0.031638248174004714
1427368787758632978,negative,0.08504293015938491
1427368788060786693,negative,0.18387029119173803
1427368788157255683,negative,0.002463209023216259
1427368789545521158,negative,0.020103890410583095
1427368790057177090,negative,0.15098184082894994
1427368791512698890,negative,0.03326700446931733
1427368792955437057,negative,0.003235676989935893
1427368793257480196,negative,0.037194548783398104
1427368794499031042,neutral,0.34322267253793753
1427368795753046024,negative,0.2170883377195909
1427368797778976774,negative,0.009990890850760142
1427368798282190849,negative,2.556293418997174e-07
1427368798697529350,negative,0.029395308172360624
1427368798886244352,negative,0.0008701271450270832
1427368799595122690,negative,0.08005159284945657
1427368799829839874,neutral,0.4434395497950739
1427368800014458885,negative,0.05217269890806904
1427368801046306816,negative,0.16352019608485005
1427368802195582977,negative,0.00012962251983347368
1427368802707181568,negative,0.016714649830795583
1427368804489711638,negative,0.006297176326018954
1427368804686893058,negative,0.00010192848988653052
1427368805827764230,negative,0.13184095397308343
1427368806180167684,negative,0.028749898114833163
1427368806352097281,negative,0.028640936980283853
1427368806427598853,negative,9.601445955564555e-05
1427368808516292615,negative,0.1352023891119243
1427368808721928192,negative,0.04932591827585138
1427368810764439553,negative,0.001690265446614161
1427368811078963222,negative,0.0026469175471586287
1427368811150315523,negative,0.08994051184938491
1427368811242696708,negative,0.03932938534592686
1427368812576391175,negative,0.037194548783398104
1427368814207975432,negative,1.5828878161410148e-07
1427368815751467012,negative,0.011131399678265257
1427368817232072704,negative,8.093142186409245e-06
1427368818008117249,negative,0.07558785432498015
1427368819031482375,negative,3.0930936934139035e-05
1427368819509579779,negative,0.0043974007667921524
1427368819845124100,negative,0.004891304385043339
1427368820050644999,negative,1.8733430828566886e-07
1427368820843466759,negative,0.005151429390143307
1427368821686476801,negative,9.519997434180573e-09
1427368821686521858,negative,2.567872994658264e-07
1427368822508556288,negative,0.11500181443134119
1427368823066398726,neutral,0.3837162173843233
1427368823808790549,negative,1.1896342702098335e-05
1427368824626716673,negative,0.16124892457072623
1427368826069524487,negative,0.0036791114382249746
1427368826371444744,negative,0.04574357571664197
1427368827013242890,negative,0.029748760023119377
1427368828409982981,negative,0.00013848654232140182
1427368828577755145,negative,0.0002899058761060588
1427368830817423362,negative,4.422908248249287e-07
1427368832981737479,negative,0.04574357571664197
1427368833795313689,negative,0.002463209023216259
1427368833870966784,negative,0.08314733400004196
1427368835015925766,negative,0.00031026753738702743
1427368837012467723,negative,0.19100887337343067
1427368838291673106,negative,0.00018310379345649013
1427368838790848515,positive,0.9959483227192251
1427368839902281732,negative,0.1389366323720465
1427368842431385617,negative,0.00030222850352001386
1427368842641264680,neutral,0.5131820754222006
1427368843299721222,negative,1.0040572772114269e-05
1427368843396194306,neutral,0.48728019602140255
1427368843446407185,neutral,0.49789225920557484
1427368844000124930,negative,6.977509936181183e-05
1427368846323814401,negative,4.27161325356266e-08
1427368846923550720,negative,0.06049641170483364
1427368848018313222,negative,0.021619680353517513
1427368850274856962,positive,0.6785976055735782
1427368850778112006,negative,0.09379398046654512
1427368851549966338,negative,0.14551489467553733
1427368854175485954,negative,0.06303924798328842
1427368855559557132,negative,2.0531856423991588e-08
1427368855878373398,negative,0.011598033232763408
1427368856318787588,negative,0.13068678921591073
1427368856448798724,negative,1.3633217196707884e-07
1427368856713056257,negative,0.0074415732383135
1427368858785140737,neutral,0.33282921149221445
1427368859074502665,negative,0.18739543126695674
1427368861599518722,negative,0.055856662231246614
1427368863084253184,negative,0.02933054501464021
1427368865508569091,negative,3.136543930502692e-05
1427368868268417024,positive,0.9343671310991865
1427368868297773056,negative,0.0005148163075669519
1427368869291778050,negative,0.27141324652936966
1427368870319435777,negative,0.0040069841903250525
1427368870642425860,negative,0.09488824926404411
1427368871237935106,positive,0.826039655439184
1427368872659898375,positive,0.6785976055735782
1427368873289003013,neutral,0.49789225920557484
1427368875474182144,neutral,0.49789225920557484
1427368875759390730,negative,0.0005082585031979294
1427368877399453698,negative,0.16352019608485005
1427368878695403527,negative,0.2559359267141252
1427368878947061764,negative,0.18694469123485677
1427368878972325889,positive,0.9343671310991865
1427368879437881349,negative,0.01572346780666624
1427368879681163274,negative,2.1983816127269855e-08
1427368880326983682,negative,0.01939165374723412
1427368880830361600,negative,0.16847634498426758
1427368881224622082,negative,0.18952057217999807
1427368881379741700,negative,7.690227475331382e-07
1427368881694330885,negative,0.04548697979163924
1427368882717798413,negative,0.00019689196603341126
1427368883346984966,negative,1.4809450904733596e-07
1427368883892080648,negative,0.05217269890806904
1427368886488424457,negative,0.0698801308836784
1427368886677164037,negative,0.259595488154903
1427368890040999936,negative,0.0004928706134645771
1427368891173543936,negative,3.3933231979990975e-07
1427368894617030656,negative,0.22275417260610536
1427368896479248393,negative,0.00022008722192478077
1427368896512811010,negative,0.002741144329717177
1427368897288753152,positive,0.6917059519039537
1427368898056396807,negative,0.208260650894477
1427368898123505669,neutral,0.46127768308170247
1427368899788656646,negative,0.1564956787868723
1427368900354789381,negative,0.19028355602608238
1427368900942090246,negative,0.001904475383042406
1427368902091288577,negative,3.3849443017507215e-05
1427368902804361222,neutral,0.37874993579954885
1427368906407170048,negative,0.0015564757776315053
1427368906579136514,negative,0.08922997017330599
1427368907267051525,negative,0.03618086512886093
1427368907447443457,negative,0.16157127117561174
1427368908772806658,negative,1.645764609432157e-05
1427368910886772741,negative,0.01926130433326781
1427368911775977475,negative,0.0035758019741188086
1427368913000611840,negative,0.0021003077519638393
1427368915118723072,negative,1.7668939769483897e-10
1427368917224333314,negative,1.3462252878504677e-07
1427368918826500097,negative,0.15754580253428457
1427368919367622660,negative,3.108208010872531e-05
1427368920160227344,negative,4.3353908663437757e-13
1427368920256761856,negative,0.0012333055364396025
1427368922911739904,positive,0.9756732290390241
1427368923721191429,negative,0.009526713940725667
1427368923834556416,negative,0.1949991660830444
1427368924887330817,negative,0.002463209023216259
1427368924992131083,neutral,0.33282921149221445
1427368926883848201,negative,0.001200650439483782
1427368927575912454,positive,0.9559917075151311
1427368928729190411,negative,0.001060077048349589
1427368932432809985,negative,2.587350965280427e-09
1427368932659318787,negative,0.07192726728995746
1427368933707898884,neutral,0.5445764832687027
1427368933787684865,negative,0.27803273702603515
1427368933821231106,positive,0.9343671310991865
1427368933909307392,negative,0.28011987520281056
1427368934802591752,negative,0.0027692408868988765
1427368935058460675,negative,1.3462252878504677e-07
1427368935914098688,negative,7.99602175080395e-06
1427368937071722499,negative,0.20889844142006278
1427368937331871745,negative,0.005262184393086062
1427368938099388422,negative,0.0018708645713399526
1427368938543910916,negative,0.001904475383042406
1427368938598506497,negative,0.0008201658758915623
1427368938976026624,negative,0.0009036064036490101
1427368939131133952,negative,0.19028355602608238
1427368939613564928,negative,1.0040572772114269e-05
1427368939928051719,negative,0.001904475383042406
1427368940255256582,negative,0.11619088098358671
1427368940540514319,negative,2.943961185541624e-10
1427368941328945158,negative,0.08463546496580406
1427368945263185927,negative,0.2559359267141252
1427368946844508160,negative,0.0003922083941098036
1427368948140478466,positive,0.9343671310991865
1427368948824256517,negative,0.029751447437497767
1427368950095036423,positive,0.6643050583131052
1427368950849998852,negative,0.000248359495041441
1427368951852449799,neutral,0.59267290849954
1427368951923855365,negative,0.0027272067716125194
1427368952120872964,neutral,0.3419384428643814
1427368952955645959,negative,0.0036791114382249746
1427368952993308683,positive,0.9910857989583947
1427368955392532487,negative,0.01521169672906435
1427368955493208066,negative,4.554965842623405e-06
1427368956218777609,negative,0.0003927432318724868
1427368957409964033,negative,0.259595488154903
1427368958030663680,negative,0.08428927298883214
1427368958043332613,neutral,0.6167616748233712
1427368958257213442,negative,0.0001190052315223841
1427368958576021512,negative,6.470756126387856e-05
1427368958827577347,neutral,0.5442060184796753
1427368959532208130,negative,0.03399132229985749
1427368959762894854,negative,0.0003922083941098036
1427368960937320454,positive,0.8154496782277348
1427368961725898773,negative,0.13068678921591073
1427368961876840449,negative,0.01932557728550875
1427368962287816729,negative,0.02644142183654108
1427368962334076930,negative,0.006297176326018954
1427368962967449604,negative,1.4922034878547097e-06
1427368964359917572,negative,0.0004928706134645771
1427368964959752204,negative,0.037194548783398104
1427368967300059138,negative,1.0799755478911954e-05
1427368967304204318,negative,0.09191570131756652
1427368967589539850,negative,1.173836066426783e-06
1427368968088600581,neutral,0.40944595022028984
1427368970764505088,negative,0.00731151469055058
1427368971272171520,negative,0.2379576518697791
1427368972123615238,neutral,0.5638172889745594
1427368974614990857,negative,0.2047217102450708
1427368975680380932,neutral,0.4628803474493934
1427368976338784267,negative,0.20439966089722336
1427368977299300353,neutral,0.49789225920557484
1427368977379074054,negative,0.22707567550596763
1427368977953693701,negative,0.04071754322393409
1427368980243746822,neutral,0.48933996825183923
1427368980738682887,positive,0.8008815015805597
1427368981518823426,negative,0.0006508292934308832
1427368983590850560,negative,0.00012792402187290035
1427368985599922178,positive,0.8899388486000123
1427368985641820162,negative,0.22707567550596763
1427368987168428054,negative,0.12256348551587833
1427368987793444864,negative,0.002225748135817502
1427368987906789379,negative,0.000248359495041441
1427368988271648774,negative,0.00016785704109716632
1427368988678443013,negative,0.31820487300311295
1427368990670794758,negative,0.00012792402187290035
1427368991538954242,negative,0.011176170622398738
1427368991849435138,negative,0.005758346933805292
1427368992105238546,negative,0.00010192848988653052
1427368992327536640,negative,0.02168143012423108
1427368993262751759,neutral,0.5505550505941735
1427368993355087872,negative,5.279569584601265e-06
1427368994059821058,positive,0.9641915106260557
1427368994852511750,positive,0.8696373651288454
1427368995846504454,negative,0.067816071905177
1427368996005982213,positive,0.9422054046604621
1427368996400254976,negative,0.09719578854411712
1427368996605763589,negative,2.1983816127269855e-08
1427368997415174149,negative,0.0004415840896911452
1427368998237257732,negative,0.0016775996199466718
1427368998312808450,neutral,0.46511884455441777
1427368998602166277,negative,0.004679652715169168
1427368998841225217,positive,0.7870661099288649
1427368998941839371,negative,0.004210796312055414
1427368999063543817,negative,0.015609109747442779
1427368999596220418,negative,0.000586916923769312
1427369000011550724,negative,0.2047217102450708
1427369001777303555,negative,0.00012049449239936324
1427369002507067400,negative,0.0005426044176943962
1427369002645528576,negative,0.009526713940725667
1427369003341828101,negative,0.026925033591193404
1427369003941449731,negative,0.04574357571664197
1427369005564801025,negative,0.00046540399988753456
1427369006110060547,neutral,0.3537047385112051
1427369006642696194,negative,0.0002899058761060588
1427369008924401666,negative,0.00010192848988653052
1427369009255702528,negative,8.255545614274963e-05
1427369009784266752,negative,0.002463209023216259
1427369010342027270,negative,0.04574357571664197
1427369010484727808,negative,0.002457820482896525
1427369013680738306,negative,2.695903280715298e-05
1427369014272081923,negative,3.108208010872531e-05
1427369015375273984,negative,0.0003611971076423807
1427369015605927936,negative,2.260010821399603e-08
1427369017430487044,negative,0.15754580253428457
1427369019556966403,negative,0.259595488154903
1427369019686981636,negative,0.00012792402187290035
1427369026464911371,negative,0.0668913014859878
1427369026666344452,negative,0.029904506668554043
1427369026745929735,negative,0.21660126131392754
1427369030130798596,neutral,0.48968107641114417
1427369030332174344,negative,0.13994468329962279
1427369031271604228,negative,0.16157127117561174
1427369032177504278,neutral,0.33282921149221445
1427369035126263816,negative,0.010017635186641363
1427369036665528323,negative,0.09956404325068924
1427369037630148618,positive,0.9910857989583947
1427369039173754880,negative,0.259595488154903
1427369041061195779,negative,7.745398140092756e-06
1427369041337987082,negative,0.0009528240570941547
1427369041673478149,negative,0.0036791114382249746
1427369041988050948,negative,0.00015790833467575562
1427369042818609155,positive,0.9002708070030431
1427369050724831237,negative,2.445158706266119e-05
1427369051710439431,negative,7.109670286102048e-14
1427369052402438149,negative,5.079946283475749e-08
1427369053233074179,negative,0.10964564277093683
1427369053648146446,negative,1.0799755478911954e-05
1427369054327775239,negative,0.008015740238986048
1427369054843592704,negative,0.0016410446560546751
1427369056651419656,negative,0.0045429555209116415
1427369057725124608,negative,0.04761621796937106
1427369057997803525,positive,0.9343671310991865
1427369060522729483,negative,0.01939165374723412
1427369062624071682,negative,0.0032299799694069185
1427369063232245764,negative,0.0002743249785723395
1427369064289144832,negative,0.051311200599801515
1427369064305987584,negative,0.2559359267141252
1427369066369531915,neutral,0.40944595022028984
1427369068181409805,negative,0.23871696831429615
1427369068315746307,negative,0.00012049449239936324
1427369068852568068,negative,0.0008562206697253193
1427369068932313089,negative,2.0139819721964462e-08
1427369070135955472,negative,0.0015285541350712525
1427369070144344074,negative,5.718645321486257e-09
1427369070165385216,negative,0.23917176036600793
1427369071541202948,negative,0.2170138146622062
1427369074594615299,negative,0.0003922083941098036
1427369074758139905,negative,1.3462252878504677e-07
1427369075743805445,positive,0.7395263507883962
1427369077639626753,negative,0.01051790539903938
1427369078700773377,negative,0.034988058278575075
1427369078780465160,neutral,0.48728019602140255
1427369079430647808,negative,0.16157127117561174
1427369080286232579,negative,0.09423061736354733
1427369080470790147,positive,0.9731978195674035
1427369081355784195,negative,0.09241632305048274
1427369081443860481,negative,0.004210796312055414
1427369082563801089,negative,0.03888388836377919
1427369082882560001,negative,0.19687951336282083
1427369082907725826,negative,0.00513402979434853
1427369086149931021,negative,8.82929464357146e-18
1427369086644854796,negative,0.24045389292588248
1427369088234446850,negative,0.09956404325068924
1427369089354317827,negative,0.028640936980283853
1427369089580748800,negative,1.7589672387433504e-06
1427369091363393539,negative,0.01713733951585409
1427369091652886531,positive,0.9343671310991865
1427369092856569860,positive,0.796137977470178
1427369093670195205,negative,0.11404439034321406
1427369094135877634,negative,0.10964564277093683
1427369095444541443,negative,0.14582466785392692
1427369096463663116,negative,0.001888299981604268
1427369097667518464,negative,0.05217269890806904
1427369097814216709,negative,0.10545286981511183
1427369098305015814,negative,0.15126300411007393
1427369100213309458,negative,0.0017587756110726042
1427369103686262784,negative,0.11154443292387338
1427369104395096070,negative,0.009978981074110254
1427369106085384199,negative,0.003246204907532431
1427369108316704798,negative,0.21660640888491517
1427369111504494595,negative,2.2890587613506918e-05
1427369112066531332,positive,0.9266034090344558
1427369112087498760,negative,1.9199580684990445e-06
1427369113278685185,negative,0.026549585377058236
1427369114243371011,negative,0.10596441773359634
1427369115430367242,negative,0.24683625774504134
1427369116193726464,negative,0.000248359495041441
1427369116869054471,negative,1.3137909250192192e-05
1427369116952891398,negative,0.11164419211888614
1427369118882226177,negative,0.027840701200167097
1427369121755320330,negative,0.02993110577501536
1427369123206602753,negative,3.108208010872531e-05
1427369124624277507,neutral,0.5830708976277712
1427369125228208136,negative,0.00529079789059794
1427369125924458500,negative,0.00029082168054182133
1427369125937090565,negative,0.18739543126695674
1427369130789908482,negative,0.013900602765253893
1427369130932457472,negative,0.03312075810793366
1427369131179978758,negative,0.07607588577656431
1427369132224303105,negative,0.04548697979163924
1427369132710928390,negative,0.10964564277093683
1427369132840800257,negative,9.895578043286725e-06
1427369133239259157,negative,0.07869988179282263
1427369134384455681,positive,0.8008815015805597
1427369142030643206,negative,3.8216563660983337e-07
1427369142513029127,negative,0.004210796312055414
1427369142538080261,negative,0.0045338145417470445
1427369142961807361,negative,3.262099447585443e-06
1427369143947386883,neutral,0.4898631585877994
1427369144287174656,negative,5.999900924242558e-07
1427369145394352161,neutral,0.59267290849954
1427369145658662912,negative,0.051097251710634305
1427369146006835203,negative,0.003235676989935893
1427369146971480077,negative,0.04416157477756028
1427369147663519751,negative,0.00017569020463284996
1427369148238209027,negative,0.012276340575572345
1427369148737277952,negative,0.15754580253428457
1427369151140700164,negative,0.0015687816798801294
1427369152277319691,negative,0.00010658376907918684
1427369153401430019,negative,3.7735637594227026e-05
1427369153908854789,negative,0.13192748682185101
1427369156584804357,negative,0.008187172272471772
1427369157318758401,negative,0.017268394981892404
1427369159759904777,negative,0.12636627367316783
1427369160464609280,negative,0.0008920047304927495
1427369164612808719,negative,0.00017569020463284996
1427369165011275778,positive,0.7913143803957584
1427369165082476554,negative,0.12290473419724716
1427369166215028740,negative,0.056017415691729584
1427369166303109120,negative,0.0006483406437317
1427369166839877639,negative,0.10596441773359634
1427369168307986434,negative,0.2742039619042154
1427369169595555849,negative,0.011598033232763408
1427369169696219142,negative,0.0007812602793993199
1427369170723823621,negative,0.00017439261938047805
1427369172867112962,negative,0.00012792402187290035
1427369175853502466,negative,0.08500615611010989
1427369176193191938,neutral,0.33282921149221445
1427369177690554372,negative,0.0009680188066116322
1427369178923773953,negative,0.028640936980283853
1427369179011854339,positive,0.9683882290797484
1427369179703824387,negative,0.0495060964665357
1427369180584714242,negative,0.10182946501266739
1427369180647591936,neutral,0.33282921149221445
1427369181553512449,negative,0.003232505998643636
1427369183428464645,negative,0.008686218983402228
1427369184015618057,negative,0.06421543209135709
1427369185630433281,negative,0.0030844031390937004
1427369187291254800,negative,0.05569884976749733
1427369188197376002,positive,0.9266034090344558
1427369192483868677,negative,0.2379576518697791
1427369192848863238,negative,0.259595488154903
1427369192882413570,negative,0.009363374993932467
1427369192987283456,neutral,0.46127768308170247
1427369195050778625,neutral,0.5442060184796753
1427369196061696010,negative,0.000737265557906732
1427369196472635392,negative,0.0003922083941098036
1427369196841803776,negative,0.005449965589297253
1427369197739335684,negative,0.04113843756712249
1427369198808883204,negative,0.08889829340128808
1427369199974952965,negative,0.011165784120959919
1427369200381739010,negative,0.004918574690569266
1427369200432128005,negative,0.0008779450805202075
1427369202067787829,negative,0.13800151755275455
1427369202718068740,negative,0.0009528240570941547
1427369203355561989,negative,0.004210796312055414
1427369203431006208,negative,0.12621657916482057
1427369205058441222,negative,0.03331413641799175
1427369205398134784,negative,5.4476617654993584e-08
1427369205452652544,positive,0.9343671310991865
1427369208006983683,negative,8.255545614274963e-05
1427369209491767296,negative,6.751295485569001e-13
1427369212268384260,negative,0.07487789490759618
1427369213107195926,negative,0.00010192848988653052
1427369214482997253,negative,4.3708969410001345e-09
1427369214847881216,positive,0.8008815015805597
1427369215863017478,neutral,0.3648490144406387
1427369216181669892,negative,0.0006918499658703312
1427369217498755072,negative,0.011598033232763408
1427369217532235779,negative,0.22707567550596763
1427369217565859842,negative,0.0023852892388671505
1427369218492751873,negative,0.00017439261938047805
1427369218601852928,negative,0.16352019608485005
1427369219260391428,negative,0.007940873333316523
1427369219889455105,positive,0.6789216652729287
1427369222041227264,negative,0.043824853361939385
1427369222196318213,positive,0.9343671310991865
1427369222519336962,negative,0.18567477668935808
1427369223068737536,negative,0.278806970853198
1427369223093956621,negative,0.08993695001344298
1427369223844683778,negative,1.3080901935190437e-06
1427369224679444483,negative,0.31974190885087983
1427369224708759561,negative,2.565657756830047e-05
1427369225107218432,negative,0.011690901122303764
1427369225765654533,negative,0.005104256708941412
1427369226550059008,negative,0.0005828514364241916
1427369226554134552,negative,0.00146285443543414
1427369227485384706,negative,0.0009528240570941547
1427369228827496472,negative,2.260010821399603e-08
1427369229205053447,negative,0.2206382146853089
1427369229637013509,positive,0.7881735498679504
1427369229842530306,negative,0.006893622653935852
1427369231268696066,negative,0.019809142278691117
1427369231616811012,negative,9.168149373246094e-05
1427369236041650184,negative,0.04181091088578541
1427369236251484162,negative,0.000248359495041441
1427369237161590788,negative,0.00012792402187290035
1427369237673295873,negative,0.06513598552834562
1427369240546332680,negative,3.108208010872531e-05
1427369240953249813,negative,0.02644142183654108
1427369242601705472,neutral,0.5149755952874235
1427369243121799168,negative,0.0022882957780536446
1427369246829563907,negative,0.00011438724225043797
1427369250289762313,neutral,0.3332856921008272
1427369250872709126,negative,8.255545614274963e-05
1427369251585892357,neutral,0.49789225920557484
1427369252638576640,negative,0.042326109993885336
1427369254450565123,negative,0.009974951886034752
1427369254723235843,negative,0.0001159530758193905
1427369255968858114,negative,0.00012792402187290035
1427369256799412225,negative,0.00012792402187290035
1427369259345321987,negative,0.15754580253428457
1427369260511285248,negative,2.260010821399603e-08
1427369262482591744,negative,0.05272303487398123
1427369263451492365,negative,0.011598033232763408
1427369264676286471,negative,0.012863196075556147
1427369265099952134,negative,0.24831195835809475
1427369267201200129,negative,0.19435339734925666
1427369268664995851,negative,0.01521169672906435
1427369269151604738,neutral,0.5442060184796753
1427369271793897576,negative,0.006297176326018954
1427369272553181184,negative,0.15754580253428457
1427369272758743044,negative,0.0002393775146052752
1427369273572343811,negative,0.0007591224359239046
1427369274247716871,negative,0.002508116547062297
1427369277691252741,negative,0.1450576500547841
1427369279016640515,negative,3.637334573437463e-05
1427369279977033728,negative,2.260010821399603e-08
1427369280979472386,negative,0.03718240383122522
1427369282749419546,neutral,0.51463418157745
1427369284012019717,negative,0.0015520926430370085
1427369285194821649,negative,0.0022869437082856177
1427369285358346246,negative,0.017936045569379118
1427369285375053827,negative,0.026925033591193404
1427369286406975494,negative,0.007409586054518883
1427369286675357705,neutral,0.49789225920557484
1427369287036112904,negative,0.015758281077466556
1427369288848056322,negative,9.56334061885291e-05
1427369293356978185,negative,0.16157127117561174
1427369293595959299,neutral,0.418643144867986
1427369293621104652,negative,0.00011170431525754762
1427369294376099845,negative,0.00010192848988653052
1427369298247495689,negative,5.37189425417336e-05
1427369298713092096,positive,0.9343671310991865
1427369299056939009,negative,0.16352019608485005
1427369299073773571,negative,2.923587509017948e-06
1427369301103742978,negative,1.983922948020937e-09
1427369302848679941,negative,0.15754580253428457
1427369302919888898,negative,0.17251155142788782
1427369303280701440,negative,0.013337774913719843
1427369304220176386,negative,0.00017563356967769991
1427369304345890818,negative,0.0008287618243459576
1427369304492806146,negative,0.0004928706134645771
1427369305398816768,negative,0.2304646901212684
1427369307495882759,negative,0.001904475383042406
1427369307500072963,negative,3.108208010872531e-05
1427369307965693956,negative,0.10964564277093683
1427369308733255693,negative,0.0033282900778951303
1427369309580505091,neutral,0.4611296759593426
1427369309848973317,negative,2.260010821399603e-08
1427369310499057664,positive,0.9343671310991865
1427369310918426624,negative,0.001986814231535448
1427369312721985540,negative,1.6801342436972855e-05
1427369314135560199,negative,0.0009528240570941547
1427369315431501833,negative,0.00010192848988653052
1427369316190666763,negative,0.0015698641902110234
1427369318065573890,negative,0.11446169464089294
1427369318115840003,negative,0.009643716779970352
1427369321798459394,negative,0.0021804059967862875
1427369322477916164,negative,0.01521169672906435
1427369322729590794,negative,9.139327778909638e-12
1427369323698565120,negative,0.022395268676783358
1427369324713586691,negative,0.011002318036216367
1427369325015482371,negative,0.2937955226720581
1427369325988651011,neutral,0.5772293553268029
1427369327737524233,negative,0.01939165374723412
1427369328618491915,negative,0.000248359495041441
1427369330208038912,negative,0.0004972608102060506
1427369333441839106,negative,0.00015790833467575562
1427369334024851464,negative,0.000248359495041441
1427369334381420550,negative,0.06232613772837094
1427369334402392067,positive,0.8669378284403858
1427369334616338438,negative,0.10964564277093683
1427369334943408131,negative,8.523919836297415e-06
1427369335568408576,negative,0.06604228111972148
1427369336570880003,negative,0.01313590735916523
1427369337703309321,negative,0.1557545385666459
1427369339318120449,neutral,0.3305485226959848
1427369341046165506,negative,0.02778040295495403
1427369341771788293,negative,5.433875104204827e-10
1427369342216331265,negative,0.044453905064676356
1427369342572843013,negative,2.556293418997174e-07
1427369343487184901,negative,0.2379576518697791
1427369344808407048,negative,0.00298662107849212
1427369346033139718,negative,3.427606995419804e-05
1427369346125516813,positive,0.9680359479211528
1427369347572539400,negative,0.22347157054075026
1427369348625207307,negative,0.20397584844414174
1427369349199900673,negative,0.00010804270794452733
1427369349317382149,negative,0.22707567550596763
1427369350475010056,negative,0.0007812602793993199
1427369350856589313,negative,8.255545614274963e-05
1427369351200522240,negative,0.0057607249244052295
1427369351666094091,negative,0.2571492090933332
1427369351804555273,negative,0.18739543126695674
1427369354480570371,negative,0.00040261337898673665
1427369355638185988,negative,9.409893819130202e-10
1427369355860398082,negative,0.0022254426223568963
1427369356271435778,negative,0.10596441773359634
1427369357303287809,negative,0.005972859153077955
1427369357341040643,negative,0.000248359495041441
1427369358221791242,negative,4.442526816972574e-07
1427369358330843137,negative,0.23348329208014248
1427369358448279554,negative,0.005846513902606557
1427369358616154119,negative,5.174118657546046e-05
1427369359471628289,negative,7.58735640828594e-07
1427369359941451780,negative,0.17569568732996474
1427369361623371778,negative,7.347382375683121e-10
1427369361870835712,negative,0.17955770260965792
1427369363888349189,negative,0.006462819994729676
1427369366170050565,negative,0.00011474262250262312
1427369366853726217,negative,0.04466252742216709
1427369368053297165,negative,8.383794412394892e-05
1427369369772888069,negative,0.011002318036216367
1427369369798053891,negative,0.18839768532300802
1427369370477600772,neutral,0.614997828515798
1427369373048590339,negative,0.02975284354127272
1427369374327914503,negative,0.07723560831678909
1427369377033302016,negative,0.11829521464437869
1427369377729585158,negative,0.06386147862341596
1427369378010603539,negative,0.006297176326018954
1427369378861965315,positive,0.9011394885003907
1427369380774559746,negative,0.001087913784145143
1427369381831581697,negative,0.0204247323434412
1427369382167056389,neutral,0.46580216189359525
1427369382418735106,negative,0.08921901666573896
1427369384889180181,negative,0.00010192848988653052
1427369385489059846,negative,0.0002743249785723395
1427369388617895946,negative,0.2128187840885823
1427369389129551890,negative,0.259595488154903
1427369390375424006,negative,2.260010821399603e-08
1427369392338309127,negative,0.18739543126695674
1427369392447397889,negative,0.027822999441258555
1427369393487556617,neutral,0.46127768308170247
1427369394032848902,negative,0.000248359495041441
1427369394154483723,negative,0.0071984565468237935
1427369396746457089,negative,0.008603490746996494
1427369397669269505,positive,0.7402474509938977
1427369398415863812,negative,0.0886644274015753
1427369398566854661,negative,0.19100887337343067
1427369399959306245,negative,0.1313924035514936
1427369400085192706,negative,0.2911983991033176
1427369403226656771,negative,0.009978981074110254
1427369404057231365,neutral,0.5550134561772443
1427369404099141636,negative,0.0009662808043506122
1427369404212330504,neutral,0.55052715662343
1427369407697850377,negative,0.0075938664905005615
1427369409467801601,negative,0.18739543126695674
1427369412827488258,negative,0.17280662053397886
1427369413381140480,negative,0.03669644709667022
1427369414857568259,negative,7.061304557978152e-05
1427369415058739214,negative,0.011002318036216367
1427369415163760648,negative,0.13190143605223872
1427369415918620677,negative,0.009643716779970352
1427369416111509505,neutral,0.48728019602140255
1427369418015879169,negative,0.32046555069143123
1427369419932569602,negative,0.07031483227272814
1427369420293345281,negative,4.301143247491395e-13
1427369421002186752,negative,0.0035758019741188086
1427369422977736705,negative,0.0010392508226195485
1427369423455891456,negative,0.037194548783398104
1427369425108455428,negative,0.12324344011838721
1427369425729048614,negative,0.3202835703351929
1427369427113238536,negative,0.00017439261938047805
1427369428325437441,negative,7.505079264724549e-10
1427369430980440065,negative,0.014641907515847194
1427369432960143373,negative,0.0005236483388878762
1427369433094361100,negative,1.9387271629112113e-19
1427369434755342340,negative,0.15864250477829148
1427369434977603592,negative,0.042854852139167836
1427369435539640321,negative,0.0005051362693286459
1427369435703222277,negative,0.005151429390143307
1427369436340756483,negative,0.07671832864917577
1427369436957261828,negative,1.2562599321939078e-09
1427369437376753670,negative,0.023913847187222663
1427369437733310466,negative,3.789904414836268e-05
1427369438727311366,negative,0.2848129882801992
1427369438844792835,neutral,0.33282921149221445
1427369438874058759,negative,2.2955221253790824e-06
1427369439754915844,negative,0.00017446435515422665
1427369440035885059,negative,2.633398790978876e-05
1427369442317639685,negative,5.122654568292351e-07
1427369442900578308,negative,1.3615821255725063e-11
1427369443122941954,negative,0.10545286981511183
1427369443273883652,negative,0.1685037657480265
1427369443294908422,negative,0.22873238341528335
1427369445803102210,negative,0.08301289864159057
1427369446491017219,negative,0.00022210473827656828
1427369446637654016,negative,0.18739543126695674
1427369446641967104,positive,0.9011394885003907
1427369447061340163,negative,0.00017446435515422665
1427369447136841738,positive,0.9361329931363962
1427369448214773760,negative,0.00016801088753572657
1427369448739065856,negative,9.860765623927578e-07
1427369449074708487,negative,0.001904475383042406
1427369449980678152,neutral,0.33282921149221445
1427369450383286274,negative,0.023913847187222663
1427369450601435141,negative,0.1515711990817024
1427369453071831040,negative,0.006135805205869797
1427369453348655105,negative,0.004219081515727852
1427369453604515847,negative,0.060865819934113885
1427369453709373445,negative,0.3202835703351929
1427369454070009860,negative,8.231500488873689e-05
1427369454560743435,negative,0.007486243349930626
1427369457379389440,negative,0.000248359495041441
1427369457509404672,negative,0.2850093417421068
1427369458373386240,negative,0.0018442809550419858
1427369459510042626,negative,1.4922034878547097e-06
1427369459560423426,neutral,0.48728019602140255
1427369460441174031,negative,0.006297176326018954
1427369461011595269,negative,0.010016225608802358
1427369461015793667,negative,0.21938663094282332
1427369461292552197,neutral,0.48728019602140255
1427369461854707714,negative,1.5008912682510405e-10
1427369463603679251,negative,0.23871696831429615
1427369464140607491,negative,1.922125878104785e-06
1427369464354508803,negative,8.255545614274963e-05
1427369464509698049,negative,1.922125878104785e-06
1427369464732033026,negative,0.10973031874054444
1427369464899817474,negative,0.31846363539831923
1427369466988535814,negative,3.108208010872531e-05
1427369467856699399,negative,0.04574357571664197
1427369467961495557,negative,1.355352706013236e-05
1427369468557135875,negative,0.00015814549638660527
1427369472705368076,negative,0.00012792402187290035
1427369472860598275,negative,0.010073340910829428
1427369473674260484,negative,1.4922034878547097e-06
1427369474064322565,negative,3.8967720389217125e-09
1427369474320179206,negative,0.0035758019741188086
1427369477440741379,negative,0.006155621447451307
1427369478350856204,negative,0.016254099785203136
1427369479630049295,negative,0.051097251710634305
1427369480523501574,negative,0.004624082313018238
1427369481194639364,negative,0.000998093699516004
1427369481777582082,neutral,0.6039207466275645
1427369481945305088,negative,0.015609109747442779
1427369483136557063,negative,0.2967580431747182
1427369483304308740,negative,0.16352019608485005
1427369483535011847,positive,0.6789216652729287
1427369484919189524,negative,0.0025203772176379236
1427369485623873541,negative,0.2379576518697791
1427369485669998593,negative,0.14340640162035528
1427369486332665857,negative,0.004219081515727852
1427369487620247555,negative,0.030748397768970155
1427369487767162882,negative,0.00010628169429044556
1427369488798953475,negative,0.1401054826751126
1427369490443087890,negative,0.20311039099065614
1427369491273588744,negative,0.06220161833435593
1427369493450350593,positive,0.9013450331180025
1427369493513347072,negative,0.027302014914034715
1427369494217908229,negative,0.15754580253428457
1427369497158115330,negative,0.03308278050080088
1427369499183964162,negative,0.010100024755878224
1427369499393773568,negative,2.3923426624876177e-06
1427369499477651461,negative,0.00896456103400881
1427369501432102912,negative,0.16352019608485005
1427369501591486467,negative,3.524220925143728e-06
1427369502807928836,negative,0.0059454795013588885
1427369503378268160,neutral,0.41730461103984307
1427369504070414339,negative,0.0014110881586267146
1427369504171036690,negative,1.4922034878547097e-06
1427369506645676034,negative,0.015609109747442779
1427369506830262274,negative,0.006915781799982033
1427369507417362441,negative,3.189197709522959e-06
1427369507971026944,negative,0.17311023424883856
1427369508537253891,negative,0.051097251710634305
1427369508835139591,positive,0.6808901135239469
1427369509837578246,negative,0.0008287618243459576
1427369513314668545,negative,0.0007887652638632782
1427369514396700678,neutral,0.49789225920557484
1427369515126566912,negative,1.3494183985234584e-05
1427369515692675083,negative,9.769476232849192e-08
1427369516187717638,negative,0.004579745762222992
1427369517253111809,positive,0.8031795502730742
1427369517378940929,negative,0.07365437437223223
1427369518196838406,negative,0.0005842122001781725
1427369518268100619,neutral,0.4143856101811453
1427369518712688643,negative,0.2379576518697791
1427369519006224385,negative,0.010012527872305358
1427369520038129665,negative,6.824673653206219e-07
1427369520256147466,negative,2.260010821399603e-08
1427369522831503372,negative,0.1557545385666459
1427369524924399616,negative,0.06494545589214282
1427369526019215363,negative,0.0016534045336087102
1427369526845480961,negative,0.0003922083941098036
1427369526950187014,negative,0.006297176326018954
1427369527470350341,negative,1.1896342702098335e-05
1427369528921509906,negative,0.00010192848988653052
1427369530737766402,negative,3.7735637594227026e-05
1427369533682200583,negative,0.0011697962735584008
1427369535074553869,positive,0.9559917075151311
1427369535364124677,negative,3.108208010872531e-05
1427369535733125121,negative,0.037194548783398104
1427369537150857216,neutral,0.34245105004162096
1427369537410936833,negative,0.0005033249057037473
1427369540145586181,negative,0.15754580253428457
1427369540518809601,negative,0.006496586353822794
1427369541185716224,negative,0.006191821148495539
1427369541202583559,negative,0.0036791114382249746
1427369541496094721,negative,0.00012792402187290035
1427369542918021127,negative,0.22130543152757562
1427369543278727179,negative,8.976758199387463e-06
1427369543652057094,negative,8.849234379756337e-07
1427369545291939845,neutral,0.48933996825183923
1427369545354956800,negative,0.06232613772837094
1427369546420215809,negative,0.014677045926831707
1427369546525159425,negative,3.878232143413858e-06
1427369546546139148,negative,0.03840511665269058
1427369546726395909,negative,0.29930739312978205
1427369546772537347,negative,0.000248359495041441
1427369547183570952,negative,0.009895410728833577
1427369548731326464,negative,0.07487789490759618
1427369549511348255,negative,0.20362183047108331
1427369550211866626,neutral,0.4334392617149784
1427369550560075780,positive,0.8457002623067913
1427369551054970880,neutral,0.5387256118667225
1427369554100031495,positive,0.9910857989583947
1427369555010129929,negative,2.1983816127269855e-08
1427369555224051712,negative,0.00015790833467575562
1427369555261804551,negative,0.24803707504593
1427369555429629955,negative,0.01521169672906435
1427369555672850443,negative,1.2567880117077538e-06
1427369555844816899,negative,0.00020460513494441253
1427369558281801731,negative,0.03609854369150886
1427369559607160841,negative,0.31411434759707646
1427369559695233033,negative,0.025831779793299956
1427369563717607438,negative,0.04574357571664197
1427369563923095554,negative,0.031496393046198834
1427369564279611399,negative,0.05217269890806904
1427369565219086345,negative,0.025769250099489063
1427369565688930305,negative,0.1540790336358285
1427369567387594754,neutral,0.48728019602140255
1427369568167776258,negative,0.05217269890806904
1427369568599748617,negative,0.001871395724172944
1427369569182683144,negative,0.08504293015938491
1427369569568661513,negative,0.04574357571664197
1427369570961080327,negative,0.002463209023216259
1427369570986299394,negative,0.06860732979563712
1427369572034830336,negative,1.3462252878504677e-07
1427369572328362021,neutral,0.4245406889888924
1427369572441731072,negative,0.15754580253428457
1427369573355966500,negative,0.12128650453514432
1427369573427269636,positive,0.9352595550224294
1427369573444046849,negative,0.17530011606073342
1427369573494378518,negative,0.00010690237179110871
1427369573515468801,negative,0.035731720881987575
1427369573582614530,positive,0.9343671310991865
1427369573670690818,negative,0.0049558832977891175
1427369573699964929,negative,0.21938663094282332
1427369573762965512,negative,5.970585192386735e-05
1427369573838467076,negative,0.010913593426196891
1427369573846822917,negative,0.04479948662288733
1427369573850943493,negative,0.0006061016371552784
1427369573968384001,negative,0.2959754863598885
1427369576262684674,negative,0.001720189609022609
1427369576526974976,positive,0.6917059519039537
1427369576652804100,negative,0.05217269890806904
1427369577420312576,negative,0.060866272623891784
1427369578724737027,negative,0.014169422393047337
1427369578741571585,negative,0.008572995291713497
1427369580876505091,negative,0.1982512755285035
1427369584152154115,positive,0.9393231260257382
1427369584194170886,negative,0.11176772762326523
1427369584550633479,negative,0.0055708803187686845
1427369584835846144,negative,0.002956583173298951
1427369587146956807,negative,7.573345004921017e-06
1427369590221262862,neutral,0.48728019602140255
1427369590431039499,neutral,0.6523328967320267
1427369591802585093,negative,0.0011752826236854819
1427369592285016068,negative,0.051424716205377516
1427369593044180993,negative,0.2829133824440944
1427369593174216706,negative,0.00012792402187290035
1427369593828483073,negative,0.03149955010291329
1427369594109546503,negative,0.2848129882801992
1427369594830864390,negative,0.0023197129204973357
1427369597066530817,negative,0.0023797720985519015
1427369597825687555,negative,7.163131813458368e-05
1427369597829844996,negative,4.924286466858962e-06
1427369599184646160,positive,0.9266034090344558
1427369599566237701,negative,0.00012792402187290035
1427369599641821188,negative,0.05217269890806904
1427369600090578948,negative,8.255545614274963e-05
1427369600564531203,negative,0.001014576989852112
1427369601357291520,negative,0.000684643530353339
1427369601717964805,neutral,0.33282921149221445
1427369601806045191,negative,0.05035153936987655
1427369602804224001,negative,0.08889829340128808
1427369604909830149,negative,0.28748550773598475
1427369605450895365,negative,0.00010192848988653052
1427369605547319297,negative,0.2197383274767015
1427369606210105350,negative,0.00018132511811772673
1427369607392813059,negative,0.18739543126695674
1427369607954903044,positive,0.9343671310991865
1427369608630112257,negative,0.006297176326018954
1427369608856625152,negative,0.037194548783398104
1427369609498353664,negative,0.023688762854052747
1427369610484060164,negative,0.30344016131609436
1427369611020967945,negative,0.0033282900778951303
1427369611612336135,negative,0.31974190885087983
1427369611683586053,negative,0.19028355602608238
1427369613675859970,negative,0.05217269890806904
1427369613940166660,negative,0.0005842122001781725
1427369615127105542,neutral,0.48199634813222436
1427369615127203852,negative,3.6815252673658925e-05
1427369615441678342,negative,0.004210796312055414
1427369616586821632,negative,0.259595488154903
1427369617585025026,neutral,0.3794377588284613
1427369617631109123,neutral,0.4611895792545246
1427369619547901954,negative,0.28961641140578054
1427369619854069765,negative,1.0540360018633241e-05
1427369620013453314,negative,0.0025801587897124633
1427369622165233664,negative,0.011002318036216367
1427369622672715782,positive,0.7855721902213137
1427369623004106754,negative,0.003807044207316078
1427369623968702466,positive,0.9266034090344558
1427369624203669509,negative,0.09226486878274497
1427369624694317062,positive,0.8669378284403858
1427369625675870214,negative,0.0035514009806028144
1427369626183294982,negative,0.2535622622160799
1427369626330095617,positive,0.7855721902213137
1427369627093540866,negative,0.11559796045957355
1427369627936505864,negative,0.0005474152403508848
1427369628758650880,negative,0.11101195090737852
1427369628930646017,negative,0.0028450702164959916
1427369630008492035,negative,0.259595488154903
1427369630226698245,neutral,0.40944595022028984
1427369630369189896,negative,0.02975284354127272
1427369631375835137,negative,0.11124642087365495
1427369631447240705,negative,0.21889211385601803
1427369634378965000,negative,0.0004928706134645771
1427369634479607817,negative,4.5524252769612185e-06
1427369634836193283,negative,0.15754580253428457
1427369635146604546,negative,0.004080388667594057
1427369635515703298,negative,0.01521169672906435
1427369635746287620,negative,0.03319385010315883
1427369636262256643,negative,0.2588896921173227
1427369636933226507,negative,0.0014233158137545695
1427369637193437185,negative,0.030248513182114176
1427369637235286017,negative,0.2848129882801992
1427369639210889218,negative,0.18739543126695674
1427369639546392578,negative,0.0025257810731380945
1427369641379307527,negative,0.07724245901417592
1427369642457243658,negative,0.06588896877700445
1427369643791036420,negative,1.1909722927875024e-22
1427369643883237381,neutral,0.3794582595712339
1427369644097159169,negative,0.018752972676325322
1427369644218896389,negative,7.975599517411701e-10
1427369644659195907,negative,0.0001882323431855699
1427369645133205509,negative,0.0029871202517660835
1427369645368094721,negative,0.014191719546557048
1427369648513855494,negative,0.18739543126695674
1427369649872719874,negative,1.4272255448358214e-06
1427369650707382273,negative,0.16406270918694169
1427369651453906945,negative,1.803134165692017e-12
1427369654587113476,negative,2.5488469230633806e-06
1427369654750691336,negative,0.006191821148495539
1427369655769894927,negative,0.11619088098358671
1427369656013185026,negative,0.00015790833467575562
1427369657498013696,negative,0.018358566650523777
1427369657791655937,negative,0.16352019608485005
1427369658081058827,negative,0.16352019608485005
1427369658697519113,neutral,0.3499352441185855
1427369659062423555,positive,0.8008815015805597
1427369659423154183,negative,0.19028355602608238
1427369659972587521,negative,0.20225937408166
1427369662451527682,negative,0.012652110318235545
1427369662988394509,negative,0.00040491873249286854
1427369663386820614,negative,0.15754580253428457
1427369664733073431,negative,0.047596448770507324
1427369668428316678,negative,0.009895410728833577
1427369668436692993,negative,0.15754580253428457
1427369670659686401,negative,0.002463209023216259
1427369671519457285,negative,0.0003922083941098036
1427369672618479618,negative,0.03612282677473603
1427369673159548931,negative,0.004219081515727852
1427369674170306561,negative,0.009643716779970352
1427369674275270656,negative,0.2603995175652654
1427369677840388097,neutral,0.46867315371201607
1427369678050144261,negative,0.0011752826236854819
1427369678385684481,neutral,0.33282921149221445
1427369678633148434,negative,0.037424745874031974
1427369679195152385,negative,0.28011987520281056
1427369679245365251,negative,3.29412664854785e-07
1427369680231026697,negative,0.00010192848988653052
1427369680239484941,negative,0.0010820290638662712
1427369682508533768,positive,0.9978480090091069
1427369682860904460,negative,2.260010821399603e-08
1427369683393683459,negative,1.3915657376453323e-07
1427369684370968576,positive,0.9343671310991865
1427369684417097735,negative,6.865434612689103e-06
1427369684421255177,negative,0.017477804546782636
1427369684869976064,negative,0.0036791114382249746
1427369685490798595,negative,0.023214452159475898
1427369685914374147,neutral,0.33282921149221445
1427369687566934023,neutral,0.43795816681501476
1427369688368025605,negative,0.0004972608102060506
1427369689676660751,negative,0.001158644622487311
1427369690007998467,negative,0.008486354270234966
1427369690519654402,positive,0.8201626059458841
1427369690637144066,negative,0.00017439261938047805
1427369690737913870,negative,4.442526816972574e-07
1427369693380231171,negative,0.0010350253790268986
1427369694063996928,negative,0.02644142183654108
1427369695548674053,negative,5.883526752385314e-06
1427369697037754376,negative,0.002460796474940253
1427369698119782401,negative,0.00013487393256913154
1427369702355980307,negative,0.0007887652638632782
1427369704440668171,negative,0.0035758019741188086
1427369704822353921,negative,5.56986374285323e-06
1427369706869051393,negative,4.5524252769612185e-06
1427369707405971460,negative,0.00036822960599163407
1427369710744707074,negative,0.0718905165995897
1427369710958567426,negative,0.011652600914030167
1427369716474171400,negative,0.19028355602608238
1427369716885118976,negative,3.9937755221084776e-07
1427369718164434946,negative,0.034460725528559
1427369720135749636,negative,4.1352263420671033e-07
1427369720223834114,neutral,0.4256416070944092
1427369720479637504,neutral,0.4406174951225795
1427369720949379075,negative,1.2316284991584654e-06
1427369721029070857,negative,0.01521169672906435
1427369721314295812,negative,0.0003922083941098036
1427369721456889860,negative,0.011165784120959919
1427369724166479877,negative,2.959485937790679e-08
1427369726481772555,negative,1.1896342702098335e-05
1427369726620078091,positive,0.971012643564743
1427369726901112836,negative,0.000263208615290344
1427369727224123399,negative,2.260010821399603e-08
1427369728184623104,negative,0.06540973617757315
1427369728230760450,negative,0.22690250451024882
1427369728742461443,neutral,0.48728019602140255
1427369729090523140,negative,7.774087523418626e-05
1427369729459724291,negative,0.12944280751431483
1427369731258990596,negative,0.0007887652638632782
1427369733129703427,negative,0.0009065030178654257
1427369733448478722,negative,0.006680905583044323
1427369735608487941,negative,0.0017587756110726042
1427369737235931142,neutral,0.49789225920557484
1427369737714012167,negative,0.03815225725637349
1427369737781194756,negative,0.19435339734925666
1427369738775273473,negative,0.0026427309204554348
1427369740306112512,negative,2.260010821399603e-08
1427369740956209155,negative,0.0026427309204554348
1427369742554341377,positive,0.6789216652729287
1427369746190770181,positive,0.8218955657219421
1427369747818205187,negative,0.0039758753368044925
1427369748808019975,negative,0.0960994133075589
1427369751551094796,negative,1.1606331705116484e-05
1427369752452898823,positive,0.7154334608500338
1427369752511528967,negative,0.004219081515727852
1427369754579410954,negative,0.0003922083941098036
1427369755153948685,negative,0.00012664996986935342
1427369756949204997,positive,0.9343671310991865
1427369758018654221,negative,0.1639450951235744
1427369759105077252,negative,4.2533849646080873e-10
1427369759985786882,positive,0.9343671310991865
1427369762057752586,negative,8.354789846133163e-06
1427369763278295042,negative,0.11619088098358671
1427369765727838212,negative,0.029213421385822242
1427369765782310915,negative,0.15754580253428457
1427369766369509382,negative,0.11635749989020586
1427369766449295366,neutral,0.49789225920557484
1427369767481061383,positive,0.95434777300376
1427369767728517125,negative,0.020501299496342978
1427369768013680644,negative,0.00015790833467575562
1427369768047284227,negative,2.3986610310258783e-06
1427369768114397187,negative,4.7110993936264905e-05
1427369768294703116,neutral,0.48933996825183923
1427369769162903561,neutral,0.49789225920557484
1427369770106728451,negative,0.01112835783453792
1427369770664566784,negative,0.15754580253428457
1427369770698035202,neutral,0.49789225920557484
1427369774519042048,negative,0.028632349612062725
1427369775437697024,negative,0.0017647628769916668
1427369778344185859,positive,0.9676807617159197
1427369778398830603,negative,0.017699527438764462
1427369779749441537,neutral,0.6479628914002659
1427369779808161795,negative,0.06386147862341596
1427369781196427269,negative,0.004165811924199189
1427369781628375044,negative,0.2379576518697791
1427369781913600003,positive,0.9343671310991865
1427369782123376648,negative,0.001904475383042406
1427369782630825990,negative,0.012652110318235545
1427369783020949509,negative,0.0075508606972503264
1427369783431999495,negative,0.15864250477829148
1427369784224669697,negative,0.09956404325068924
1427369786565177344,negative,0.02651512206720926
1427369786779082759,negative,0.10128865003423093
1427369787190087688,negative,0.005396162932807108
1427369787982757890,negative,0.004646203086808913
1427369788125364226,positive,0.9343671310991865
1427369790788755458,negative,6.470756126387856e-05
1427369791829024775,negative,1.3462252878504677e-07
1427369793053679618,negative,0.06386147862341596
1427369793498320897,negative,0.0035758019741188086
1427369795238965248,negative,0.00012792402187290035
1427369797029871617,negative,0.0028149369438086203
1427369800934871050,negative,0.0009717288410603373
1427369803090702344,negative,0.028640936980283853
1427369803417800707,negative,1.3963465131075841e-06
1427369807100489729,negative,0.00017439261938047805
1427369807788322817,negative,7.99602175080395e-06
1427369808186707969,negative,0.00010192848988653052
1427369808941752327,negative,0.12613981338248456
1427369809004597255,neutral,0.3548162853756119
1427369810749542403,negative,0.2588896921173227
1427369810799865860,negative,0.3206329904099258
1427369814377512965,negative,0.10465292497760595
1427369815593918469,negative,0.13253024524492177
1427369816114016258,negative,0.0003200948133853786
1427369817183502336,negative,1.3245739776047817e-06
1427369817430953987,negative,0.0008920047304927495
1427369818353717251,negative,0.0036791114382249746
1427369818676727810,negative,0.1703498149872123
1427369819121364998,neutral,0.49789225920557484
1427369819419054086,negative,0.006297176326018954
1427369819465203714,negative,0.029363873874386336
1427369820073381893,neutral,0.36724656370744296
1427369821612625933,negative,0.01219816977363492
1427369825274322947,negative,0.06673057994928251
1427369825349812232,negative,0.006864491862876202
1427369825353994241,negative,0.07019238151249844
1427369825354067973,negative,0.009470401257011233
1427369825605754881,negative,0.09800925138435515
1427369827228962823,negative,0.0009956572960896388
1427369827912540162,positive,0.9343671310991865
1427369829045096449,negative,4.442526816972574e-07
1427369829237936135,negative,1.2306092127735557e-06
1427369830097817600,positive,0.9993011012373911
1427369830550736904,negative,0.011002318036216367
1427369830726914050,negative,0.24649527157429324
1427369832459210759,negative,0.002463209023216259
1427369832677363722,neutral,0.430021274127976
1427369833696538634,negative,0.00029895892966802056
1427369837542744074,positive,0.9343671310991865
1427369838398345218,negative,0.001087913784145143
1427369838788362244,positive,0.9628604276766076
1427369838926864394,negative,0.00017569020463284996
1427369841464381441,negative,0.00017569020463284996
1427369841506324481,negative,0.006680905583044323
1427369842147938310,negative,0.005206417451024728
1427369843540566016,negative,0.07019238151249844
1427369843909545995,positive,0.9999087652735827
1427369845696438272,negative,4.77092084906318e-05
1427369846874984454,negative,3.0128955512035003e-09
1427369847323828228,neutral,0.418643144867986
1427369848548601857,negative,5.703566841469115e-05
1427369848875667457,negative,0.009895410728833577
1427369849655726087,negative,0.007570744809743393
1427369849932718087,positive,0.6960325222204347
1427369850419171328,negative,0.05217269890806904
1427369850691899397,negative,0.0009499757349218465
1427369851501305857,negative,4.397619825451256e-07
1427369851761401860,negative,0.18739543126695674
1427369852235390987,negative,0.03867142691775281
1427369853443260416,negative,0.0226729485180724
1427369855997693961,positive,0.8008815015805597
1427369856089923595,negative,0.00101891874922102
1427369856127619076,negative,0.011652600914030167
1427369858371657736,negative,0.11619088098358671
1427369859437015044,negative,0.0035758019741188086
1427369860791734279,negative,1.9130996784140384e-05
1427369861605433349,negative,0.15098184082894994
1427369862347857925,negative,0.3029968537174699
1427369865590026246,negative,0.10964564277093683
1427369865992626184,negative,0.0015564757776315053
1427369867120988170,negative,0.14774935373827852
1427369867276083201,negative,0.057649623216920895
1427369868223975431,neutral,0.5442060184796753
1427369868467359748,negative,0.051097251710634305
1427369869356552193,negative,4.9845076747306225e-05
1427369869847191564,negative,0.00010192848988653052
1427369870866489346,negative,0.00029082168054182133
1427369871927619586,negative,0.00016209154104693333
1427369872019836936,negative,6.943065711085409e-11
1427369874192543749,negative,0.0005082585031979294
1427369874913890307,negative,0.04732333018819504
1427369875228463110,neutral,0.33282921149221445
1427369875782131721,negative,0.004659096123731403
1427369876675497985,neutral,0.59267290849954
1427369877665423362,negative,0.3266379038039097
1427369878223302656,negative,0.15754580253428457
1427369879573827586,negative,0.008736703675770344
1427369880249147392,negative,0.000248359495041441
1427369882761506827,negative,0.01128587989809486
1427369883990429697,positive,0.9499367320631046
1427369884468629509,positive,0.8008815015805597
1427369885831680004,negative,0.03716185392576945
1427369885915570179,negative,2.3090718476082683e-05
1427369888583143430,negative,0.00036822960599163407
1427369888759394305,negative,0.2510978145162481
1427369890546167810,negative,0.05334572436700386
1427369891368218627,negative,0.022534141335434653
1427369892618117130,neutral,0.4037911415803243
1427369892915843073,negative,0.020357517973265786
1427369894161567747,negative,0.02644142183654108
1427369896028131332,negative,0.10545286981511183
1427369896346796036,negative,7.387920032884966e-08
1427369897655513090,positive,0.8008815015805597
1427369897957408780,negative,0.011165784120959919
1427369898200678402,negative,0.0003922083941098036
1427369898968289280,negative,0.0012585729399960453
1427369899417030661,negative,0.15754580253428457
1427369900117463042,neutral,0.38966083377267685
1427369901589684224,negative,0.002463209023216259
1427369902734774278,negative,0.07558785432498015
1427369903938539523,neutral,0.59267290849954
1427369904739586050,positive,0.7639807299529904
1427369905855336448,negative,2.1983816127269855e-08
1427369907646259200,negative,0.2673366981765378
1427369911286968320,negative,3.3429276470151034e-05
1427369912398491649,negative,0.01521169672906435
1427369913237352450,negative,0.06692082588542778
1427369915523158022,negative,0.07244694717716302
1427369918220152837,negative,0.078968199135944
1427369918291398658,negative,0.0012333055364396025
1427369918715113474,negative,0.0023797231036536423
1427369920736727043,negative,0.1947911742678152
1427369921130938376,negative,0.00010192848988653052
1427369921177128972,negative,4.15068984398834e-05
1427369921529499655,negative,0.10495472264058184
1427369922867367936,negative,0.0005422229349030816
1427369924285157376,negative,0.20030180422105262
1427369925174304784,negative,0.0003336229888418475
1427369926424244224,negative,0.0008287618243459576
1427369926432641028,positive,0.8074819102728718
1427369927506341891,neutral,0.33282921149221445
1427369929955758083,negative,0.067816071905177
1427369930261999621,negative,0.18739543126695674
1427369931604205584,negative,0.037194548783398104
1427369932124270596,negative,0.00016670035190937272
1427369934972149767,neutral,0.34184640523860554
1427369935165173760,negative,0.0011320735349295635
1427369936607920131,negative,0.06562385698515819
1427369938843541504,negative,0.2588896921173227
1427369940437372932,negative,0.06587144503077128
1427369945315352579,negative,0.017702330325511387
1427369945793433601,negative,4.922781851836161e-08
1427369945856364545,negative,0.10964564277093683
1427369947378954246,negative,0.00017439261938047805
1427369948129730562,neutral,0.33282921149221445
1427369948498759684,negative,0.12636627367316783
1427369948540723209,negative,9.31848514106226e-05
1427369949421441024,negative,0.0008764366911265445
1427369950407233539,negative,0.015758281077466556
1427369951367663619,negative,0.015609109747442779
1427369952407924742,negative,0.15754580253428457
1427369954303782916,neutral,0.3419384428643814
1427369955947778049,negative,0.0011837065746141144
1427369956170207236,negative,2.2451312219194298e-05
1427369956455354369,negative,1.2562599321939078e-09
1427369958481305605,negative,0.00012792402187290035
1427369959341051906,negative,5.703566841469115e-05
1427369959525650432,negative,0.009978981074110254
1427369960934936577,negative,2.260010821399603e-08
1427369961907965961,negative,2.9719927809746772e-12
1427369962675576836,negative,0.02107276458632434
1427369964391047170,negative,0.005384711769732827
1427369965380907017,negative,0.10954888280717937
1427369965615788033,negative,0.006680905583044323
1427369965703868421,neutral,0.38903923061059387
1427369966710427652,negative,0.020491077762390227
1427369966723080197,negative,0.004210796312055414
1427369967427670016,negative,0.30050425002109626
1427369968367198209,neutral,0.46127768308170247
1427369969898168323,negative,0.00896456103400881
1427369970086944768,negative,3.605140604791976e-08
1427369971512979458,negative,0.19252760590077908
1427369972091686912,positive,0.9559917075151311
1427369972297252864,negative,0.17745369836207325
1427369972540579843,negative,0.010960405842145669
1427369973077487625,negative,0.011002318036216367
1427369973886816267,negative,0.009133090363476199
1427369974688067589,neutral,0.33282921149221445
1427369974738341889,negative,7.637292482675307e-05
1427369974843068416,negative,0.0015564757776315053
1427369976902701060,negative,0.08088176881653902
1427369977187864578,negative,0.013651534343453555
1427369977317888000,negative,0.002114709355233942
1427369978869731334,negative,0.002463209023216259
1427369981931573248,negative,0.017702330325511387
1427369982804086801,neutral,0.33282921149221445
1427369983034675204,negative,1.976327462161933e-05
1427369983663693825,negative,0.1288317492040109
1427369984423075841,negative,0.04907476437954909
1427369985186402304,negative,0.21195757638818263
1427369987166150669,neutral,0.49789225920557484
1427369987874955271,positive,0.9343671310991865
1427369988525015046,negative,0.00037022168408256247
1427369989124853767,negative,0.071245561973211
1427369989531652110,negative,0.006297176326018954
1427369989623980044,positive,0.8031795502730742
1427369990085300225,negative,0.2559359267141252
1427369991234637836,negative,0.00010192848988653052
1427369991742103557,negative,0.01818988550882288
1427369991951761412,neutral,0.33510827203032445
1427369994304868353,neutral,0.47371072416927557
1427369995013705739,negative,0.009220681782339271
1427369995923689479,negative,0.033950387996653626
1427369998213918725,negative,0.011002318036216367
1427369998587252748,negative,0.0003593285651030902
1427369998763413504,negative,0.0003922083941098036
1427369998939459588,negative,0.002114709355233942
1427369999933583362,negative,2.260010821399603e-08
1427370001930014728,negative,1.2306092127735557e-06
1427370002160750593,negative,0.008868970380853942
1427370002299113473,negative,0.00019368651858141066
1427370002919923728,negative,0.18739543126695674
1427370003922309123,negative,0.0008183694654169662
1427370004354306052,negative,0.15754580253428457
1427370004798971909,neutral,0.552604093023779
1427370005130358785,negative,0.08061769093052472
1427370007583989766,neutral,0.49789225920557484
1427370007596523523,negative,0.031496393046198834
1427370008192167938,negative,0.006992521737203475
1427370008322191365,negative,0.0011724256739826329
1427370010025111552,negative,9.852132318440357e-08
1427370010469617665,negative,2.606800782721678e-06
1427370010780053504,negative,0.0002618314855583175
1427370011287560205,neutral,0.6284068236927545
1427370011845402626,negative,0.0006535083050826353
1427370012436832257,negative,0.00012792402187290035
1427370012868743172,negative,0.00017446435515422665
1427370012935917569,negative,0.24039657769468067
1427370013959327746,negative,0.031211916038767978
1427370015154655235,negative,1.3462252878504677e-07
1427370017331556354,negative,0.04574357571664197
1427370020061990912,negative,0.12146426141732296
1427370020963762180,negative,0.003235676989935893
1427370021555146754,negative,0.24803707504593
1427370024143097862,negative,0.040991333357166926
1427370024638062592,negative,9.056469715380122e-10
1427370025439084555,negative,0.0006751091104177307
1427370025690845185,negative,0.00981818879215432
1427370027985035271,neutral,0.5017543432377519
1427370031290232845,negative,1.3240468528811192e-08
1427370032175198211,negative,2.260010821399603e-08
1427370032422604801,negative,0.2128187840885823
1427370032481320967,negative,0.028640936980283853
1427370033735475208,negative,6.470756126387856e-05
1427370033957806085,negative,0.1352023891119243
1427370035400613897,negative,0.00036822960599163407
1427370035870375938,negative,0.13068678921591073
1427370037984342016,negative,0.0019099887746773165
1427370038248476681,negative,0.0002611689437421904
1427370038428938240,negative,0.00896456103400881
1427370038668009476,neutral,0.41571238515730335
1427370039234211856,negative,0.259595488154903
1427370039276183553,positive,0.6789216652729287
1427370039611637763,negative,0.0019485465480871755
1427370039712354312,negative,4.410237291760088e-05
1427370039817162757,negative,0.007092371478304936
1427370040001716225,neutral,0.3305485226959848
1427370040395972610,positive,0.9343671310991865
1427370041901735944,negative,0.09633065975676036
1427370042820337668,negative,0.07205087607754107
1427370043843694592,negative,3.7735637594227026e-05
1427370043868844033,negative,0.033111384777081816
1427370044195999750,negative,7.059509911580105e-05
1427370046653861897,negative,0.0012333055364396025
1427370047534624768,negative,0.059570043899134735
1427370047694069770,negative,0.2005758037509807
1427370048050499594,negative,0.00015790833467575562
1427370048381849612,negative,0.0005251200799059904
1427370048608477184,negative,0.31974190885087983
1427370048843300875,negative,1.7539567840063618e-05
1427370049124241433,negative,0.00018331017517545363
1427370052525957126,negative,0.05454539013275213
1427370052731478017,negative,0.10596441773359634
1427370053775806470,negative,0.04574357571664197
1427370055000547330,negative,0.06587441049417952
1427370055902367744,negative,0.08922997017330599
1427370056611209217,negative,0.010983451893913308
1427370057756184580,negative,0.2080069320105487
1427370061161979908,negative,8.255545614274963e-05
1427370061162061827,negative,0.003235676989935893
1427370061547900934,negative,0.08192135097631595
1427370062848090113,negative,0.014956294613059471
1427370063053705221,positive,0.9692720321287012
1427370064009994243,negative,0.10639229147522375
1427370064781578269,negative,0.20869474125078172
1427370066232938496,negative,0.00011474262250262312
1427370067331887111,negative,0.011165784120959919
1427370067709333509,negative,1.3326719070576887e-06
1427370068653088775,negative,0.0003454651517943693
1427370068996993024,negative,1.983922948020937e-09
1427370069659619333,negative,0.22345659078338406
1427370070393556997,negative,0.08428927298883214
1427370070909542401,negative,0.0006080865043248299
1427370071509319686,negative,0.008736703675770344
1427370071568134145,negative,0.001757688542915225
1427370071706542086,negative,0.000248359495041441
1427370072948027397,negative,0.002463209023216259
1427370073296015362,negative,0.10282506816954724
1427370076337020930,negative,0.0035758019741188086
1427370078459269126,negative,0.04574357571664197
1427370079411388421,negative,0.0012758371377220264
1427370079746940932,negative,0.09488824926404411
1427370080120225799,negative,0.07975168513095131
1427370080145391620,neutral,0.41901263796461236
1427370081328173058,negative,0.0035758019741188086
1427370082066440194,negative,0.00017439261938047805
1427370082938798082,neutral,0.3359052738377203
1427370085132427276,negative,0.004210796312055414
1427370085354770432,negative,4.658916567176478e-05
1427370085627355140,negative,0.0008463731500872914
1427370086340382725,neutral,0.33282921149221445
1427370087762235395,negative,0.004229101000034595
1427370089016397824,negative,0.15754580253428457
1427370089381175296,negative,0.18795859623648656
1427370091096707080,negative,0.22130543152757562
1427370091897835525,negative,0.10964564277093683
1427370092099158018,neutral,0.59267290849954
1427370092292096005,negative,3.262099447585443e-06
1427370093290401804,negative,0.027302014914034715
1427370094867488769,negative,0.1712522260356728
1427370095077167105,negative,0.19435339734925666
1427370095135780864,neutral,0.3359052738377203
1427370095618281476,negative,0.04574357571664197
1427370096901591040,negative,0.0014188269159102944
1427370098067746824,negative,0.15329275678124626
1427370098411638785,negative,0.19311067094070053
1427370099166650374,negative,2.1983816127269855e-08
1427370100231921666,positive,0.7639807299529904
1427370102039646210,neutral,0.4611895792545246
1427370102119403521,negative,7.58735640828594e-07
1427370102220066819,negative,0.015609109747442779
1427370104619159558,negative,0.21921412548362115
1427370104937984004,negative,0.25366359999702986
1427370105374224390,positive,0.9628838102869247
1427370105701347331,negative,0.22647584640816715
1427370106854723604,negative,2.661404971092999e-05
1427370107341312007,negative,0.0005609691045068893
1427370107681058823,negative,0.21139109066500397
1427370108486311939,negative,0.2917593051458871
1427370108578582531,negative,0.001904475383042406
1427370108708696068,negative,0.008077053675719563
1427370110050836480,negative,0.00021773887927574838
1427370110499491850,negative,0.07723560831678909
1427370111707529218,negative,0.0332298163671907
1427370111812374533,negative,0.3029968537174699
1427370112525512711,negative,3.603042281668339e-05
1427370113477619713,neutral,0.33282921149221445
1427370113590693909,neutral,0.3390834357545864
1427370114094075906,negative,0.02411139039796651
1427370114161250307,negative,0.00021818564558112957
1427370115427885061,neutral,0.39430414597142033
1427370116052815874,negative,0.03149955010291329
1427370116908556304,neutral,0.3499352441185855
1427370118296870921,negative,0.00036822960599163407
1427370118372372484,negative,0.15754580253428457
1427370118661685259,negative,0.005173984795641118
1427370118955388931,negative,2.9600540930034798e-08
1427370119446020107,negative,1.0799755478911954e-05
1427370119550881796,neutral,0.49789225920557484
1427370121362825216,neutral,0.49789225920557484
1427370122226831361,negative,0.037194548783398104
1427370123049029635,negative,0.06494545589214282
1427370124407939074,negative,0.23479051043063884
1427370124420517891,neutral,0.33747961291797934
1427370125917831172,negative,0.009928355723111976
1427370126349905922,negative,4.739620445419964e-09
1427370126454706176,negative,1.8957598147837344e-06
1427370126572236801,negative,1.3835103621142168e-05
1427370127360724992,neutral,0.33282921149221445
1427370127947882501,neutral,0.4295035849141295
1427370128438595588,negative,0.009895410728833577
1427370129139060737,negative,0.008205904877469125
1427370132595220481,negative,0.02879322234652911
1427370133966802946,negative,0.25729817627153345
1427370136114184194,negative,0.10964564277093683
1427370137389342724,positive,0.9343671310991865
1427370137993293827,negative,0.004033976081639782
1427370139054485511,negative,0.259595488154903
1427370144599363587,negative,5.174118657546046e-05
1427370145517871107,negative,0.00017569020463284996
1427370146889338880,negative,0.004219081515727852
1427370147564687363,negative,0.026925033591193404
1427370147795382273,negative,0.01521169672906435
1427370152480358402,neutral,0.3736532807538645
1427370153185095681,negative,1.355352706013236e-05
1427370155005419520,negative,0.20576854470156494
1427370156423004160,neutral,0.5131820754222006
1427370156741873664,negative,0.0016006643884316524
1427370158734073869,negative,1.4922034878547097e-06
1427370159405142017,negative,3.123082700396666e-13
1427370159635849216,negative,0.006297176326018954
1427370161061892097,positive,0.9343671310991865
1427370162303406080,negative,0.0048309630087274985
1427370162815131648,negative,0.000737265557906732
1427370165113704465,positive,0.9343671310991865
1427370166564925450,negative,0.0010709655320081982
1427370168171343878,negative,0.1383793527114879
1427370168586575880,negative,0.06386147862341596
1427370170952126465,negative,0.03432240562214774
1427370172466307072,negative,0.011845467008876577
1427370172541808648,negative,3.7391483836691087e-07
1427370174240415758,negative,0.0002553867379216207
1427370176467587076,negative,0.24045389292588248
1427370176979349507,negative,0.0036134860731970634
1427370179974123523,negative,0.14394653510349253
1427370180297076743,negative,0.001060077048349589
1427370181064601601,positive,0.6800196072792367
1427370182993928200,negative,0.21192963163523793
1427370185196023818,negative,0.00012792402187290035
1427370187062489093,positive,0.9343671310991865
1427370187993452549,negative,1.9909672397091639e-07
1427370188123607052,positive,0.9997748623725083
1427370188387889158,negative,0.007570744809743393
1427370188455006210,neutral,0.36072098323156504
1427370191596490752,negative,0.047100842212814485
1427370192418508809,negative,3.557133339837535e-12
1427370192557035520,negative,0.11514602059613607
1427370194855419909,neutral,0.39274765723876304
1427370196096987144,negative,0.03149955010291329
1427370196340195328,negative,0.000248359495041441
1427370196633718789,negative,0.2712408155467774
1427370198286274569,negative,0.08922997017330599
1427370200383492099,negative,3.5907999565609543e-05
1427370201276891151,negative,0.002463209023216259
1427370201788698631,negative,0.1409617162694171
1427370202107420672,negative,0.00012792402187290035
1427370202262474779,positive,0.9932227030135394
1427370203546062849,negative,0.241578289881779
1427370203835424770,negative,0.1459674360758356
1427370205005631488,negative,5.174118657546046e-05
1427370205345370120,negative,0.005173984795641118
1427370207241293824,negative,0.028640936980283853
1427370208189108228,positive,0.9343671310991865
1427370209749479425,negative,4.3027906747089824e-07
1427370211041234946,negative,3.262099447585443e-06
1427370212664520704,neutral,0.4860213364893137
1427370213616594946,negative,1.803134165692017e-12
1427370214757441539,positive,0.9343671310991865
1427370216078647301,negative,0.12290473419724716
1427370216384774150,negative,0.00018132511811772673
1427370217395662848,negative,0.08552439695251261
1427370217873854471,negative,0.13182197867389628
1427370217945145346,negative,0.09873195578700844
1427370218964332544,negative,0.0001190052315223841
1427370220629397508,negative,0.029110071149492756
1427370221027926025,negative,0.011165784120959919
1427370221296406534,neutral,0.4737554465528978
1427370222793678851,negative,0.11176772762326523
1427370223615754247,negative,0.0003611971076423807
1427370223880097795,negative,0.0004938905125665776
1427370225679409157,negative,0.05217269890806904
1427370226631467009,negative,0.04574357571664197
1427370228191727622,negative,4.739620445419964e-09
1427370228380483585,negative,1.4211100605187807e-05
1427370229403897859,negative,1.4211100605187807e-05
1427370230238621699,negative,0.027496135857849355
1427370230276296707,negative,0.06604228111972148
1427370232042115077,positive,0.752462934875381
1427370233724035075,negative,0.011165784120959919
1427370234974031878,neutral,0.49789225920557484
1427370235426975747,negative,0.13427714351424946
1427370235611525120,negative,0.0012051523731877265
1427370235879993348,negative,0.06386147862341596
1427370236194476041,negative,0.07019238151249844
1427370236953628684,negative,0.29209570300421833
1427370238530707463,neutral,0.33282921149221445
1427370240573329411,negative,0.002463209023216259
1427370240783142912,positive,0.7344049639932397
1427370244927021064,negative,0.2369710931082333
1427370245333860359,negative,2.260010821399603e-08
1427370247019970560,negative,3.7957457682301525e-05
1427370248194469892,negative,0.24683625774504134
1427370248886530054,negative,4.442526816972574e-07
1427370249901551620,positive,0.9220497605811323
1427370250488754176,negative,7.678821960931483e-08
1427370250639712258,negative,0.00010765650955163358
1427370251407212546,negative,0.000698401850567857
1427370254435504142,negative,0.24835136393705085
1427370254548754434,positive,0.9343671310991865
1427370255723241477,negative,0.004229101000034595
1427370255861665792,negative,0.00010192848988653052
1427370257463787535,negative,0.2850093417421068
1427370257774153730,negative,0.08300517512936802
1427370258965401603,negative,0.0036791114382249746
1427370259917508610,neutral,0.4662169283079212
1427370259976269828,negative,0.0036791114382249746
1427370261289054217,negative,6.980756980520892e-05
1427370262417321990,negative,0.0035758019741188086
1427370263096840193,negative,0.017000031893005467
1427370263973351424,negative,0.00012792402187290035
1427370264027873281,negative,0.004601112890697783
1427370264271233026,negative,1.694996169263538e-11
1427370268222230533,neutral,0.4359336927565861
1427370269337870337,negative,0.3029968537174699
1427370270088736770,negative,0.28748550773598475
1427370270730358784,negative,0.07365437437223223
1427370270772318208,negative,0.0004668334969518805
1427370273007882244,negative,0.00016717006641948776
1427370273871994887,negative,2.661404971092999e-05
1427370274844905479,neutral,0.6298685929102259
1427370279848775685,neutral,0.6218115513570791
1427370280800903174,negative,0.034460725528559
1427370281056800770,negative,0.04534917774471991
1427370281333493771,negative,0.018195067737917688
1427370281706958860,negative,3.108208010872531e-05
1427370281765679107,negative,0.15754580253428457
1427370281941749760,negative,0.0004928706134645771
1427370283212722178,negative,0.002209590038977975
1427370283279781889,neutral,0.35785643069366135
1427370283585900549,negative,0.3283680303169864
1427370284085096450,negative,0.00015790833467575562
1427370284420583424,negative,0.000248359495041441
1427370284781346818,negative,3.395178468627184e-05
1427370285003681802,negative,0.07019238151249844
1427370286870056964,negative,0.32936530419176985
1427370287281197063,negative,0.0007591224359239046
1427370288266756100,positive,0.9343671310991865
1427370288589807616,neutral,0.49789225920557484
1427370289512517636,negative,0.04160162306674924
1427370292318453762,negative,0.027277257338113432
1427370292628885514,negative,0.19354862497968273
1427370293023150086,positive,0.9487868549953032
1427370293417414657,negative,0.007717218578796677
1427370293430034433,negative,3.9851065170383835e-05
1427370293480263689,negative,0.07062769637071324
1427370293501169681,negative,0.002702019565932983
1427370293534810119,negative,0.04574357571664197
1427370296865001496,positive,0.6789216652729287
1427370297058004992,negative,0.01395759352469589
1427370298580643846,negative,0.08921901666573896
1427370298811326465,negative,0.015609109747442779
1427370299104841739,negative,0.0036791114382249746
1427370302070312966,negative,3.7735637594227026e-05
1427370302300905481,negative,0.00039181226687647904
1427370302909124616,negative,0.000248359495041441
1427370304209358856,negative,4.332554903002017e-05
1427370304251310087,negative,0.02168143012423108
1427370306839134209,negative,1.1995100441390837e-05
1427370308646866944,negative,0.0009528240570941547
1427370309120937989,negative,1.3881516606685247e-05
1427370312476282884,negative,0.0009142882360747147
1427370312539295748,negative,0.2379576518697791
1427370313092845577,negative,0.22593025336632008
1427370313143160835,negative,0.0009610878359818325
1427370313164152838,negative,3.108208010872531e-05
1427370313206087686,negative,0.007799021633862841
1427370313734627337,neutral,0.33282921149221445
1427370314401554435,neutral,0.4143856101811453
1427370315341090826,negative,0.002463209023216259
1427370316079239173,negative,0.00012792402187290035
1427370316242751491,negative,0.17619509978441492
1427370316314124290,negative,0.004210796312055414
1427370316335095810,negative,0.056017415691729584
1427370316532232211,negative,0.02591169049053369
1427370316582502409,negative,0.24086290279979417
1427370316934926345,negative,5.43956629599445e-06
1427370317757001728,negative,0.07975168513095131
1427370320785285122,negative,0.020384575606940403
1427370321020076034,negative,1.670396514628421e-08
1427370321414262813,negative,0.003235676989935893
1427370322832072707,negative,0.020911611339182005
1427370323314413571,negative,0.15754580253428457
1427370324115476486,negative,0.10545286981511183
1427370325373857803,negative,0.007098225802143782
1427370326023933954,neutral,0.6076648438576642
1427370326267252743,positive,0.9343671310991865
1427370326770520078,positive,0.9355190049928973
1427370327059931142,neutral,0.41901263796461236
1427370327173214210,negative,0.07019238151249844
1427370327701663748,negative,3.9764934202421785e-07
1427370328418930694,negative,0.08922997017330599
1427370328481665024,negative,0.004515228665857457
1427370329115082761,negative,0.10964564277093683
1427370329421328386,negative,0.31974190885087983
1427370329765253120,negative,0.2047217102450708
1427370330666975232,negative,4.592960146359878e-12
1427370332214677511,negative,0.016588993937500622
1427370333921808386,negative,0.05665194333664998
1427370336023154694,negative,0.00013818493944710305
1427370337042370566,positive,0.6789216652729287
1427370337457553415,negative,0.002912664424265548
1427370338514608134,negative,0.037194548783398104
1427370339135197190,negative,0.11054087585065427
1427370340439703553,negative,0.00012792402187290035
1427370341685415939,neutral,0.4181351527995465
1427370342553694210,negative,0.00012792402187290035
1427370342679552002,positive,0.9977708948867301
1427370344331939841,negative,0.04093640688851048
1427370344734674944,negative,0.259595488154903
1427370345837694979,negative,0.00036822960599163407
1427370346013921282,negative,5.055246486338623e-05
1427370347322613761,negative,0.0006929278570383485
1427370348199124992,negative,0.18108131422223686
1427370349738532865,negative,0.18387029119173803
1427370349839241225,negative,0.004229101000034595
1427370350740971524,negative,3.108208010872531e-05
1427370351281983494,negative,0.2080069320105487
1427370352330616836,negative,1.4922034878547097e-06
1427370354247360513,negative,0.01916820084027119
1427370358223642636,negative,0.045439897150781394
1427370359599292420,negative,0.0002874341514386397
1427370359989411849,negative,0.23968595916401872
1427370360039608334,negative,0.015609109747442779
1427370362497650691,negative,0.004728362321325093
1427370365584658446,negative,0.0009356940444890692
1427370368168247306,negative,0.002121759662859604
1427370368243732485,negative,1.0040572772114269e-05
1427370370332512261,negative,0.06421543209135709
1427370371855028226,negative,0.29741830572886724
1427370372362645504,negative,5.917697689606097e-07
1427370373746659334,negative,0.004454377258141273
1427370375072075779,negative,0.009928355723111976
1427370376066129922,negative,2.6396168426651724e-06
1427370376858853382,negative,0.00012385039176799256
1427370377236332554,negative,0.15754580253428457
1427370377253203975,negative,4.337433101272832e-06
1427370378209501184,negative,0.18739543126695674
1427370381170683911,negative,0.00010628169429044556
1427370382231842822,negative,0.009928355723111976
1427370383032848393,negative,8.255545614274963e-05
1427370383943024641,neutral,0.33282921149221445
1427370384391815171,negative,0.00017446435515422665
1427370385285201921,negative,0.001739957663825208
1427370385851432964,negative,0.002507369714213688
1427370386296086536,negative,0.005026997339494177
1427370386300317697,negative,0.15754580253428457
1427370386975608833,negative,0.004229101000034595
1427370387566891013,negative,0.11619088098358671
1427370387881484290,negative,0.000248359495041441
1427370387957035010,positive,0.6637866052848741
1427370388569436163,negative,0.00012792402187290035
1427370388829310989,negative,0.05217269890806904
1427370389336821776,negative,0.0008287618243459576
1427370391278850048,negative,0.15754580253428457
1427370392310665220,negative,0.10964564277093683
1427370392390361105,negative,1.155963752476415e-07
1427370394198188034,negative,0.09524610485397685
1427370395586338816,negative,0.00010192848988653052
1427370395779358728,negative,0.008629942449559424
1427370396010131464,negative,0.002463209023216259
1427370396639186945,positive,0.9343671310991865
1427370397104758787,negative,6.0005597013990136e-09
1427370399021469698,negative,0.259595488154903
1427370399394844674,negative,0.0005899128634106131
1427370401018093570,neutral,0.49789225920557484
1427370401328508941,negative,0.026925033591193404
1427370401924096006,negative,0.016714649830795583
1427370404377673731,negative,0.000248359495041441
1427370404696363020,negative,0.012654939820390882
1427370405258539012,negative,0.011613334644043164
1427370405728247808,negative,2.260010821399603e-08
1427370407708012549,negative,0.07019238151249844
1427370409897377793,negative,0.0012333055364396025
1427370410971172872,negative,0.00045692356767837314
1427370412913090567,neutral,0.36826848925310324
1427370413579984905,negative,1.3462252878504677e-07
1427370413580070912,negative,0.32148723143714664
1427370415559696385,negative,0.015403861869501972
1427370416222441474,negative,2.260010821399603e-08
1427370416654401542,negative,0.21769662970405373
1427370416985813002,negative,0.001060077048349589
1427370417442934791,negative,0.12636627367316783
1427370421620510720,positive,0.9343671310991865
1427370423247941641,negative,9.587582108670228e-05
1427370424518815746,negative,0.013375799875776825
1427370425890312196,negative,0.009643716779970352
1427370427542867968,negative,0.30865627033003495
1427370427697991683,negative,2.235798373432555e-05
1427370428767604748,negative,0.00017439261938047805
1427370429983899656,negative,0.01939165374723412
1427370430566907913,negative,0.18685125553492055
1427370430688604160,negative,9.074509896347088e-05
1427370431955275783,negative,0.004219081515727852
1427370432848609285,negative,0.000248359495041441
1427370433649721352,negative,0.22861954191474046
1427370435742679047,negative,0.011176170622398738
1427370436296327169,neutral,0.5532816099461351
1427370436619390982,neutral,0.49789225920557484
1427370437105917965,negative,0.13068678921591073
1427370440880705543,negative,0.019768410317195388
1427370441492992006,negative,0.16620188712526268
1427370443502141445,negative,0.2714431206698304
1427370445964251145,negative,0.0001433536161093851
1427370445993619460,negative,0.002799599366699917
1427370447004487680,negative,4.6080145466714954e-07
1427370448157921281,negative,0.19203102561759994
1427370449449754625,positive,0.9499367320631046
1427370449713913857,negative,0.000292743645211612
1427370450577989634,negative,3.8216563660983337e-07
1427370454508089345,negative,0.00024032764230419974
1427370454524776448,negative,0.008251137208311884
1427370455414026242,positive,0.999423862576275
1427370455581827075,negative,5.174118657546046e-05
1427370456361930754,negative,0.05217269890806904
1427370457532182535,negative,0.020116364911328198
1427370458781978624,negative,0.005174145105555625
1427370460543651848,negative,0.012022969015622836
1427370460988284930,negative,0.004229101000034595
1427370461093154825,positive,0.7565495420618481
1427370461403525131,negative,0.08606252449031195
1427370461613154310,negative,0.2571492090933332
1427370462271651844,negative,0.212372174040475
1427370464725377026,negative,2.8157499209741017e-06
1427370465018974213,negative,1.1008522232811907e-08
1427370465266487300,negative,0.002147097892457703
1427370467124551681,neutral,0.49789225920557484
1427370468923817986,negative,0.013651534343453555
1427370472828723206,negative,0.15754580253428457
1427370475911532547,negative,0.011038581059849702
1427370476343463951,negative,2.314250531646015e-06
1427370479573209092,negative,0.0005474152403508848
1427370479715823624,negative,0.13164822712821164
1427370480038813704,negative,0.009772304063788187
1427370480500101125,negative,1.4922034878547097e-06
1427370482819604485,negative,0.07019238151249844
1427370483146706945,negative,2.260010821399603e-08
1427370484430221312,negative,1.0799755478911954e-05
1427370485470400513,negative,0.0002894693037778706
1427370485675814912,negative,0.017702330325511387
1427370486917386243,negative,0.05572209130522483
1427370487022239751,negative,4.97914592050794e-12
1427370487827550208,negative,0.12650843035785694
1427370489677328385,negative,0.16157127117561174
1427370489937334276,negative,0.000248359495041441
1427370490625236994,negative,0.008629942449559424
1427370491438764040,neutral,0.43795816681501476
1427370492420296714,negative,0.12189214942129638
1427370493330477066,negative,0.0006683773090393738
1427370493594771463,negative,0.15754580253428457
1427370493863243776,negative,1.3462252878504677e-07
1427370494542684174,positive,0.9343671310991865
1427370494823645189,negative,0.2606533792953249
1427370496245436421,negative,0.21938663094282332
1427370496874762245,neutral,0.43795816681501476
1427370497348718601,negative,1.481102618666672e-08
1427370497789120514,negative,0.00036822960599163407
1427370498158211072,negative,0.15754580253428457
1427370498162315269,neutral,0.37899840162270665
1427370500146311171,negative,0.31627043084242845
1427370501102620678,positive,0.6789216652729287
1427370501270380545,positive,0.7039216430524671
1427370502453141509,negative,0.000248359495041441
1427370503078039552,negative,0.007969770067334537
1427370504436977668,negative,7.99602175080395e-06
1427370504659345411,positive,0.9343671310991865
1427370505095553025,negative,8.177803571127294e-05
1427370506903162898,negative,0.07999138817334538
1427370508098707465,negative,0.00012792402187290035
1427370508430061579,negative,0.0009528240570941547
1427370509159727105,negative,0.00036822960599163407
1427370509457559553,negative,0.011724737227430823
1427370509902155786,neutral,0.33282921149221445
1427370510866857987,negative,0.0575862204255013
1427370511445774348,negative,0.00042427113252987395
1427370511554785287,negative,0.08504293015938491
1427370511827415047,negative,0.16352019608485005
1427370512997572611,negative,4.8324512276121696e-05
1427370513328922631,negative,0.09250334327269714
1427370514310381576,negative,0.04574357571664197
1427370514960588801,neutral,0.49374589732245106
1427370515153494024,negative,0.22454719917088717
1427370516608913409,negative,2.567872994658264e-07
1427370516671827968,negative,0.0006960636726990353
1427370521600139266,negative,0.16847634498426758
1427370521675636743,negative,0.010756126293543085
1427370521705029641,negative,0.011967863675794412
1427370522380222465,negative,0.01939165374723412
1427370522770354182,negative,0.0030196255486291514
1427370523303063556,negative,0.0002900413836400342
1427370524221521922,negative,0.270808157906058
1427370524825501699,negative,2.445158706266119e-05
1427370524997521413,negative,0.03716185392576945
1427370525387526145,negative,0.0008920047304927495
1427370526016778246,negative,0.15207005869100731
1427370526771662851,negative,0.024287470507413644
1427370527899934722,negative,0.00010815068309760784
1427370529221226497,negative,9.154344759029351e-06
1427370529225420804,negative,0.000248359495041441
1427370529690996740,negative,0.0030993684314606796
1427370532199141376,negative,0.07487789490759618
1427370534694699008,positive,0.7639807299529904
1427370539081994241,negative,2.6066042044375076e-07
1427370540323512327,negative,5.889760138270649e-21
1427370540789026820,neutral,0.5923842903770429
1427370541523128325,negative,6.383102181689691e-05
1427370544450744321,negative,0.04993956516322031
1427370545029554187,negative,4.764091110235672e-05
1427370545226596355,negative,0.003246204907532431
1427370549504839690,positive,0.8686188585113754
1427370550469533699,negative,0.01390932860900056
1427370551954362372,negative,0.041680591898805484
1427370553309077509,negative,0.18739543126695674
1427370553355259904,neutral,0.5710211662525364
1427370554579947527,negative,0.000248359495041441
1427370554680479766,negative,0.020911611339182005
1427370557524398087,negative,0.0011976214918641881
1427370559109844992,negative,0.19028355602608238
1427370559940214788,negative,5.16398550858732e-07
1427370560791666694,negative,0.1080386135918996
1427370561546690560,negative,0.004229101000034595
1427370562549161990,neutral,0.4650701609088309
1427370562914066433,negative,0.00012375310626702325
1427370563270553607,neutral,0.3837162173843233
1427370565376036869,negative,1.8777435711621463e-09
1427370565879336961,negative,0.00012792402187290035
1427370567485755398,negative,0.15754580253428457
1427370568555237397,negative,0.0004493918342676687
1427370568718983173,negative,0.00020427608957022389
1427370569633173517,negative,0.0013085284465153152
1427370569897480195,negative,0.009663103463542924
1427370571503915011,negative,2.0850830761975652e-07
1427370572888039426,negative,0.000248359495041441
1427370576893591556,negative,0.06829267667401916
1427370579536056323,negative,0.004313061365964225
1427370580106350608,negative,0.00038270060817789035
1427370580299427844,negative,0.15754580253428457
1427370580760748032,negative,1.355174088991537e-07
1427370582253912068,negative,0.012875709262163004
1427370583331901455,negative,0.002012389636067741
1427370583810052102,neutral,0.33282921149221445
1427370584204320780,neutral,0.5849655460483422
1427370585961730051,negative,0.15754580253428457
1427370586662187011,negative,0.0008276250997321081
1427370588100771845,negative,2.578261779555004e-09
1427370588239241224,neutral,0.33282921149221445
1427370589275230209,negative,0.07019238151249844
1427370589451390980,negative,0.04655007234403113
1427370590411935752,negative,0.07302412072975543
1427370593846976518,neutral,0.3944420557957702
1427370594472013826,negative,0.00031281182425154557
1427370595541528587,neutral,0.33282921149221445
1427370595637997570,neutral,0.4031912719417276
1427370596292337665,negative,0.002457820482896525
1427370597831647237,negative,0.026084522412147124
1427370600201338884,negative,0.01836564946473736
1427370600729829383,negative,0.0005285226526512712
1427370601572884481,negative,1.8528988385339037e-07
1427370601983905795,negative,0.004229101000034595
1427370603011579907,negative,0.0028455818794222475
1427370604492201985,negative,6.619273473726251e-07
1427370604865404932,negative,0.09261332356112252
1427370605180071947,negative,0.0006446651076831597
1427370605234507777,negative,0.09707675276911858
1427370605435830277,negative,0.00041856971677602827
1427370605721030659,negative,0.04047490180510253
1427370606090145792,negative,0.04574357571664197
1427370607604285449,negative,0.00036822960599163407
1427370608258686985,neutral,0.33282921149221445
1427370608656977929,positive,0.6917059519039537
1427370608824922116,negative,0.0005474152403508848
1427370609525329921,negative,0.18839768532300802
1427370609844137990,negative,0.00036822960599163407
1427370610431307777,negative,0.0036791114382249746
1427370610435440650,negative,0.00014423419990494736
1427370610532012033,negative,0.003235676989935893
1427370610603266054,positive,0.8722189163040902
1427370610741628940,negative,0.03677145358934142
1427370610896818180,negative,0.00210918315492215
1427370614604673026,negative,0.00017569020463284996
1427370616487821312,negative,0.016883231740267332
1427370617268064258,negative,0.0001758778362032697
1427370618576588804,negative,0.15205969755398666
1427370618631213056,negative,0.0003922083941098036
1427370621164351489,negative,0.05217269890806904
1427370621252608000,negative,0.04574357571664197
1427370624209534986,negative,0.00038423672701636154
1427370624771665922,negative,0.07019238151249844
1427370624926683138,negative,0.259595488154903
1427370628215197702,positive,0.8008815015805597
1427370629297315845,neutral,0.47371072416927557
1427370631146913792,negative,0.00021355954467965863
1427370631289573376,negative,1.0304790591002195e-05
1427370632413696011,negative,0.21696203085239557
1427370632451432451,negative,0.04993956516322031
1427370633802010635,negative,1.0304790591002195e-05
1427370634133262338,negative,0.00010192848988653052
1427370635165044740,negative,0.2043878856221114
1427370635810988041,negative,0.0015048713533679862
1427370638134624267,negative,8.865875991762222e-08
1427370640844144650,positive,0.8008815015805597
1427370641183973379,negative,5.347750055827509e-11
1427370641360044045,negative,2.260010821399603e-08
1427370641691484161,negative,0.011637922475594724
1427370641976606728,negative,0.00015790833467575562
1427370642001780742,negative,0.000248359495041441
1427370644379942918,negative,0.06160264140803981
1427370646506545157,negative,0.00017446435515422665
1427370647823470606,neutral,0.4286706283585848
1427370647852929025,negative,0.00013082392166156452
1427370648498737155,negative,5.4352063248851555e-11
1427370648859516928,negative,0.13192748682185101
1427370650277187584,negative,0.015609109747442779
1427370650818256908,negative,0.004229101000034595
1427370651514458122,negative,7.795165463079255e-06
1427370652806307842,negative,0.0990408323275729
1427370653154484225,neutral,0.4418645699261763
1427370653838086144,negative,0.0033282900778951303
1427370654794452997,positive,0.9343671310991865
1427370655205388288,neutral,0.5272985776505974
1427370656136564740,negative,0.02427618685368559
1427370656472215552,negative,0.06714859475820581
1427370656723787792,negative,0.13253024524492177
1427370656958754816,negative,0.003246204907532431
1427370657113911302,negative,0.00012962251983347368
1427370659328442375,negative,0.25078191116961507
1427370661224267780,neutral,0.49789225920557484
1427370661278797824,negative,0.00017439261938047805
1427370662771953664,negative,2.707421412180862e-08
1427370662952243211,negative,0.01357020131680545
1427370665028591619,neutral,0.37853531998579
1427370666521726979,negative,0.000248359495041441
1427370666987294727,negative,0.0005630246338157925
1427370668857901057,negative,0.004217583459626547
1427370668912414736,negative,3.0730044620599697e-09
1427370670518898690,neutral,0.4737554465528978
1427370671403847684,positive,0.971012643564743
1427370672771194886,negative,1.3462252878504677e-07
1427370674193055747,negative,0.0007812602793993199
1427370674323140618,negative,0.259595488154903
1427370676781002755,negative,0.00014768644259357465
1427370677645025281,negative,4.990290326060834e-10
1427370677762408450,negative,0.16157127117561174
1427370678135689216,negative,0.05217269890806904
1427370678181838851,negative,0.0028450694490238793
1427370678823555082,negative,1.1896342702098335e-05
1427370681734422540,negative,5.56986374285323e-06
1427370682518753284,negative,0.04944193418842664
1427370682531340292,negative,0.030296142287768894
1427370682917265412,negative,0.0226729485180724
1427370683730960387,negative,0.0002658933139298868
1427370683940671488,negative,0.08820559683085027
1427370685098123264,negative,5.723523349824432e-06
1427370685614145536,negative,0.013445526257171454
1427370687963017216,positive,0.7344049639932397
1427370688386502685,negative,0.00010192848988653052
1427370689565167617,positive,0.9997748623725083
1427370689921798147,neutral,0.49789225920557484
1427370690517377030,negative,0.015778207129948194
1427370691339431944,negative,3.093423464252257e-08
1427370691553337346,neutral,0.33282921149221445
1427370693394587651,negative,0.30364523785036923
1427370694287888384,negative,0.2379576518697791
1427370695445516317,negative,0.10954888280717937
1427370697240756236,negative,0.12636627367316783
1427370697953796099,negative,0.00017569020463284996
1427370698893365249,negative,0.08192135097631595
1427370701242216459,negative,0.015758281077466556
1427370701741346820,positive,0.9266034090344558
1427370702877823003,negative,0.008212871693592659
1427370703284805637,negative,0.1639450951235744
1427370703288930319,negative,0.05572209130522483
1427370703691685889,negative,0.000248359495041441
1427370703804932101,negative,0.0008287618243459576
1427370703993638913,negative,0.05061422448069846
1427370704878645249,negative,0.0009840138234578372
1427370706141057028,negative,8.354789846133163e-06
1427370706476621834,negative,0.03537378687109963
1427370707277787137,negative,0.0003922083941098036
1427370708330483717,negative,0.13068678921591073
1427370709244956672,negative,0.0024627904685767094
1427370709261635588,negative,0.020103890410583095
1427370712008908806,negative,0.15754580253428457
1427370712533188608,positive,0.6800196072792367
1427370712969318404,negative,0.05454539013275213
1427370713074241542,negative,2.811089143381e-10
1427370715393798150,negative,0.00015790833467575562
1427370715704143874,positive,0.9999895672291016
1427370716366839809,negative,0.0035758019741188086
1427370716597563394,negative,5.117278090683512e-05
1427370717398634497,negative,0.011165784120959919
1427370718262607879,negative,0.05217269890806904
1427370719638392837,negative,5.80224054393388e-13
1427370719827005442,positive,0.6789216652729287
1427370721802588160,negative,2.1004805028284328e-07
1427370722394001418,negative,0.02339659294268475
1427370722566025217,negative,0.007339013533945967
1427370724675702787,positive,0.7344049639932397
1427370726303088640,negative,0.2379576518697791
1427370726483533841,negative,0.05131355920774915
1427370727590797313,negative,0.11154443292387338
1427370729792757762,negative,3.262099447585443e-06
1427370732300947458,negative,0.1263679040283167
1427370732892327942,negative,0.006135805205869797
1427370733022466051,negative,0.03432240562214774
1427370733076877314,negative,2.856743476013423e-08
1427370735824220171,negative,0.027065873652928493
1427370738022031363,positive,0.7323534420518593
1427370739104108557,neutral,0.4416060444169411
1427370741113176067,negative,0.012927045136692784
1427370742203797507,negative,3.641778131979812e-08
1427370742769934343,neutral,0.48199634813222436
1427370743160057863,negative,0.2813033117294281
1427370744489684992,positive,0.6917059519039537
1427370744703508486,negative,0.19925990914146915
1427370746658033669,negative,0.0006276380990770068
1427370747203293189,negative,0.011197553001654308
1427370747312451584,negative,2.260010821399603e-08
1427370747945750536,negative,0.041680591898805484
1427370748889477125,negative,0.19925990914146915
1427370749220765706,positive,0.9343671310991865
1427370749535338496,negative,0.0009528240570941547
1427370751552802821,neutral,0.3542819629154557
1427370751896739846,negative,3.8216563660983337e-07
1427370752098115587,negative,0.009928355723111976
1427370752421072899,neutral,0.33282921149221445
1427370753096306690,positive,0.8871894497993442
1427370753150922757,negative,0.007741933795778706
1427370753423462400,negative,0.002956583173298951
1427370753582845957,negative,0.23594207352037255
1427370754199494657,negative,0.00036822960599163407
1427370755797422084,neutral,0.3308723433454697
1427370756426670084,negative,0.22410999834303638
1427370757269737472,neutral,0.33282921149221445
1427370757986865155,negative,0.15754580253428457
1427370758095974406,positive,0.906095508502788
1427370759337414661,negative,5.762482199827044e-06
1427370760939651076,neutral,0.49789225920557484
1427370761585577988,negative,0.04706945692306747
1427370762952916994,negative,0.004896258913588377
1427370763494039556,negative,0.10541192635726983
1427370763619819526,negative,0.024448487293284245
1427370765029199872,negative,3.0176236378484414e-06
1427370765188571140,negative,0.09719578854411712
1427370765729607694,negative,1.8658546505896357e-05
1427370765796716546,negative,1.2483313649462479e-06
1427370768321683463,negative,0.014335261269308881
1427370768824950788,negative,7.407675893978053e-06
1427370770766958598,negative,0.2427010273027627
1427370775162544132,negative,0.0004048618888343643
1427370775435259909,negative,0.002463209023216259
1427370776676732929,negative,0.04301142002460114
1427370776747982853,negative,0.07975168513095131
1427370777721163777,positive,0.7639807299529904
1427370778195025926,negative,0.00013787980786939927
1427370778568404994,negative,0.10541192635726983
1427370779721838599,negative,0.028640936980283853
1427370780497747975,neutral,0.3392320057922241
1427370780871041025,negative,0.259595488154903
1427370781743456256,negative,0.02025329677001075
1427370782481584131,negative,6.40326277657982e-07
1427370783014326279,positive,0.9343671310991865
1427370783580504072,negative,0.0003154851693907353
1427370783614058501,negative,5.881991893800796e-10
1427370784222322693,negative,0.03669644709667022
1427370786134716418,negative,0.0008287618243459576
1427370788093579268,neutral,0.5916116165669927
1427370789129625617,positive,0.9343671310991865
1427370789377032196,negative,0.06991627254373343
1427370790295638021,negative,1.4211100605187807e-05
1427370790622842884,negative,0.05241178917493085
1427370790870257673,negative,0.00010192848988653052
1427370791126114304,negative,0.000114773182554108
1427370791675604992,negative,0.004229101000034595
1427370792438931460,negative,0.0006080865043248299
1427370792812171270,negative,0.00013359244834073742
1427370795676934166,neutral,0.48029556905203336
1427370796016615429,negative,0.04160162306674924
1427370796490625035,neutral,0.35785643069366135
1427370798768140297,negative,3.124161703817088e-10
1427370799002947588,negative,2.661404971092999e-05
1427370799430766592,negative,0.11717613823327852
1427370799665750016,negative,0.001015106576798053
1427370800286420999,negative,0.1409617162694171
1427370801339187209,negative,0.09956404325068924
1427370801523830786,negative,2.260010821399603e-08
1427370802085781507,negative,1.001890325883775e-06
1427370803016998918,negative,3.892588846836957e-05
1427370803826397186,negative,0.006297176326018954
1427370803901915137,neutral,0.40944595022028984
1427370803985895429,neutral,0.3358218310945649
1427370804287877121,negative,0.0004928706134645771
1427370804338118656,negative,0.000248359495041441
1427370804703121414,negative,0.0006080865043248299
1427370807349633027,neutral,0.5270811034952989
1427370807416733696,negative,0.06692082588542778
1427370808276668420,negative,0.05217269890806904
1427370809249701892,negative,0.07975168513095131
1427370813062324238,negative,2.260010821399603e-08
1427370814073184259,positive,0.9359633340350555
1427370814643580934,negative,0.000248359495041441
1427370817906790402,positive,0.9155016623873986
1427370818883964936,negative,0.010246089831815493
1427370819404054529,neutral,0.654228296960192
1427370823019646979,negative,0.15754580253428457
1427370826375081998,negative,0.00018769086197606102
1427370827348127749,negative,0.07723560831678909
1427370827415183363,positive,0.7323534420518593
1427370828807692295,negative,0.004310858050701245
1427370831794028550,negative,0.2408871540649118
1427370831814922241,negative,0.00220495561556336
1427370831831699457,positive,0.987789845442942
1427370831949225984,negative,0.009118976723862438
1427370831999557632,negative,0.004754078268757778
1427370832163049493,neutral,0.4460140098150059
1427370832163180544,negative,0.10596441773359634
1427370832175812609,negative,0.0013186542620836322
1427370832188215307,negative,1.5152547018406467e-08
1427370832263847937,negative,9.331968852590979e-07
1427370833043992578,negative,0.012637457024888958
1427370834138746894,negative,6.556692095814108e-07
1427370835539595269,negative,2.556293418997174e-07
1427370835560603649,negative,0.10042655560560587
1427370837078855681,negative,0.11369347672574026
1427370837179604992,positive,0.9343671310991865
1427370839838691336,negative,0.01521169672906435
1427370840967028738,negative,0.0032299799694069185
1427370841252245516,negative,5.56986374285323e-06
1427370841751306248,negative,0.17693685199075293
1427370842632163328,negative,0.00012792402187290035
1427370842883768320,neutral,0.6523328967320267
1427370843810799616,negative,6.766845117392239e-05
1427370843970154496,positive,0.9633894245446962
1427370844561489926,negative,0.006496586353822794
1427370846407073794,negative,0.0011660051493505024
1427370847136845827,negative,0.004229101000034595
1427370847434649602,negative,0.024228827661395426
1427370849108123649,negative,2.565657756830047e-05
1427370849380798470,negative,0.1493136403665608
1427370849561108481,negative,0.1707911431489487
1427370849879920641,negative,0.16796390722280205
1427370852434206729,neutral,0.33282921149221445
1427370853818372106,negative,0.006135805205869797
1427370854275600388,negative,0.005689375710617061
1427370855135424512,negative,0.021421783057876974
1427370855236083716,positive,0.9816745021535523
1427370856049692672,neutral,0.5272220237762791
1427370856284557318,positive,0.9608719975485618
1427370856431464451,negative,0.10545286981511183
1427370856838225927,negative,0.0008287618243459576
1427370858348257280,negative,0.06752297911060427
1427370858352361479,positive,0.7408528728779779
1427370860499849218,negative,0.006297176326018954
1427370860596367362,negative,0.2130738438211605
1427370861133193221,negative,0.009526713940725667
1427370861326123008,negative,0.0002432191185300402
1427370862823542785,negative,0.008251137208311884
1427370866023800838,neutral,0.5532051298552763
1427370866145439752,negative,0.01521169672906435
1427370866569097216,negative,0.013031544479365527
1427370868485787654,negative,0.00012792402187290035
1427370868527730704,negative,0.18387029119173803
1427370868762718214,neutral,0.49789225920557484
1427370869232443396,negative,0.00036822960599163407
1427370869731508226,negative,1.4211100605187807e-05
1427370870750814215,negative,0.028748396145296114
1427370871031795719,negative,0.00017139262611940597
1427370874651348995,negative,0.015609109747442779
1427370875737755648,negative,0.03674275068010442
1427370876790611976,positive,0.9343671310991865
1427370877755133962,negative,0.0008920047304927495
1427370878120120329,negative,4.818543353074603e-06
1427370878589980673,negative,0.010466598245532383
1427370880313798657,negative,0.003392863415580949
1427370880544346123,negative,0.10541192635726983
1427370881563643909,positive,0.9628604276766076
1427370882457088000,negative,0.2379576518697791
1427370883623137281,negative,0.08504293015938491
1427370883677450240,negative,0.0201272084637532
1427370883685965829,negative,5.775461762153473e-05
1427370884583526402,negative,0.031496393046198834
1427370884961030147,positive,0.8008815015805597
1427370885204357128,negative,0.004219081515727852
1427370887305732098,negative,0.0006986164209573509
1427370887662215171,negative,0.09588025107069179
1427370888194928646,negative,0.000248359495041441
1427370889352470542,negative,1.11160421452016e-05
1427370889771892736,neutral,0.48968107641114417
1427370890006835201,positive,0.9343671310991865
1427370890577186825,negative,0.0025727917738786327
1427370891831353353,negative,0.11219885805149757
1427370891940335618,negative,0.259595488154903
1427370893681037321,negative,0.04540292304899902
1427370894540869634,positive,0.9797437333503637
1427370895077695488,negative,3.262099447585443e-06
1427370898718351361,negative,0.011328131858788816
1427370899150364676,negative,0.0416489851835754
1427370900563791872,negative,0.0009528240570941547
1427370901029408781,positive,0.9628604276766076
1427370901524336643,negative,3.743085624748275e-05
1427370902245752837,negative,0.015609109747442779
1427370902514241549,negative,5.589290996485959e-05
1427370903420219399,negative,0.00026277342565926836
1427370903474688001,negative,0.10964564277093683
1427370904309338115,negative,0.16157127117561174
1427370904904945665,negative,3.0670325111846984e-07
1427370905471172611,positive,0.9343671310991865
1427370906406502400,negative,0.004059937713147421
1427370910579924992,negative,0.007092371478304936
1427370911095791628,negative,0.0077847767477023525
1427370911368425482,negative,5.330728388629173e-10
1427370913364914177,neutral,0.41124874927206656
1427370913637490690,neutral,0.33282921149221445
1427370914669338628,negative,0.0032218511480241645
1427370914765737987,negative,2.1983816127269855e-08
1427370914811977740,negative,0.002611687549226734
1427370915021590533,negative,0.00023340693253163537
1427370916825210885,negative,0.15754580253428457
1427370917924118547,negative,8.56215025857264e-10
1427370918054084609,positive,0.9343671310991865
1427370920201625608,negative,0.014699121726707454
1427370920759414787,negative,0.12636627367316783
1427370921732591618,negative,7.748234623534004e-09
1427370922294616077,positive,0.8008815015805597
1427370924286914560,negative,0.00012792402187290035
1427370925352275970,negative,0.00017569020463284996
1427370925649973248,negative,0.13201676461735237
1427370926434357251,negative,3.7735637594227026e-05
1427370927151587330,negative,5.56986374285323e-06
1427370928476991492,negative,0.11659680085402672
1427370931102658569,negative,0.00046978218378553857
1427370931450781698,negative,2.202666552647389e-05
1427370931501027335,positive,0.9446452340319276
1427370933925388293,negative,3.3849443017507215e-05
1427370934487429127,neutral,0.5367200052356949
1427370934604869638,negative,0.0026514926545798045
1427370935787659268,negative,0.004210796312055414
1427370937712775176,negative,0.0003922083941098036
1427370938195226635,negative,0.07331175093733042
1427370939080187907,positive,0.9343671310991865
1427370940518879238,negative,6.859026436303446e-08
1427370940686651395,negative,0.011165784120959919
1427370940963467264,negative,0.10541192635726983
1427370942070763522,negative,0.22130543152757562
1427370942292975618,negative,0.0009528240570941547
1427370942750146562,negative,0.0036791114382249746
1427370943576518665,positive,0.9999927724192328
1427370944587304966,positive,0.9999999936851367
1427370945187037195,negative,3.262099447585443e-06
1427370947288477699,negative,0.08922997017330599
1427370948899090433,positive,0.9955882874714945
1427370949733670917,positive,0.8846490664607884
1427370950350233608,neutral,0.37899840162270665
1427370950698340354,neutral,0.4985928500860049
1427370950727802880,negative,0.24086290279979417
1427370952313221127,negative,1.4211100605187807e-05
1427370953428848640,negative,0.00012792402187290035
1427370954032877568,negative,0.004229101000034595
1427370955311964160,negative,0.006297176326018954
1427370956067061769,negative,9.372648858969647e-12
1427370957312864259,negative,1.9648018764210277e-06
1427370958868865028,negative,0.004210796312055414
1427370959976153101,negative,0.0015687816798801294
1427370960227815424,negative,0.00145687602663138
1427370962379476992,positive,0.9343671310991865
1427370963046440965,negative,0.0035758019741188086
1427370963113553930,negative,0.07019238151249844
1427370964174704641,neutral,0.59267290849954
1427370965709754371,negative,1.2562599321939078e-09
1427370965856489490,neutral,0.5131820754222006
1427370965865050122,neutral,0.3837162173843233
1427370966909431808,negative,0.15754580253428457
1427370967303610371,neutral,0.48602577941782094
1427370967374962691,negative,0.0035758019741188086
1427370969128132610,negative,8.878838821009409e-10
1427370969547563010,negative,0.03415382084005125
1427370969623109632,negative,0.003392863415580949
1427370969786617860,negative,0.15754580253428457
1427370970604519424,negative,0.00012792402187290035
1427370971128815628,negative,0.1493136403665608
1427370971263086594,negative,3.262099447585443e-06
1427370972210860040,negative,0.21691794444564153
1427370972450070528,positive,0.6789216652729287
1427370973666361348,negative,0.15754580253428457
1427370973964259342,negative,7.99602175080395e-06
1427370975398608899,negative,0.3233715613680911
1427370979441926155,negative,0.021564666424977952
1427370979915796486,neutral,0.4110001538341287
1427370979928514561,negative,0.05080447595463801
1427370980083736578,negative,1.0799755478911954e-05
1427370980993798146,neutral,0.3537047385112051
1427370981006483456,negative,0.10951626345400424
1427370982738694145,negative,0.019415696672919414
1427370982923243534,negative,0.012599376007311335
1427370985855102977,negative,3.295624825154871e-06
1427370986089947137,negative,0.11176772762326523
1427370987511820290,negative,1.1947377152910479e-07
1427370987616616452,negative,0.00041000773720750207
1427370988921053187,negative,0.23759791155985593
1427370989000658944,negative,4.5524252769612185e-06
1427370989130768395,positive,0.7323534420518593
1427370991450304516,negative,0.08192135097631595
1427370991857119247,negative,0.31595270457825786
1427370993241280514,negative,0.09488824926404411
1427370993761366021,negative,0.001904475383042406
1427370997229948930,negative,0.03480958044700316
1427370998983241731,negative,0.029100919729702694
1427371000304373762,negative,2.260010821399603e-08
1427371001386573826,neutral,0.5505550505941735
1427371002275770375,neutral,0.33282921149221445
1427371003144024071,negative,8.826771390568837e-06
1427371004733575176,negative,0.00023879605106835955
1427371006100975620,negative,3.0307129158939717e-06
1427371006428160001,negative,0.22593025336632008
1427371010228097029,neutral,0.5442060184796753
1427371013445140490,negative,0.09749915278724053
1427371015345160197,negative,0.0036791114382249746
1427371016402214913,neutral,0.48199634813222436
1427371021020106754,negative,9.949041358250074e-05
1427371021473095680,negative,0.06409082447273103
1427371021556977665,negative,0.020263327487673122
1427371021812879360,negative,3.6488236693088354e-05
1427371022060343300,positive,0.7323534420518593
1427371023486291970,negative,0.16157127117561174
1427371023838613504,negative,0.000248359495041441
1427371026112028677,negative,1.239293423062489e-05
1427371027487678469,negative,0.08759056457756006
1427371027722641415,negative,0.031496393046198834
1427371027730997250,negative,0.000248359495041441
1427371027856773125,negative,0.00012792402187290035
1427371028439785480,negative,0.02644142183654108
1427371031560396800,negative,0.017316635245716114
1427371031979872259,negative,0.27626037608679505
1427371032101392387,negative,0.001278503335434978
1427371034039095314,negative,0.1947911742678152
1427371035058450441,negative,0.0035758019741188086
1427371035658047488,negative,0.0009528240570941547
1427371035658178560,negative,0.1493136403665608
1427371035918315530,negative,0.04038795356320019
1427371036211830788,negative,0.004601112890697783
1427371037038088198,negative,1.8426219405875878e-10
1427371037705056256,negative,0.000248359495041441
1427371037763809287,negative,0.212372174040475
1427371039584096265,negative,6.794531921617569e-15
1427371040251031558,negative,8.255545614274963e-05
1427371040544591875,negative,0.08082669301812104
1427371041437913088,negative,0.02564831007916335
1427371041995689991,negative,0.04944193418842664
1427371042058772480,negative,0.0021369769561423698
1427371043681972233,negative,0.23602820083742754
1427371045242163202,negative,5.56986374285323e-06
1427371045573599245,negative,0.0019099887746773165
1427371046634725377,positive,0.9343671310991865
1427371046865412096,neutral,0.33282921149221445
1427371048958369796,neutral,0.33282921149221445
1427371049579122689,negative,3.8216563660983337e-07
1427371049969192961,negative,0.00012792402187290035
1427371049998594057,negative,0.2673366981765378
1427371050602487814,negative,0.23112213866276665
1427371051776872456,negative,0.00013623675646615897
1427371055212122118,negative,0.022316202550637487
1427371057464365060,negative,0.00015790833467575562
1427371058705965069,negative,0.0015115599727682678
1427371059624480769,neutral,0.4334392617149784
1427371059934908421,negative,0.006135805205869797
1427371061922910212,negative,0.03657720023270726
1427371062937980934,negative,0.01377041459524968
1427371063458074633,positive,0.8195052976358304
1427371063944482817,negative,0.0004398785454585462
1427371064062054401,negative,0.11013253626173018
1427371064699523072,negative,3.7735637594227026e-05
1427371064854724610,negative,0.00938336203243594
1427371065098055681,negative,0.0009528240570941547
1427371067564306435,negative,0.037194548783398104
1427371068558389249,neutral,0.49789225920557484
1427371068797431808,negative,0.23759791155985593
1427371069061664768,negative,1.0799755478911954e-05
1427371071943102464,negative,0.051097251710634305
1427371072798830593,neutral,0.46790029342103856
1427371073864151041,negative,0.16847634498426758
1427371074157752321,negative,0.00017569020463284996
1427371075378294786,neutral,0.4019254980430903
1427371076447780864,negative,0.00017569020463284996
1427371077634768897,neutral,0.49618036947191196
1427371078163238913,negative,0.00015790833467575562
1427371078322642949,neutral,0.34184640523860554
1427371078859608068,negative,0.045439897150781394
1427371079094480898,neutral,0.6141569066770011
1427371079232888834,negative,0.07858846309623177
1427371080109395973,negative,0.00013633320051762378
1427371080235225092,negative,0.059318644647305546
1427371080314986497,negative,0.07019238151249844
1427371083104194566,negative,1.1896342702098335e-05
1427371083578105862,negative,1.4820367738271186e-12
1427371084219748352,positive,0.9294392459776813
1427371085796937728,negative,0.0075938664905005615
1427371087034212352,positive,0.7323534420518593
1427371087420174340,negative,0.003398423004944431
1427371089978699780,neutral,0.37899840162270665
1427371090335182851,negative,0.00015767230896177327
1427371090658086919,negative,0.04944193418842664
1427371090737877005,negative,0.018826551804697153
1427371091694137351,negative,0.015609109747442779
1427371093166280713,negative,0.016162862350965927
1427371096723050506,negative,0.1557545385666459
1427371096777625604,negative,0.00017439261938047805
1427371096865755138,negative,0.002306793125461602
1427371097142484993,negative,0.28011987520281056
1427371097259921417,positive,0.7886530902490745
1427371098228891651,neutral,0.48602577941782094
1427371100611174400,negative,0.001904475383042406
1427371100846141449,negative,0.010246089831815493
1427371103341715457,negative,0.003218509636456247
1427371104998465536,negative,0.06819239796236978
1427371107598938114,negative,0.0075938664905005615
1427371108123222016,negative,0.23253741151814517
1427371108605571077,positive,0.7254660734721462
1427371108706226176,negative,0.0018630849498530622
1427371109024940034,positive,0.7518427735407023
1427371109620588552,negative,0.15754580253428457
1427371109796794372,negative,3.4048131335337876e-06
1427371109901651971,negative,0.00036822960599163407
1427371109985492995,positive,0.9343671310991865
1427371110379700225,negative,0.03594721535705009
1427371111470309378,negative,0.12650843035785694
1427371112657264642,neutral,0.33282921149221445
1427371113424818180,positive,0.9266034090344558
1427371113454219271,negative,0.004229101000034595
1427371114263683072,negative,0.0035758019741188086
1427371115115122689,negative,0.16352019608485005
1427371115752693762,negative,0.006297176326018954
1427371116499189766,negative,0.0011349455538730352
1427371116713160706,negative,0.09795112457056494
1427371117698760704,neutral,0.5149755952874235
1427371118109863945,negative,1.3640095885373016e-05
1427371118436958215,negative,8.9773751118702e-05
1427371119670071298,neutral,0.49789225920557484
1427371120618004483,neutral,0.5270811034952989
1427371121876344835,negative,0.016883231740267332
1427371123361075201,negative,0.0008287618243459576
1427371123671408640,negative,0.008320726998825946
1427371124187406342,negative,0.000248359495041441
1427371124459982849,negative,0.000248359495041441
1427371125009420294,negative,0.13253024524492177
1427371125198229516,negative,0.1409617162694171
1427371125567332355,positive,0.9223017347332434
1427371127094054924,negative,0.005151429390143307
1427371130365661192,negative,0.03645361210515465
1427371130948628487,negative,0.08192135097631595
1427371131879755781,neutral,0.5387256118667225
1427371132773142538,negative,0.06226810524995268
1427371134081716227,neutral,0.614997828515798
1427371134266314756,neutral,0.33282921149221445
1427371135906287618,negative,0.0008287618243459576
1427371136363474944,negative,0.10965361678573493
1427371136971595776,negative,1.3462252878504677e-07
1427371138632593421,negative,1.4211100605187807e-05
1427371139081375744,negative,0.04574357571664197
1427371139307868165,positive,0.8008815015805597
1427371139643346949,negative,0.018724544391780024
1427371140012548104,neutral,0.4514940053375065
1427371140536803340,negative,0.19100887337343067
1427371140624920581,negative,2.9890167024586306e-06
1427371140780109829,negative,3.0109015541423107e-07
1427371141576986630,negative,0.010633229850891384
1427371142218612737,negative,0.28011987520281056
1427371144311607307,negative,0.001802593510640422
1427371145460920321,negative,0.1591144274653619
1427371146002014214,neutral,0.4737554465528978
1427371146559688721,negative,0.006680905583044323
1427371147646185480,negative,0.13253024524492177
1427371148476571649,negative,0.00010192848988653052
1427371148682072069,neutral,0.3771543591091388
1427371149592305667,negative,0.11619088098358671
1427371151060307969,negative,1.1896342702098335e-05
1427371151093911553,negative,0.00017569020463284996
1427371151307821066,negative,0.26845984196620165
1427371151794360322,negative,0.011637922475594724
1427371153958526981,negative,0.0003611971076423807
1427371156265480201,negative,0.00017722029339949875
1427371157301379077,negative,6.771824423050126e-08
1427371158035382280,negative,0.034788909134434255
1427371158186385411,positive,0.9359633340350555
1427371158379409410,negative,0.002463209023216259
1427371158635155465,negative,0.04500389947965811
1427371159318761488,negative,0.0015212712061878609
1427371159474089988,negative,0.16124892457072623
1427371160149315586,negative,0.011165784120959919
1427371160514306060,negative,9.828501195591109e-06
1427371161445408772,negative,0.0066614500184188335
1427371161919229965,negative,0.04301142002460114
1427371162171023360,positive,0.8775668321042914
1427371162250665986,positive,0.9828277517049246
1427371163081187328,negative,0.1557545385666459
1427371163337043977,negative,0.006823110472483653
1427371163857080327,negative,0.015349485064527386
1427371163911589890,negative,0.18387029119173803
1427371164670873604,neutral,0.3472206256433715
1427371165300019202,neutral,0.404553340804493
1427371166298165255,negative,8.645182260294335e-05
1427371166528770048,negative,0.016162862350965927
1427371167451648000,negative,0.011002318036216367
1427371168848388096,negative,0.006896810996785402
1427371168999395334,negative,0.12146426141732296
1427371170379272204,negative,0.0035758019741188086
1427371170630979590,negative,0.0033282900778951303
1427371170681208839,positive,0.796137977470178
1427371171197165572,negative,0.004219081515727852
1427371171327119374,negative,0.0009717288410603373
1427371171398434818,negative,2.260010821399603e-08
1427371172379959300,negative,8.255545614274963e-05
1427371174670049287,negative,0.0035758019741188086
1427371176784023560,negative,7.62006180350711e-05
1427371176909852676,positive,0.9816745021535523
1427371177127944199,negative,0.10545286981511183
1427371177828392968,negative,0.004918574690569266
1427371178897838083,neutral,0.48933996825183923
1427371179648720906,negative,0.025254460128885985
1427371183549333511,negative,9.935826536036823e-07
1427371184077918212,negative,0.04355182220409362
1427371185009045509,positive,0.7323534420518593
1427371187064160259,neutral,0.550240382814018
1427371188939001858,negative,0.25207271612838
1427371188972625927,negative,0.18739543126695674
1427371189828128770,positive,0.9180508276649395
1427371189844971523,negative,0.0004055073056657645
1427371190583058433,negative,0.04574357571664197
1427371190650294284,negative,0.0004493918342676687
1427371193196240912,neutral,0.59267290849954
1427371193406001153,negative,4.332554903002017e-05
1427371194026795008,negative,2.707421412180862e-08
1427371197612896274,negative,0.005089586484486109
1427371199013793792,neutral,0.4261155847796076
1427371199324213254,negative,0.2104692882209444
1427371200087531532,negative,0.00017439261938047805
1427371200146255875,negative,1.0799755478911954e-05
1427371200779628547,negative,0.059325264317244705
1427371201484267524,negative,0.00012510825412804627
1427371203497496579,negative,9.71954938188978e-10
1427371203962970112,neutral,0.49789225920557484
1427371204772564994,negative,0.04197726508747107
1427371205552742400,negative,0.2813033117294281
1427371206337077252,negative,0.10964564277093683
1427371207201075200,positive,0.8008815015805597
1427371207523975177,negative,0.2047217102450708
1427371207784124429,negative,0.037424745874031974
1427371208002179074,negative,0.025802378391171672
1427371211835772928,negative,0.07019238151249844
1427371212179656706,negative,0.0003611971076423807
1427371215220531203,positive,0.9294392459776813
1427371215384203268,negative,0.013222541433959146
1427371215526707202,negative,0.011165784120959919
1427371215971311635,negative,0.06402395047629036
1427371216826949637,negative,1.3900138709622794e-05
1427371217296797698,negative,0.000248359495041441
1427371217858793475,negative,0.0006960636726990353
1427371218018045955,negative,0.1139157189788919
1427371218576027654,negative,0.0323706092693789
1427371219305869313,negative,0.00420188978390949
1427371220442488832,negative,0.005262184393086062
1427371223227396096,negative,6.767788583808835e-09
1427371225093836814,negative,0.003644604636835335
1427371225836400652,negative,0.13579775538827588
1427371228965318660,negative,0.30989110511954354
1427371230714384386,negative,0.015227147637783066
1427371232488529920,negative,0.1409617162694171
1427371232593383430,negative,0.23917083094824998
1427371232874450949,negative,0.07305280962090183
1427371233906147343,negative,0.004210796312055414
1427371234120056832,negative,0.2911983991033176
1427371234413666319,negative,0.03657720023270726
1427371234711543823,negative,6.980756980520892e-05
1427371235378450435,neutral,0.4961786753447067
1427371238612144139,negative,0.11164419211888614
1427371239144755202,positive,0.8195052976358304
1427371239723634696,negative,0.015609109747442779
1427371240289886209,negative,0.011131399678265257
1427371240310837250,negative,2.9945023463113807e-08
1427371240986222592,negative,0.00012792402187290035
1427371244249288715,positive,0.9343671310991865
1427371244677124096,negative,0.016028016377672514
1427371246199713792,neutral,0.37899840162270665
1427371247177019393,positive,0.9147762494640166
1427371249311813638,negative,0.004210796312055414
1427371251207741446,negative,0.013565813505903869
1427371252516261906,negative,2.202666552647389e-05
1427371253128744961,negative,8.255545614274963e-05
1427371253208395777,positive,0.9343671310991865
1427371255309684746,negative,0.016588993937500622
1427371255511097344,negative,0.03704416140507249
1427371257570463747,negative,0.00036822960599163407
1427371258015096841,negative,0.006496586353822794
1427371259663470598,negative,8.255545614274963e-05
1427371261131382796,negative,0.0008779450805202075
1427371261160824842,negative,0.18739543126695674
1427371263618596864,neutral,0.36735591573300125
1427371263710928899,negative,0.2371098780898789
1427371264595922945,negative,0.012436198690597871
1427371266324017154,negative,0.009315240605247903
1427371266932101124,negative,0.13672588821463147
1427371272544083976,negative,0.0021804059967862875
1427371274213462023,negative,0.10658520738716618
1427371275513696257,negative,0.21691794444564153
1427371277002608645,negative,0.0003285170415603882
1427371278739050508,negative,0.00012792402187290035
1427371280047742980,negative,2.756641895505057e-09
1427371283080257546,negative,0.011598033232763408
1427371283587686409,negative,0.008116131039630431
1427371284296572929,negative,0.03922372129476573
1427371284401467401,negative,0.2559359267141252
1427371285160546305,negative,0.003392863415580949
1427371285345193986,negative,0.01710357497222119
1427371287094169603,negative,0.04240090957107008
1427371287295545344,negative,0.06106670846823638
1427371287672987660,negative,0.00016088599212394126
1427371289115770884,negative,0.030462341841469374
1427371289640058881,negative,0.018195067737917688
1427371290411798529,negative,0.00029082168054182133
1427371290730586116,neutral,0.34184640523860554
1427371292114706435,negative,0.00023340693253163537
1427371293381300241,negative,0.04301142002460114
1427371296288124935,negative,0.16966030323578582
1427371298603294727,negative,0.12189214942129638
1427371298876006408,negative,5.659690029395083e-06
1427371299131772931,negative,0.15754580253428457
1427371299689668611,negative,0.037194548783398104
1427371300083798028,negative,0.01997565302430993
1427371300146794497,positive,0.916027085208641
1427371300776038404,negative,0.0037353794660489425
1427371302243942409,negative,0.07019238151249844
1427371302269108228,negative,0.31974190885087983
1427371302537465860,negative,0.00032018505819935816
1427371302642409486,negative,0.07243794560447037
1427371303884009474,negative,0.008815799309340452
1427371303896502281,negative,0.23531183572569045
1427371304647380998,positive,0.9559917075151311
1427371305737854983,negative,0.03886292003742698
1427371306027192329,negative,0.04944193418842664
1427371306689912835,negative,0.037194548783398104
1427371307281403912,negative,0.02374549171068666
1427371307478487047,negative,0.07487789490759618
1427371310703861760,positive,0.9266034090344558
1427371313274966016,negative,0.00523094967969685
1427371315003109377,neutral,0.6173324577289677
1427371315326038017,negative,0.07975168513095131
1427371316097716225,neutral,0.33282921149221445
1427371316198494219,neutral,0.5006086376065693
1427371316546576389,negative,0.008642355438632494
1427371318173908995,negative,0.15754580253428457
1427371321575591944,positive,0.9223017347332434
1427371322020139014,negative,2.0387920079948938e-06
1427371322947035139,negative,0.05543697085931361
1427371322984701953,negative,0.012710957885054722
1427371323437817862,negative,0.2074631620234015
1427371324138311684,positive,0.6785976055735782
1427371324293275649,negative,0.004219081515727852
1427371325757313030,negative,0.006297176326018954
1427371328760426497,negative,0.011637922475594724
1427371328970108931,negative,3.8216563660983337e-07
1427371329406312449,negative,0.15754580253428457
1427371330480005130,negative,0.02168143012423108
1427371330605916160,negative,0.00012962251983347368
1427371332816318469,negative,0.10318884230252098
1427371334179381250,negative,0.07975168513095131
1427371334288519174,negative,0.0005355065896289066
1427371335756492808,negative,0.2848129882801992
1427371336041746448,negative,0.004673159204004988
1427371336125620224,negative,9.519997434180573e-09
1427371336364613632,negative,0.0026469175471586287
1427371338415681539,negative,0.1959814933310482
1427371339174850564,negative,5.2967375081203296e-05
1427371339309060098,negative,0.011165784120959919
1427371339397181445,negative,0.15754580253428457
1427371339644653568,negative,0.020225410404097467
1427371340726603783,negative,0.04389835102142455
1427371342001672197,negative,0.04389835102142455
1427371343255769091,negative,0.04389835102142455
1427371343834763271,neutral,0.33282921149221445
1427371345139150854,negative,0.03657720023270726
1427371346305110020,negative,0.10596441773359634
1427371346367942662,negative,0.11230685192561261
1427371346422607872,negative,0.03867142691775281
1427371346787504137,negative,0.13253024524492177
1427371348054138890,negative,0.01521169672906435
1427371349417336835,negative,0.0037353794660489425
1427371349949943815,negative,2.432048534024679e-06
1427371351556427787,negative,3.108208010872531e-05
1427371351845883914,positive,0.9343671310991865
1427371353972396044,negative,0.0010285335949134066
1427371354618204170,negative,5.56986374285323e-06
1427371354748342272,negative,0.2080069320105487
1427371355733782528,negative,0.001387004185672881
1427371356623155203,negative,0.2712408155467774
1427371356711182340,negative,0.26205402389485666
1427371357717807108,negative,0.004601112890697783
1427371358640476176,negative,0.18839768532300802
1427371360637095950,negative,0.00036822960599163407
1427371361459081216,negative,0.003218509636456247
1427371362021265408,negative,0.00042427113252987395
1427371362461655043,negative,0.003246204907532431
1427371363304673281,negative,5.56986374285323e-06
1427371363711467534,positive,0.8669378284403858
1427371364722384902,negative,0.002799599366699917
1427371365506682891,negative,0.00029082168054182133
1427371366811119622,negative,0.31974190885087983
1427371368056688653,positive,0.7323534420518593
1427371368090411011,negative,1.4195707194473695e-07
1427371368505479174,negative,0.12290473419724716
1427371369432600576,neutral,0.59267290849954
1427371371475132417,negative,0.09615127089754674
1427371371529703429,negative,2.260010821399603e-08
1427371371592572933,positive,0.8008815015805597
1427371372313972747,negative,0.003246204907532431
1427371373857476608,negative,0.18108131422223686
1427371374545412096,negative,0.004210796312055414
1427371375099092994,negative,0.0038257355288292536
1427371375346561024,negative,0.008815799309340452
1427371377938640899,negative,1.4922034878547097e-06
1427371378320228353,neutral,0.49789225920557484
1427371378395815947,negative,0.015758281077466556
1427371379771514889,negative,0.24718861870353892
1427371382590119936,negative,0.2122286684582283
1427371384284585984,negative,0.0226357687554795
1427371385165336584,negative,0.029110071149492756
1427371385433858059,negative,1.3462252878504677e-07
1427371386008477708,positive,0.9343671310991865
1427371386545348611,negative,0.11659680085402672
1427371386943811585,negative,0.003991303092140947
1427371389200257027,negative,0.00015790833467575562
1427371390928310282,negative,0.00023879605106835955
1427371391226109953,negative,0.0032218511480241645
1427371391477813251,negative,2.1452772899413151e-07
1427371391586734080,neutral,0.49789225920557484
1427371392471863296,negative,0.04574357571664197
1427371395038724096,negative,1.4922034878547097e-06
1427371398167662594,negative,0.06587144503077128
1427371398532587525,positive,0.9910857989583947
1427371399329591303,negative,0.2556676784677873
1427371400227168256,negative,6.263270606613756e-05
1427371401657282560,neutral,0.4611296759593426
1427371402194268169,negative,0.00012792402187290035
1427371403033071618,negative,0.00048816727672073456
1427371404769570818,negative,0.03657720023270726
1427371406963183626,positive,0.7103682325117447
1427371407252590601,negative,2.661404971092999e-05
1427371407437189121,negative,0.2080069320105487
1427371408800292877,negative,0.15754580253428457
1427371409496543235,negative,0.0005432905193755261
1427371410750640137,negative,3.339528304184665e-10
1427371411484577792,negative,0.0009528240570941547
1427371411899883524,negative,0.18387029119173803
1427371413397286915,negative,1.0799755478911954e-05
1427371414378717187,negative,0.11154443292387338
1427371417750982657,negative,0.06714859475820581
1427371418124177409,neutral,0.5479174687892835
1427371420728836099,negative,0.04583566120475323
1427371421555216389,negative,2.260010821399603e-08
1427371422310146051,negative,0.13253024524492177
1427371422331162624,negative,2.260010821399603e-08
1427371422406561792,negative,0.0004928706134645771
1427371423568482309,negative,0.0022802277763734275
1427371424398839816,negative,0.03704416140507249
1427371427414556677,negative,0.0005474152403508848
1427371427653685249,neutral,0.40713673820514495
1427371429268447233,negative,3.2257442009208876e-06
1427371429687873541,negative,2.260010821399603e-08
1427371430048681993,negative,0.00012792402187290035
1427371430333894661,negative,0.02168143012423108
1427371431751389208,negative,0.00010192848988653052
1427371432636465162,negative,0.1557545385666459
1427371433899008004,negative,3.6815252673658925e-05
1427371436033851400,positive,0.9343671310991865
1427371436839215110,negative,0.00021765204093343176
1427371437447340034,negative,0.1088424846179546
1427371438751813643,negative,0.0436722006666895
1427371438818742272,negative,0.015609109747442779
1427371440328908811,negative,0.30942350916132183
1427371440383344648,negative,0.0012844077813736633
1427371441322958849,negative,0.0001410007722144831
1427371441847144455,negative,5.040152852950093e-07
1427371442686107649,negative,0.005895228133973057
1427371443411640321,negative,0.30780767474801524
1427371444275658756,negative,0.01964984639697829
1427371447991865349,negative,0.06587144503077128
1427371448738455562,negative,0.012907906103717658
1427371449514401798,neutral,0.3794377588284613
1427371450143584263,negative,0.00012792402187290035
1427371450252541953,negative,0.15754580253428457
1427371451284340736,negative,0.00018710495465827458
1427371451636719617,negative,0.04574357571664197
1427371452626522113,negative,8.4894893105395e-09
1427371453230551041,negative,0.011724737227430823
1427371453582807050,negative,0.006297176326018954
1427371453805219845,negative,0.00036868829421697185
1427371456460165120,negative,7.221026421245901e-05
1427371456908963847,negative,7.570823949744771e-05
1427371457026342912,positive,0.7894446190426292
1427371457194074112,negative,0.0009528240570941547
1427371458762784776,negative,0.21424390653151704
1427371458880282624,positive,0.9223017347332434
1427371458884513793,neutral,0.59267290849954
1427371459366768653,negative,8.387285166024996e-07
1427371459664662531,positive,0.8871894497993442
1427371461828878337,negative,0.0038263201515204705
1427371462822928389,neutral,0.4261155847796076
1427371463040978944,negative,0.00012792402187290035
1427371463082975235,negative,0.259595488154903
1427371463821103106,negative,6.751295485569001e-13
1427371464303562761,negative,0.0011349455538730352
1427371464362237957,negative,0.2706694375294663
1427371464802586633,negative,0.030017895473863614
1427371466216071169,positive,0.7327205297713391
1427371466400612358,negative,0.000977344547836382
1427371467428319240,negative,0.18739543126695674
1427371468405592076,negative,1.0799755478911954e-05
1427371468653043716,negative,0.03657720023270726
1427371469030445060,negative,5.56986374285323e-06
1427371469256990726,positive,0.9159753411085879
1427371470448115714,negative,0.11164419211888614
1427371470473375745,negative,9.31848514106226e-05
1427371470624337925,negative,0.00015790833467575562
1427371471186317313,negative,1.4922034878547097e-06
1427371471895244808,negative,0.011772453611050771
1427371472029462540,negative,0.000248359495041441
1427371473333854217,negative,0.16098973781101872
1427371473702985730,negative,0.1557545385666459
1427371474785026056,negative,0.16157127117561174
1427371475753918465,negative,0.0001190052315223841
1427371477079314432,negative,0.012084697174970474
1427371478484492292,positive,0.9343671310991865
1427371478857682945,negative,2.316365495263039e-06
1427371479319076865,negative,0.31974190885087983
1427371479520399364,negative,0.12636627367316783
1427371479939878918,negative,0.0001385307838278491
1427371480753614855,negative,0.0003922083941098036
1427371480896131073,negative,0.01069155669606909
1427371481370083328,positive,0.797779382788229
1427371482666184718,positive,0.9359633340350555
1427371484054491142,negative,9.550330082586264e-05
1427371484276826113,neutral,0.33282921149221445
1427371484440403971,neutral,0.5073322659745458
1427371485153447938,negative,0.09470988349735651
1427371485656649728,negative,0.2848129882801992
1427371486185148426,negative,0.03149955010291329
1427371489091850243,neutral,0.6167616748233712
1427371489494511619,negative,0.000248359495041441
1427371490119503877,negative,0.2559359267141252
1427371493718171653,negative,0.011002318036216367
1427371495785996288,negative,0.004210796312055414
1427371496289284096,negative,1.0638308609067607e-10
1427371496348033029,positive,0.6789216652729287
1427371496465440769,negative,0.005830585982741146
1427371497497169926,negative,2.0545118994242037e-09
1427371502853316614,negative,2.5800604931046195e-08
1427371503369297922,negative,5.279569584601265e-06
1427371503511801861,negative,0.0003922083941098036
1427371503818059778,negative,4.442526816972574e-07
1427371504518369283,negative,0.00023340693253163537
1427371505487433735,negative,7.801065766802488e-06
1427371508817567744,negative,0.3246130665473471
1427371509241327616,negative,0.15754580253428457
1427371509320986634,negative,6.075012416351351e-06
1427371509945884676,negative,2.6416404566300435e-06
1427371510268891152,negative,0.01521169672906435
1427371511262982149,negative,0.006496586353822794
1427371511728549888,negative,0.31776367965613117
1427371513569812481,negative,1.8691189928497946e-17
1427371514782003207,negative,0.00029456033662487416
1427371516107370506,negative,0.00023340693253163537
1427371516279369731,negative,0.12944280751431483
1427371516493287424,negative,3.7735637594227026e-05
1427371517969580035,negative,0.13672588821463147
1427371518527344644,negative,0.1409617162694171
1427371518636478466,negative,1.4211100605187807e-05
1427371519156576256,negative,0.09812121500304828
1427371519408316421,negative,0.00017439261938047805
1427371519651483650,negative,0.01626077403298534
1427371520565854210,positive,0.7323534420518593
1427371521199198211,neutral,0.5136446707795853
1427371522512064513,negative,0.13253024524492177
1427371522776252418,negative,0.17418758724774816
1427371524844138504,negative,0.004219081515727852
1427371525804597250,negative,7.862753310023598e-07
1427371527389995015,negative,0.08061769093052472
1427371528589611016,negative,3.395178468627184e-05
1427371528769900548,negative,0.13253024524492177
1427371529524989961,negative,0.023214452159475898
1427371530388971526,negative,0.00034949945860682317
1427371530640629762,negative,0.00012792402187290035
1427371531919888390,negative,2.452994197556115e-05
1427371533740085256,negative,0.04160162306674924
1427371534201638915,negative,0.11880024371419544
1427371534579023874,neutral,0.538582194276088
1427371534742609924,neutral,0.3403391890910929
1427371535082442759,negative,0.15877409687375474
1427371535971586067,neutral,0.37899840162270665
1427371536256733184,negative,3.427606995419804e-05
1427371536881750020,neutral,0.4611296759593426
1427371537741590538,negative,0.15754580253428457
1427371537842253824,negative,1.3903095303390583e-11
1427371538198708226,negative,0.009526713940725667
1427371538622394381,negative,0.0023111658837107717
1427371539310288916,negative,0.0002829609325331251
1427371543953281031,negative,0.037230959230336785
1427371544217587720,negative,0.1947911742678152
1427371545190617091,negative,6.855789955991302e-05
1427371545413013504,negative,0.11659680085402672
1427371547082346503,negative,0.00014092164849050502
1427371548235599882,negative,0.011090523769799692
1427371549112389638,negative,9.519997434180573e-09
1427371551045918723,negative,0.015609109747442779
1427371553138827264,negative,0.06604228111972148
1427371555714121728,negative,0.16847634498426758
1427371555764461578,negative,5.56986374285323e-06
1427371555852537861,negative,0.20057760098050773
1427371557152825345,negative,0.043918670553558185
1427371558025187330,negative,2.260010821399603e-08
1427371558360735746,negative,0.07019238151249844
1427371562861273089,negative,0.0035758019741188086
1427371563553263624,negative,0.009257946052927048
1427371565453295622,negative,0.00011351842298202571
1427371567240163337,negative,0.11154443292387338
1427371567462457350,negative,7.281121760154693e-12
1427371567479238656,neutral,0.35785643069366135
1427371569307869194,negative,0.09488824926404411
1427371569391800329,negative,0.0035758019741188086
1427371569534410755,negative,0.01521169672906435
1427371569614102529,negative,2.4670300619807184e-05
1427371571564404741,negative,0.2712408155467774
1427371572172664832,negative,0.002463209023216259
1427371572524945409,negative,2.0302675446391153e-08
1427371572659204102,negative,0.00010192848988653052
1427371574026461192,negative,0.003991303092140947
1427371574395645953,negative,0.027035101752341553
1427371574575964160,negative,0.27728558867285497
1427371574617858051,negative,0.000248359495041441
1427371575028879360,negative,0.011165784120959919
1427371576895356928,negative,0.014169422393047337
1427371577423761416,negative,0.038964862297610973
1427371580448026631,negative,0.2959754863598885
1427371581441982467,neutral,0.59267290849954
1427371581571928073,neutral,0.3551520402988023
1427371582972907521,negative,0.0009956572960896388
1427371585036509189,neutral,0.33747961291797934
1427371586756087834,negative,2.3224127407860657e-07
1427371587058212872,negative,0.0007272773364422739
1427371593748127757,negative,0.002799599366699917
1427371596088553473,negative,0.10964564277093683
1427371596835172355,negative,4.966154467536517e-09
1427371597350977538,negative,0.1147595856080835
1427371597535588360,negative,0.1991763549293569
1427371598621855748,negative,3.395178468627184e-05
1427371599028801536,neutral,0.3537047385112051
1427371601264324610,negative,9.55498756608147e-07
1427371603353034756,negative,0.004229101000034595
1427371603382448128,positive,0.9343671310991865
1427371604246466570,neutral,0.33282921149221445
1427371607115374592,negative,0.035827957741386
1427371607169933312,negative,8.255545614274963e-05
1427371608717631491,negative,0.13253024524492177
1427371610013642753,neutral,0.33282921149221445
1427371611116777474,negative,0.14860775188385703
1427371614409306116,negative,0.011002318036216367
1427371615038418944,negative,0.0009044457349704664
1427371616476991493,negative,0.24190825238646954
1427371617878003714,positive,0.7620930626813784
1427371618246987782,negative,8.354789846133163e-06
1427371618343477251,negative,0.2828136932208214
1427371620046278673,negative,0.0015466589543285227
1427371622487441408,neutral,0.34184640523860554
1427371624744071169,positive,0.999641193748767
1427371625427701765,negative,0.0009528240570941547
1427371627524808707,neutral,0.5356558024808442
1427371627830984707,negative,0.07019238151249844
1427371628338548742,positive,0.999641193748767
1427371631559778309,negative,0.011131399678265257
1427371636286803972,negative,3.8216563660983337e-07
1427371636597182475,negative,0.02014814796819691
1427371638266515465,negative,0.0036791114382249746
1427371640204275715,negative,0.10545286981511183
1427371641084989446,positive,0.9223017347332434
1427371641332436992,negative,0.0013354445595873997
1427371642230091787,negative,0.16157127117561174
1427371643395969027,negative,0.1080386135918996
1427371643891068932,negative,2.2535284702146956e-06
1427371644746616834,negative,0.08192135097631595
1427371644906049542,negative,0.000248359495041441
1427371645887557633,negative,0.00012792402187290035
1427371646919262208,positive,0.9223017347332434
1427371649637179400,negative,0.000248359495041441
1427371649750405120,negative,0.010381204149989567
1427371650291539982,negative,0.018724544391780024
1427371650513838086,negative,4.242323599659676e-07
1427371651008811012,negative,0.15754580253428457
1427371651671465984,positive,0.9213603773109085
1427371652229255171,negative,0.08192135097631595
1427371652808069122,negative,0.011002318036216367
1427371653122641927,negative,0.0044407449105271736
1427371653789536257,positive,0.7830001603314833
1427371654297047044,negative,0.00019425061405611556
1427371655685414914,neutral,0.3815386936210342
1427371657233063937,negative,0.09063704386389783
1427371658109603840,neutral,0.46127768308170247
1427371658319302666,negative,2.8563516601924456e-09
1427371659049189376,positive,0.9992069777753649
1427371659888152582,negative,0.0006273918678822649
1427371660034945026,negative,0.0030504637016349925
1427371660093558793,negative,0.0004941174956021562
1427371662203310081,negative,0.15754580253428457
1427371663570636808,negative,2.260010821399603e-08
1427371663897899011,negative,0.00017569020463284996
1427371663969095683,negative,1.720056437751757e-06
1427371664506073090,negative,0.0131327187762098
1427371664665370627,negative,0.15754580253428457
1427371664883404800,negative,9.31848514106226e-05
1427371665147797519,neutral,0.5131820754222006
1427371666527641600,negative,0.0004341697786159954
1427371667366584333,negative,0.1401054826751126
1427371668981358598,negative,2.251932158710278e-06
1427371669358891016,negative,0.07445185956130444
1427371670596210689,negative,2.260010821399603e-08
1427371671535620097,negative,0.00017439261938047805
1427371673339236365,positive,0.9343671310991865
1427371673423130626,negative,0.06492848408690462
1427371674597474308,negative,0.22593025336632008
1427371676623413250,positive,0.7842917189656844
1427371676677836801,negative,0.006155621447451307
1427371676858265604,negative,0.012576078215042112
1427371677139210241,negative,0.18739543126695674
1427371677462274053,neutral,0.5710189470666187
1427371677629943812,neutral,0.5838496351049289
1427371678464626702,negative,0.0003585898683796174
1427371679748182018,negative,0.00012792402187290035
1427371680658247682,negative,0.004210796312055414
1427371681702682624,negative,0.005173984795641118
1427371685381017612,negative,0.0008779450805202075
1427371686584848395,negative,3.449425245553165e-08
1427371686643609610,negative,0.00036822960599163407
1427371687272718338,negative,1.378302005948853e-11
1427371687394357255,negative,0.21921412548362115
1427371687994081284,negative,0.06532733473936211
1427371688623329284,neutral,0.4507454498615163
1427371689579630599,negative,0.31974190885087983
1427371689734705157,negative,1.2742276041421465e-06
1427371690397511684,negative,4.778406539397967e-06
1427371690452000773,neutral,0.3403391890910929
1427371694902087683,negative,4.620973401885703e-05
1427371694906351627,negative,0.0036791114382249746
1427371697796231169,negative,5.174118657546046e-05
1427371699130060818,negative,0.2848129882801992
1427371701319475206,negative,3.957185478855366e-06
1427371702850396172,negative,0.005779758043994185
1427371703345221633,negative,0.003235676989935893
1427371704913956868,negative,0.0226729485180724
1427371705194979330,negative,8.255545614274963e-05
1427371705710821376,negative,3.326801026240835e-06
1427371706537156617,negative,0.04557217628070546
1427371707493404679,negative,0.17280662053397886
1427371710538518542,negative,0.01069155669606909
1427371711511605251,negative,0.005618628819687749
1427371711553409034,negative,3.7735637594227026e-05
1427371713487122438,negative,1.6780366444248914e-12
1427371714158239745,negative,0.00017569020463284996
1427371714506285059,negative,5.16398550858732e-07
1427371714804125703,negative,3.814581795007663e-05
1427371715001212930,negative,6.0005597013990136e-09
1427371716360159233,negative,0.04813284406415432
1427371717568176141,negative,0.0014259316871597118
1427371717849141248,negative,0.001720189609022609
1427371719443075084,negative,0.0033499314644228435
1427371720340643840,negative,2.445158706266119e-05
1427371720504193032,negative,0.02490152503043498
1427371721363972104,negative,0.03415382084005125
1427371722609680385,negative,0.008092333125565638
1427371723813441538,negative,0.21817812453783325
1427371724186820612,negative,0.03966636426796163
1427371725709352963,negative,2.260010821399603e-08
1427371727005392899,negative,0.15754580253428457
1427371727080787979,neutral,0.37899840162270665
1427371727101775879,negative,0.0013537043124231987
1427371729039630336,negative,0.0024263868545957297
1427371731220672518,positive,0.9343671310991865
1427371732868947981,neutral,0.49789225920557484
1427371733116403725,negative,0.009117300667894932
1427371734286704641,positive,0.9002708070030431
1427371734630604805,negative,3.7746304623657044e-06
1427371735503024128,negative,2.556293418997174e-07
1427371735570173953,negative,0.004519973360981165
1427371739395330048,negative,5.56986374285323e-06
1427371739676303365,negative,0.0007272773364422739
1427371739814768646,negative,0.017497312102868326
1427371739881869312,negative,3.1978916653282e-08
1427371741463121930,negative,1.6040255688899814e-05
1427371741991612424,negative,4.32545690817162e-05
1427371742046130185,negative,0.18739543126695674
1427371743107338243,negative,0.009479893528472698
1427371743216287747,negative,0.005432150375019283
1427371745661624331,positive,0.7613143477079727
1427371747410579462,negative,0.05938503496179086
1427371747461025795,negative,8.221597530824622e-05
1427371747993604107,negative,0.15754580253428457
1427371749956538371,negative,0.2051675313174082
1427371750262726657,negative,0.16215059392708145
1427371751101579264,negative,0.000248359495041441
1427371751172972549,negative,0.012577586225806344
1427371751625875457,negative,0.0006147490451419094
1427371752171048977,negative,0.03859301516756373
1427371752238325765,negative,0.000248359495041441
1427371753421033482,negative,1.1896342702098335e-05
1427371754259898381,negative,0.04574357571664197
1427371754385813505,negative,0.00012792402187290035
1427371755065196552,neutral,0.5636729065303732
1427371756264689679,negative,1.7581417599771553e-06
1427371757929914369,negative,0.0017483394338249092
1427371759448338438,negative,0.029748760023119377
1427371761440595981,negative,0.030462341841469374
1427371764749905920,negative,0.25368597023924155
1427371764863090692,negative,0.008282587887610183
1427371764879872008,negative,0.00896456103400881
1427371764959621126,negative,0.0016282007344049435
1427371765270032387,negative,1.8763777253084495e-06
1427371766964527106,negative,0.0014476030162555028
1427371766997979141,positive,0.6785976055735782
1427371772052131846,negative,0.0555718195327597
1427371774367391747,negative,0.15754580253428457
1427371775239786496,neutral,0.41901263796461236
1427371775390801932,neutral,0.49789225920557484
1427371775466385423,negative,0.2850093417421068
1427371776552710152,negative,3.7746304623657044e-06
1427371777500450830,negative,0.1933306475894072
1427371778809208835,negative,0.011165784120959919
1427371779354415109,negative,0.00017439261938047805
1427371779442479108,negative,0.0016282007344049435
1427371779576696834,negative,0.00027414001348718254
1427371779828424712,negative,0.1377866454635141
1427371780583342086,negative,0.000248359495041441
1427371782768562179,negative,0.06616611124193654
1427371785671094272,negative,0.0010922230480942439
1427371785813692422,negative,0.1907318467120681
1427371786224734211,negative,0.011131399678265257
1427371788628111361,negative,0.05217269890806904
1427371788988731395,negative,0.003350056468931477
1427371789815009283,negative,0.00012792402187290035
1427371790746198020,negative,0.0010922230480942439
1427371791379480578,negative,0.0032927358426655968
1427371792717451264,positive,0.906095508502788
1427371792864251909,negative,9.274816369077576e-05
1427371793267007493,negative,0.22614349857892527
1427371793753559048,positive,0.9343671310991865
1427371794005114880,negative,0.0029665928755165244
1427371794239995912,negative,0.06103690176972718
1427371794995064832,negative,0.19653759165220636
1427371795871588353,negative,0.16847634498426758
1427371797612093440,negative,0.00010192848988653052
1427371799621345283,negative,0.000248359495041441
1427371799709372424,negative,0.03764321448438288
1427371801210933249,negative,5.649395328752285e-07
1427371802209177602,negative,1.5886797515895835e-05
1427371803941425158,negative,0.29096764116153034
1427371804901924867,negative,4.4527338779891896e-08
1427371808400060416,positive,0.7344049639932397
1427371809964503040,negative,0.016475251460848543
1427371809968738308,negative,0.01521169672906435
1427371810249576455,negative,3.7735637594227026e-05
1427371810488737798,negative,0.07502655091846802
1427371811164069893,negative,0.10155694869379343
1427371811700944901,negative,0.08192135097631595
1427371812615299076,negative,3.136543930502692e-05
1427371816155324425,negative,0.011176170622398738
1427371817115824128,negative,0.012733965306920133
1427371819510665224,negative,0.1696914054681733
1427371826095742983,negative,6.980756980520892e-05
1427371827534442501,negative,0.0381135920308101
1427371828134088712,negative,0.0018300104731825253
1427371828713037825,negative,0.0032397501439311313
1427371831342817288,neutral,0.33282921149221445
1427371832362078208,negative,0.09972172915743872
1427371833444155399,negative,0.15754580253428457
1427371834517954560,negative,0.06587144503077128
1427371834874421251,negative,0.04655007234403113
1427371835100995591,negative,0.0006080865043248299
1427371837416263690,positive,0.8008815015805597
1427371838028582913,negative,0.000826228527424125
1427371839802773509,negative,7.444613796764576e-07
1427371841467920384,negative,1.2562599321939078e-09
1427371842969481217,negative,0.01521169672906435
1427371843401392128,negative,0.07019238151249844
1427371843502104576,negative,8.255545614274963e-05
1427371843598553092,neutral,0.4973667168442069
1427371844038955011,negative,0.04574357571664197
1427371844915576834,negative,0.00016126637072891997
1427371845385433089,negative,5.56986374285323e-06
1427371847126065153,negative,0.10465292497760595
1427371847436357639,neutral,0.6167616748233712
1427371849185468421,negative,0.05112747480168847
1427371851764936718,negative,0.00012792402187290035
1427371853400576007,positive,0.9596719069987242
1427371854797295616,negative,0.28455038615490863
1427371856240287746,negative,0.00012792402187290035
1427371861764153345,negative,0.15754580253428457
1427371863290822664,negative,0.004219081515727852
1427371863467077634,negative,0.004515669408780131
1427371864712699904,negative,0.06453766310401075
1427371866784772103,negative,0.2379576518697791
1427371867313221632,negative,3.695853350110175e-05
1427371867631935488,negative,0.013399404246276773
1427371867774455815,positive,0.9574319822587941
1427371870114942981,negative,0.06616611124193654
1427371870614085639,negative,0.09454161882435294
1427371870693773316,negative,6.998157175247325e-08
1427371870790238208,negative,0.01521169672906435
1427371871239016457,negative,0.0032299799694069185
1427371871838814210,negative,0.00012792402187290035
1427371872077766656,negative,0.008450520965620397
1427371872379936775,negative,4.156477335212938e-14
1427371873298493447,negative,1.2562599321939078e-09
1427371874514780163,negative,0.00010192848988653052
1427371875819311106,negative,0.19100887337343067
1427371876339306496,negative,0.0008920047304927495
1427371877106921475,negative,2.7255342313492765e-07
1427371877232746500,negative,0.08192135097631595
1427371877308276737,negative,0.2828136932208214
1427371877387980806,negative,0.002012389636067741
1427371878096715779,negative,0.02168143012423108
1427371880919470081,negative,4.8355024493170496e-09
1427371881250820104,negative,1.5053933474702133e-05
1427371881909399557,negative,0.004210796312055414
1427371881976508418,positive,0.6917059519039537
1427371883998158854,negative,0.002463209023216259
1427371884002299909,negative,0.0008920047304927495
1427371884912553987,negative,0.12944280751431483
1427371884979572737,neutral,0.59267290849954
1427371889027018752,negative,0.06616611124193654
1427371889056485387,negative,0.11013253626173018
1427371889840869380,negative,0.01992803752567738
1427371890277031946,negative,0.0035758019741188086
1427371892814589957,negative,0.012844113683324089
1427371895557525517,negative,8.255545614274963e-05
1427371895633190923,negative,0.031663219589489436
1427371896237182979,negative,0.0008927629700881719
1427371896346234882,negative,5.56986374285323e-06
1427371896383938561,negative,0.12938101337741786
1427371897105309699,negative,8.463010755759199e-07
1427371897172463625,negative,4.818534360031724e-05
1427371897386246144,positive,0.9842609136510106
1427371900645302276,negative,0.12636627367316783
1427371901622657026,negative,0.0524884623443118
1427371902633488384,negative,4.32545690817162e-05
1427371903883386886,negative,0.022462354256301727
1427371904281759751,negative,0.014163667998390262
1427371905691131907,negative,0.00012792402187290035
1427371907796672512,negative,0.10954888280717937
1427371908702539784,neutral,0.5734576952979002
1427371908811661319,negative,0.21192963163523793
1427371909759569927,negative,0.18387029119173803
1427371909939879936,negative,1.7769955028699665e-10
1427371912121004039,negative,0.013628463040003556
1427371912456376330,negative,0.0009255631394032518
1427371914243280897,negative,7.36004376331282e-15
1427371915254042629,negative,0.08192135097631595
1427371915300286466,neutral,0.37014905369375867
1427371915728019458,negative,0.017574951921507067
1427371916206161921,negative,0.01622534753582558
1427371916248207361,neutral,0.4985928500860049
1427371918248787969,negative,6.998157175247325e-08
1427371918605393931,negative,0.01521169672906435
1427371919318257672,negative,0.06616611124193654
1427371920408956928,negative,0.29150453131543796
1427371920840957956,negative,0.00012792402187290035
1427371921109405697,negative,0.2157375396337153
1427371922313162753,negative,4.438344389479108e-05
1427371922376044556,negative,0.09488824926404411
1427371923277811717,negative,0.015403861869501972
1427371923911098368,negative,0.00014721809385698453
1427371924431245316,negative,0.0012090083476239768
1427371924762550275,negative,2.1983816127269855e-08
1427371924976504832,negative,0.0004254282505026064
1427371927182716932,negative,0.08192135097631595
1427371927216300040,negative,0.0026239620662109656
1427371927354716162,negative,4.0885534037434105e-11
1427371928520740865,negative,0.06714859475820581
1427371929716019202,negative,5.174118657546046e-05
1427371930466889731,negative,0.015609109747442779
1427371930668179462,neutral,0.5131820754222006
1427371932199096320,negative,0.03251982126049666
1427371932652032000,negative,0.13197985789016453
1427371933679693828,negative,8.255545614274963e-05
1427371937433591812,negative,0.09488824926404411
1427371939354533896,negative,0.259595488154903
1427371939694321670,neutral,0.3935803333482938
1427371939719491585,negative,0.0005082585031979294
1427371940470304770,negative,1.560629869331226e-06
1427371942386995202,negative,0.21691794444564153
1427371944983375874,negative,0.30350326238681774
1427371946744897539,positive,0.83536005539852
1427371946807894017,negative,0.2467409217005349
1427371947223048194,negative,0.00012792402187290035
1427371948443590661,negative,0.011002318036216367
1427371949097996294,negative,0.1360982859814009
1427371949878022151,negative,0.01827287073551557
1427371950595248128,negative,0.002385235816986488
1427371950704373765,negative,0.07723560831678909
1427371951228588035,negative,0.18367977919477643
1427371951710945281,negative,0.0015564757776315053
1427371952876969992,negative,0.02374549171068666
1427371952994496515,negative,0.012113921147832492
1427371953267085315,negative,0.008672857233092713
1427371955477524485,negative,0.006496586353822794
1427371955825545224,negative,0.06695864543577425
1427371956186329097,negative,0.07445185956130444
1427371956219875332,neutral,0.4334392617149784
1427371957155205130,negative,0.15754580253428457
1427371957889163278,negative,0.02000281066822056
1427371959340392448,negative,0.2369471784626179
1427371961282449419,negative,0.007570744809743393
1427371961542483969,negative,0.006139743377293311
1427371963287314434,negative,1.0040572772114269e-05
1427371964784648195,negative,0.00034949945860682317
1427371965971578883,positive,0.9343671310991865
1427371966042935296,negative,6.345033448957644e-05
1427371966114238469,neutral,0.46790029342103856
1427371968341454849,negative,0.2155945142213284
1427371969066962953,negative,0.07357382831827097
1427371969528438788,negative,0.0008920047304927495
1427371970849648644,negative,0.012435916516846085
1427371971684278273,negative,2.3571245273514674e-06
1427371972204302340,negative,0.2155945142213284
1427371972502163459,negative,3.645678865257488e-07
1427371972669984772,negative,2.1983816127269855e-08
1427371973911453699,negative,0.14908347779845935
1427371973982789636,negative,0.1243701955571365
1427371974561574916,negative,2.260010821399603e-08
1427371974708375559,negative,0.0035758019741188086
1427371974796455938,negative,0.0036791114382249746
1427371975442374666,negative,0.15754580253428457
1427371976042024972,negative,0.07913200992443317
1427371976386093056,negative,0.2155945142213284
1427371976910376962,negative,0.00775831414641095
1427371977149403140,negative,1.3314237016040898e-05
1427371977635999744,negative,0.06616611124193654
1427371979527573504,negative,3.586790635976402e-05
1427371979619897352,negative,0.06616611124193654
1427371979749924868,negative,0.00017439261938047805
1427371980471296004,negative,0.035827957741386
1427371980492259333,negative,0.011703359032468325
1427371981360488450,negative,8.255545614274963e-05
1427371981800869890,negative,0.09325655154461433
1427371982925058049,negative,0.18739543126695674
1427371983080235009,negative,3.136543930502692e-05
1427371983751221250,negative,0.004229101000034595
1427371984741093386,negative,0.005483909227704868
1427371984749568001,negative,0.2057615538246099
1427371985558986757,negative,0.1171788895373235
1427371986536304647,negative,0.31595270457825786
1427371987018596353,negative,0.01521169672906435
1427371987316449288,negative,0.00012792402187290035
1427371987597467652,negative,0.08197494039648945
1427371988218155018,neutral,0.4460140098150059
1427371988629262341,negative,1.4922034878547097e-06
1427371988859817993,negative,0.0008287618243459576
1427371989560406023,negative,0.045439897150781394
1427371990126583813,positive,0.9779492233174493
1427371990466318346,negative,3.4780900588811065e-06
1427371990898315265,negative,0.07019238151249844
1427371991884050433,negative,0.06604228111972148
1427371992274116618,negative,0.0032218511480241645
1427371995990274052,negative,0.19543049875684876
1427371996044742661,negative,3.108208010872531e-05
1427371996615163910,negative,0.15754580253428457
1427371997886038019,negative,0.06616611124193654
1427371998217445376,negative,0.10964564277093683
1427371999031136258,negative,0.015609109747442779
1427371999442128898,negative,0.00217861388817924
1427372000738267140,negative,0.13253024524492177
1427372001413541897,negative,0.11369347672574026
1427372001639997440,negative,0.10596441773359634
1427372002415943687,negative,0.010308295164546757
1427372002864685065,negative,0.014699121726707454
1427372003795816451,negative,0.0031257935095465564
1427372004873748482,negative,4.966729553435139e-06
1427372005003776000,negative,0.12122097704701076
1427372005104422913,negative,0.259595488154903
1427372007591759874,negative,1.9008611053549375e-07
1427372007813955595,negative,0.004165811924199189
1427372008531103751,negative,0.04350637711079392
1427372009386807300,negative,0.13068678921591073
1427372009902776320,negative,0.11176772762326523
1427372009978273799,negative,0.0019485465480871755
1427372010926231557,negative,0.022030870709521273
1427372012524220416,neutral,0.3359052738377203
1427372013228802049,negative,0.04260768636097178
1427372013413445639,negative,6.998157175247325e-08
1427372013631549445,negative,0.16261169844807602
1427372014101311492,negative,0.04574357571664197
1427372014520709127,negative,0.00012792402187290035
1427372014784950273,neutral,0.36935853265681995
1427372015804092426,negative,0.0271772213890732
1427372016529641483,negative,0.21314669270696715
1427372018735931392,negative,4.764091110235672e-05
1427372019050590214,negative,0.09581150786315382
1427372019679698946,negative,0.001578657248540375
1427372020363407369,negative,0.005262184393086062
1427372021999091714,negative,0.01636086407822176
1427372022103957519,negative,0.07365437437223223
1427372022322106370,negative,0.0271772213890732
1427372022464647169,negative,0.0035579260701987213
1427372023546884099,negative,0.048142753368639095
1427372023567855626,negative,0.000248359495041441
1427372025052553216,negative,0.004729128185573151
1427372025312649216,negative,2.260010821399603e-08
1427372025329426434,neutral,0.49789225920557484
1427372028223426560,neutral,0.49789225920557484
1427372028529713155,negative,0.0006080865043248299
1427372029314048008,negative,0.005089586484486109
1427372030735921155,neutral,0.48933996825183923
1427372032619130886,negative,0.11697549125517016
1427372033747427338,neutral,0.5633420726326479
1427372034468814855,negative,0.000248359495041441
1427372034796007424,negative,1.4201628512329887e-07
1427372035412537345,neutral,0.3358218310945649
1427372035420868608,negative,0.10954888280717937
1427372036100292609,negative,0.017702330325511387
1427372036440068103,negative,0.006388371621312644
1427372036645695491,positive,0.9281310319090305
1427372037060890627,negative,0.042520041448306095
1427372040135266310,negative,0.051097251710634305
1427372040751828997,positive,0.9446452340319276
1427372040776998918,negative,0.0035920921786417857
1427372041045528579,neutral,0.49789225920557484
1427372041557184527,negative,0.0030834410579990857
1427372042253488136,neutral,0.4507454498615163
1427372042559660035,negative,0.0032944491285093183
1427372045877211136,negative,2.7439844969975292e-08
1427372046539972615,negative,0.0001726911556246514
1427372046615461901,negative,0.010308295164546757
1427372047047483393,negative,7.226460912489676e-10
1427372048196767748,negative,0.0021065293880887007
1427372049987670016,negative,1.3462252878504677e-07
1427372052533727237,negative,0.0003091291318189614
1427372052697202688,negative,0.14515738343210877
1427372053838114818,negative,8.826771390568837e-06
1427372056484720648,positive,0.6930254910079636
1427372058258837507,negative,0.0005195273153206971
1427372059508846596,positive,0.9213603773109085
1427372059513036807,negative,0.10687224126705498
1427372061182201991,negative,0.040534692319269726
1427372061584936960,positive,0.9223017347332434
1427372061937356801,negative,0.0001844380809792999
1427372062419521536,neutral,0.3837162173843233
1427372062658678791,negative,0.00038458399986523003
1427372063216504836,negative,0.0019136994964608313
1427372063707340805,negative,0.006496586353822794
1427372064051286018,negative,0.000248359495041441
1427372064097243150,negative,0.0995344809386821
1427372064143511556,negative,0.0718905165995897
1427372064516739074,negative,0.06867367172102665
1427372065288597511,negative,0.0005978665074680574
1427372067205357574,positive,0.7323534420518593
1427372068623028225,negative,0.006992521737203475
1427372070942429194,negative,1.1234940903926908e-09
1427372071558975491,negative,0.15754580253428457
1427372071735156739,negative,0.2971736805934292
1427372071865262084,negative,1.3462252878504677e-07
1427372072481828865,negative,0.0018656467732797858
1427372072695652361,negative,0.000681879187977657
1427372072817201157,negative,0.06616611124193654
1427372072997736452,negative,0.0271772213890732
1427372073496743936,positive,0.9559917075151311
1427372074213969927,neutral,0.5734576952979002
1427372075317006349,negative,0.06616611124193654
1427372076386693120,negative,0.06386147862341596
1427372079821856773,neutral,0.48602577941782094
1427372079880486918,negative,0.09488824926404411
1427372080404783110,negative,0.009526713940725667
1427372080912375824,negative,0.07445185956130444
1427372081839321094,negative,0.005719826698977189
1427372084196433931,negative,0.03677145358934142
1427372084213260289,negative,0.03677145358934142
1427372084661993475,negative,0.15754580253428457
1427372087770066950,negative,0.030017895473863614
1427372088332111874,negative,0.15754580253428457
1427372088403369988,negative,0.0024276382765667905
1427372089091186692,negative,0.0006519560721650901
1427372090039013380,neutral,0.46127768308170247
1427372090122899474,negative,0.006208434887370885
1427372090143870978,positive,0.7307940371485727
1427372090160648197,negative,0.0014124075431100277
1427372090177490959,negative,0.2384743479454212
1427372090232082439,negative,0.036431018343305685
1427372090617958408,negative,1.463647896033623e-08
1427372090924179466,positive,0.9343671310991865
1427372091070898178,negative,0.001720189609022609
1427372093084164105,negative,0.002114709355233942
1427372093423882241,negative,0.01432379987351519
1427372094908686340,negative,0.038814610238183375
1427372096347414528,negative,0.07019238151249844
1427372096938815488,negative,0.00012792402187290035
1427372097307914244,negative,5.703566841469115e-05
1427372097639231488,neutral,0.48302702257828106
1427372097895079936,neutral,0.48302702257828106
1427372098478092293,negative,0.11164419211888614
1427372100268998658,negative,0.028854904050753295
1427372100751405057,negative,0.028854904050753295
1427372100814319619,neutral,0.5532816099461351
1427372100919209990,negative,0.1084703447209691
1427372101296590850,negative,0.010308295164546757
1427372101862842373,negative,0.2856076542833876
1427372102236127235,negative,0.0009565791070695883
1427372102332698627,negative,0.011165784120959919
1427372102605148165,negative,0.0006812737819433669
1427372102936678415,negative,7.930934384175683e-07
1427372103620349953,negative,0.0152615484675311
1427372104605831172,negative,0.2944289254196291
1427372105881079819,negative,0.24718861870353892
1427372107894120448,negative,0.000248359495041441
1427372109463007232,negative,1.7539567840063618e-05
1427372109811093504,negative,0.02644142183654108
1427372109894848518,neutral,0.5148092054402906
1427372110440275977,negative,0.002289390029199296
1427372110612029440,positive,0.8756271642783245
1427372112432402452,negative,0.1646052403772459
1427372112759635969,neutral,0.41956321267742214
1427372113040715784,negative,0.06616611124193654
1427372113841856512,negative,0.001904475383042406
1427372114915610633,negative,0.00017569020463284996
1427372116475850755,neutral,0.4334392617149784
1427372116857524230,negative,6.0005597013990136e-09
1427372116903661579,negative,0.0005635511189926847
1427372116945653761,negative,0.06587144503077128
1427372117939601414,negative,5.055246486338623e-05
1427372118799495174,negative,8.278973331962197e-05
1427372118874988544,negative,0.13253024524492177
1427372119424389126,negative,0.014169422393047337
1427372122343542807,negative,0.24039657769468067
1427372124302462978,negative,0.004210796312055414
1427372125279727619,negative,3.0467491504842825e-08
1427372125640405002,negative,0.008092333125565638
1427372125787197451,negative,0.013787453521799562
1427372126915416065,positive,0.7323534420518593
1427372127481733122,negative,0.010308295164546757
1427372128559669251,negative,0.2579180585003493
1427372128886824963,negative,0.00012792402187290035
1427372128945545225,negative,0.003991303092140947
1427372129155092484,negative,0.01521169672906435
1427372130707124224,positive,0.9223017347332434
1427372132690972679,negative,0.24086290279979417
1427372133244616706,negative,0.00012792402187290035
1427372133253005314,negative,0.023913847187222663
1427372133395664898,negative,0.030017895473863614
1427372133404102667,neutral,0.5734576952979002
1427372134440050691,negative,0.0012051523731877265
1427372135136256005,negative,0.00036822960599163407
1427372136080068612,negative,0.051097251710634305
1427372138772766720,positive,0.9779492233174493
1427372138927779840,positive,0.7263454024938072
1427372139540267011,negative,3.716645535128338e-06
1427372139838070787,negative,0.1528115950627841
1427372141083832328,negative,0.07445185956130444
1427372141356453901,neutral,0.33282921149221445
1427372141855531022,negative,0.036563111154290895
1427372141884936197,negative,3.023215314111882e-05
1427372142199549970,negative,2.1983816127269855e-08
1427372142312710146,positive,0.6789216652729287
1427372143180980229,negative,0.04160162306674924
1427372144342732804,negative,0.00047498727145576895
1427372149220728842,positive,0.6917059519039537
1427372149245890564,negative,0.018834526504310754
1427372150042861568,positive,0.9343671310991865
1427372153595437059,negative,0.06616611124193654
1427372153608052738,neutral,0.48968107641114417
1427372153633230853,negative,0.014878649524864358
1427372154551783442,negative,0.19100887337343067
1427372156447608840,negative,0.00017569020463284996
1427372156590206976,negative,0.00020738541414368834
1427372156908969985,negative,0.13432330507994117
1427372157022216194,negative,0.000248359495041441
1427372158704029697,negative,0.0032218511480241645
1427372159404363777,positive,0.6789216652729287
1427372161019297800,neutral,0.4860213364893137
1427372161572954117,negative,0.00015846056529702398
1427372162378174469,negative,0.07019238151249844
1427372164454440960,negative,0.00017439261938047805
1427372165381378058,negative,0.2188796937685361
1427372165679271939,positive,0.6815898855241502
1427372166849441800,positive,0.6917059519039537
1427372168082505731,negative,0.11176772762326523
1427372168145473536,negative,0.1401054826751126
1427372170557067280,negative,0.01939165374723412
1427372171068837888,negative,0.15864250477829148
1427372173279309830,negative,0.0524884623443118
1427372173346304000,negative,0.02374549171068666
1427372173652549632,negative,0.008630718548755502
1427372174701211655,negative,0.047938755663167985
1427372175389036544,negative,2.1983816127269855e-08
1427372175967719435,negative,0.011090523769799692
1427372176064266244,negative,0.00017569020463284996
1427372176349487108,negative,0.29150453131543796
1427372176458539014,negative,0.0007214196294591189
1427372177398063112,negative,0.07445185956130444
1427372180094996480,positive,0.9559917075151311
1427372180988440586,neutral,0.33282921149221445
1427372181554610177,positive,0.9343671310991865
1427372181894356992,negative,1.481102618666672e-08
1427372181999128582,negative,8.52495988078617e-05
1427372182322176000,negative,0.001087913784145143
1427372182808801281,negative,0.011540357189166883
1427372183085592576,positive,0.9343671310991865
1427372184436097025,negative,1.7192860358166963e-05
1427372185514041347,negative,0.0029860648408175003
1427372186285879301,negative,0.011772453611050771
1427372186462048257,negative,0.09077441054065487
1427372187028099072,negative,0.015609109747442779
1427372189351821318,negative,0.005262184393086062
1427372190396207115,negative,0.020359926663004704
1427372190400405509,negative,0.0005474152403508848
1427372190434004999,negative,0.0003922083941098036
1427372190719225857,neutral,0.41124874927206656
1427372190819831810,positive,0.9343671310991865
1427372190832504835,negative,0.012494564684766922
1427372191457464323,positive,0.6789216652729287
1427372192585691138,negative,0.01613215045681048
1427372192644337671,negative,0.0009072165346563234
1427372195345485826,negative,0.01313590735916523
1427372195798466569,negative,0.07999569772900786
1427372196947763201,negative,0.013651534343453555
1427372197375619078,neutral,0.3837162173843233
1427372198021509127,negative,0.17215720912892024
1427372198818365446,negative,0.07019238151249844
1427372198822559753,negative,0.323934857494844
1427372199703420938,neutral,0.49789225920557484
1427372201607634944,neutral,0.5119986566407818
1427372203650207748,negative,0.0010998835512666823
1427372204665282562,negative,0.00036822960599163407
1427372205151772682,negative,1.1356478489811254e-06
1427372207110512641,negative,0.05333162090779556
1427372208742047745,negative,0.0003554579319856362
1427372209253715982,negative,0.06616611124193654
1427372210000437252,negative,0.21660126131392754
1427372210222739461,negative,0.0009717288410603373
1427372211049058310,negative,0.0010922230480942439
1427372214307938305,negative,0.21571503836453745
1427372214446444548,negative,1.0162420740712109e-05
1427372215595675652,negative,2.260010821399603e-08
1427372217164255242,negative,0.003246204907532431
1427372217189416965,negative,0.13621944997364444
1427372217399119872,neutral,0.49789225920557484
1427372218275749888,negative,6.998157175247325e-08
1427372220372897793,negative,0.0035758019741188086
1427372220951764997,negative,0.28617978763691837
1427372221027258368,negative,0.16157127117561174
1427372222046482436,negative,8.255545614274963e-05
1427372222084259850,negative,0.13259430846401665
1427372222809784320,negative,0.04301142002460114
1427372224328175620,negative,0.006075793513016866
1427372226681126916,positive,0.9266034090344558
1427372226924384259,negative,0.01182088059231876
1427372228103000067,negative,0.0016346203954520275
1427372228954361866,negative,0.056017415691729584
1427372229017407495,negative,0.00026984514202473497
1427372230976147459,negative,3.108208010872531e-05
1427372232725221379,negative,0.0008779450805202075
1427372232993554435,negative,0.0121205935101609
1427372233358467074,negative,0.03966636426796163
1427372233392013315,positive,0.9343671310991865
1427372233606025220,negative,0.01613215045681048
1427372234058895362,negative,0.00017439261938047805
1427372234084167686,negative,4.73137093930393e-09
1427372234155364358,negative,0.06990349290526342
1427372234910404612,negative,0.0191615580000896
1427372236470726656,negative,8.255545614274963e-05
1427372236567162890,neutral,0.5829538936058487
1427372237825449989,negative,0.018724544391780024
1427372238077059084,negative,0.010308295164546757
1427372238643384324,negative,0.07357382831827097
1427372239490592771,negative,0.22344547720795543
1427372242166501384,negative,0.015616829302661638
1427372245241024516,negative,0.002580059636458304
1427372246457257986,negative,0.02623160122389394
1427372247388495880,negative,0.2379576518697791
1427372247933669383,positive,0.9343671310991865
1427372249485615105,negative,0.0024627904685767094
1427372249791844353,negative,0.0009553063442738658
1427372252341886980,negative,0.11109858797805389
1427372254380412934,negative,0.00021521486118464313
1427372255005319168,negative,0.001904475383042406
1427372255059877898,negative,1.3462252878504677e-07
1427372255122763780,negative,0.21921412548362115
1427372255768678402,negative,0.004219081515727852
1427372257869971458,positive,0.9266034090344558
1427372258490781705,neutral,0.46563380342831073
1427372260663468034,negative,3.305491869750495e-05
1427372263939117060,negative,0.00017439261938047805
1427372264631279618,negative,8.255545614274963e-05
1427372264681443337,neutral,0.47612671887096547
1427372264920649729,negative,0.030876792332475676
1427372267038810121,negative,0.01400985082706119
1427372267684704259,negative,1.3462252878504677e-07
1427372269601439744,negative,1.0725665250903921e-07
1427372271623151620,negative,0.008840121000625567
1427372272856207363,negative,0.025802378391171672
1427372273447669765,negative,0.005689375710617061
1427372274575884290,negative,0.15754580253428457
1427372275163181056,negative,0.1440744451736343
1427372275582525442,negative,0.0012715382925864002
1427372275771351046,negative,0.002463209023216259
1427372276111056896,neutral,0.3837162173843233
1427372276421431298,negative,0.012599376007311335
1427372276576567300,positive,0.9779492233174493
1427372276685713413,negative,0.006297176326018954
1427372276941459457,neutral,0.5618660041771948
1427372277704835080,negative,0.04301142002460114
1427372277784535043,negative,0.013375799875776825
1427372279462305792,negative,0.11021067482668157
1427372281643376648,negative,8.153693392527467e-06
1427372282004000773,negative,0.07031483227272814
1427372282415042564,negative,5.500131179554806e-06
1427372283300126724,negative,0.008815799309340452
1427372284214382592,negative,0.06616611124193654
1427372284499615746,negative,0.010308295164546757
1427372287808970765,negative,0.00419352471115116
1427372288836390913,negative,0.31820487300311295
1427372289469911044,negative,0.13860635336022953
1427372290182991876,negative,0.04574357571664197
1427372291126661120,negative,3.421575115074607e-11
1427372291718062083,negative,0.006297176326018954
1427372292787560450,negative,3.108208010872531e-05
1427372292993081345,neutral,0.418643144867986
1427372293190209539,negative,0.00012792402187290035
1427372293425139723,negative,0.0013227716224278544
1427372294142373896,negative,1.9909672397091639e-07
1427372297158074371,negative,0.00036822960599163407
1427372297191575555,negative,0.0002829609325331251
1427372297644658688,negative,2.1363095746674434e-07
1427372298353483776,negative,0.0013410812689652943
1427372298672218112,negative,0.0271772213890732
1427372299460612114,neutral,0.4101944731753371
1427372300962312198,positive,0.8008815015805597
1427372301310472195,negative,0.0750657313726382
1427372301595680778,negative,0.05217269890806904
1427372303067795458,negative,0.00979374016785446
1427372303483121669,negative,0.004768896716549426
1427372304242257928,negative,0.005658621742657566
1427372304590323715,neutral,0.6557701713301493
1427372304636563463,negative,0.006297176326018954
1427372304720449543,negative,0.00012792402187290035
1427372305865494537,negative,5.56986374285323e-06
1427372305970171904,negative,1.355352706013236e-05
1427372307970985995,negative,0.259595488154903
1427372309069901827,positive,0.6824278758374777
1427372310051401729,negative,5.784938371528139e-11
1427372310814679049,negative,0.0003922083941098036
1427372311192211460,neutral,0.49789225920557484
1427372311938801670,positive,0.8195052976358304
1427372313033515011,negative,0.00419352471115116
1427372313503207426,negative,0.004210796312055414
1427372314711166977,negative,0.009389844017083385
1427372316271468556,negative,0.06481430687190645
1427372318674898949,negative,0.00015790833467575562
1427372320222552069,neutral,0.49789225920557484
1427372320293785606,negative,0.04725826572552606
1427372321065537541,negative,0.011165784120959919
1427372322055467008,negative,0.004059937713147421
1427372325444497413,negative,0.31974190885087983
1427372326895726593,neutral,0.46790029342103856
1427372327369678858,negative,0.013058968418878028
1427372327420014595,neutral,0.5953702036819744
1427372328636268547,negative,0.15754580253428457
1427372329307344897,negative,0.26758424790291474
1427372329714294787,neutral,0.438658726745286
1427372330075017224,negative,0.12392530509904268
1427372330305609740,negative,0.12019446541610411
1427372331148660737,negative,0.15754580253428457
1427372331433922564,negative,0.009332006441412953
1427372332029448204,negative,0.07169197243569249
1427372332830625794,negative,0.31974190885087983
1427372333803638805,negative,0.00012792402187290035
1427372336173420552,negative,0.0037524433292412712
1427372337138176000,negative,0.006494921190735392
1427372337821847562,negative,1.1983769122947983e-06
1427372338304061594,negative,0.06616611124193654
1427372339776430086,negative,0.001156812066052489
1427372340564926465,negative,0.000383652826528135
1427372341038829569,negative,3.7735637594227026e-05
1427372341231865860,negative,0.009526713940725667
1427372341831471108,negative,0.006576377490741909
1427372342443917316,negative,0.005411728442313076
1427372342477393926,negative,0.004219081515727852
1427372343320584194,negative,0.06616611124193654
1427372343425478662,negative,0.04944193418842664
1427372344218116104,negative,1.2545796884052098e-07
1427372344646017031,negative,0.0032090508503180774
1427372345690316800,negative,0.2685471016150842
1427372346239815691,negative,0.000248359495041441
1427372347007320064,neutral,0.5482327346318719
1427372347288395780,negative,3.056261928006326e-05
1427372348047601676,negative,0.031496393046198834
1427372348215279622,negative,5.512695054490865e-05
1427372348223676416,negative,0.014443921751384
1427372348420788225,negative,0.006823110472483653
1427372349628686336,negative,3.442702913969547e-05
1427372349758791685,negative,0.31974190885087983
1427372350199185414,positive,0.7174587207825763
1427372350346088449,neutral,0.33282921149221445
1427372350501269504,neutral,0.5090566967190474
1427372350513815553,negative,0.033111384777081816
1427372350702505986,negative,0.06692082588542778
1427372352464109574,negative,0.07846940655388225
1427372353084874754,negative,0.0006273918678822649
1427372353605054468,negative,0.000710745307728537
1427372354007601154,negative,0.01432379987351519
1427372354334691339,neutral,0.49789225920557484
1427372355140083723,negative,0.037424745874031974
1427372358185234439,negative,0.214854454806073
1427372358218756100,negative,0.32195294411714565
1427372358940119041,negative,0.006826366155970049
1427372359078617091,negative,0.00017439261938047805
1427372359191781379,negative,3.9539642107199544e-08
1427372359237918722,negative,0.07445185956130444
1427372360169054217,negative,0.0002526109968290349
1427372360529743875,negative,0.08504293015938491
1427372360852774915,negative,0.011002318036216367
1427372361712640003,negative,0.000878810844145198
1427372362501169154,neutral,0.33282921149221445
1427372363251781646,negative,0.06698598321896086
1427372365588180994,negative,0.001530956170139913
1427372366007439364,negative,0.027277257338113432
1427372366708056068,neutral,0.4307183874968668
1427372369430073351,negative,0.030017895473863614
1427372370113748994,negative,0.014457259073642112
1427372371749572608,negative,0.0018845731224653283
1427372373532102657,negative,0.11543859966310979
1427372373553123330,positive,0.6845699543905357
1427372373636964360,negative,0.1609918090022539
1427372374056390661,negative,1.2599647654125847e-07
1427372374865895437,positive,0.9779492233174493
1427372377403428867,negative,0.13068678921591073
1427372377575510022,negative,0.2624102784880011
1427372377755824132,negative,0.04492651645026127
1427372378208804880,negative,0.21921412548362115
1427372379018235912,negative,0.0750657313726382
1427372379647315990,negative,0.241578289881779
1427372379982860293,negative,0.026549585377058236
1427372386530349058,negative,0.00010733670905537364
1427372387163680776,negative,0.015609109747442779
1427372387666890754,negative,0.000354243454035248
1427372388413579264,neutral,0.4460140098150059
1427372389365518357,negative,0.00031351636083849993
1427372391546638343,negative,0.08993695001344298
1427372392775553027,negative,0.0024627904685767094
1427372394352685066,negative,0.015758281077466556
1427372394533081092,negative,0.004521060153543765
1427372395116048384,negative,0.0750657313726382
1427372395292237824,negative,0.15864250477829148
1427372396361617418,negative,0.08604337339263869
1427372397410324481,negative,0.02691236550723552
1427372399486545921,negative,2.260010821399603e-08
1427372400153296896,negative,3.7735637594227026e-05
1427372400547672070,negative,0.02168143012423108
1427372400589475840,negative,4.408574007499328e-06
1427372400811905032,negative,0.06616611124193654
1427372400845500429,negative,0.004210796312055414
1427372401805959172,negative,0.0035920921786417857
1427372403143938051,negative,1.061222175661615e-06
1427372404976852995,negative,0.000248359495041441
1427372406126092289,negative,0.13650027229557504
1427372406130102272,negative,0.15848115859769257
1427372407963230208,negative,7.816971736340079e-10
1427372408667844610,negative,0.03567253388458278
1427372409586438144,neutral,0.4766795874967358
1427372411071119361,negative,0.22393079994313683
1427372411226411019,negative,0.009643716779970352
1427372411645841410,negative,1.0956783244711894e-10
1427372412144848898,negative,7.720476614492758e-05
1427372412216258563,negative,0.00010192848988653052
1427372412677591044,negative,0.0007887652638632782
1427372417404506112,positive,0.8278784800365749
1427372417920417805,negative,1.5401804720838605e-06
1427372418142724100,negative,0.004229101000034595
1427372419120082946,negative,2.260010821399603e-08
1427372419820445697,negative,0.0011837065746141144
1427372420026048513,negative,0.02993110577501536
1427372420390920194,negative,0.08192135097631595
1427372426262945808,negative,0.06616611124193654
1427372426795622402,negative,0.003235676989935893
1427372433389010950,negative,0.013989087054579099
1427372434290786309,negative,0.21567004613667184
1427372434357899264,negative,8.836644265589822e-09
1427372434760650752,negative,0.2379576518697791
1427372435624579072,negative,0.0008936668407490532
1427372435712745476,negative,0.012599376007311335
1427372437025566730,negative,0.009544456116185698
1427372438162128897,negative,0.1604614586044836
1427372439407841289,negative,0.00012792402187290035
1427372440141930503,neutral,0.33282921149221445
1427372441085612037,negative,0.004601112890697783
1427372441681207304,negative,0.010308295164546757
1427372443421843458,negative,1.1509813163558806e-05
1427372445925785600,negative,0.0024499322550995345
1427372446265581575,positive,0.9223017347332434
1427372447691689985,negative,0.00010192848988653052
1427372448069136385,negative,0.15754580253428457
1427372449822396420,negative,3.671368630663844e-11
1427372451739078657,negative,4.408574007499328e-06
1427372451822981127,negative,0.01521169672906435
1427372451906965511,negative,0.0800346427184915
1427372452460572674,negative,0.0003593285651030902
1427372453609738240,negative,0.006783466648207523
1427372455123881996,negative,0.08024945920658601
1427372455736266752,positive,0.9446452340319276
1427372456424050691,negative,3.491573707796378e-07
1427372457007226882,neutral,0.49789225920557484
1427372457237745672,negative,0.22247657043678828
1427372457267277824,negative,1.5865432592526743e-14
1427372458626228228,negative,0.029748760023119377
1427372459397947394,negative,0.11619088098358671
1427372459704176651,negative,2.794208659402808e-13
1427372460651909122,negative,6.229336392909352e-11
1427372460823953409,negative,0.08192135097631595
1427372461398634501,negative,0.15167766812886468
1427372462803755019,negative,0.015609109747442779
1427372462845612044,neutral,0.33282921149221445
1427372466339553280,neutral,0.593196798777739
1427372466431827975,negative,0.16157127117561174
1427372467593662474,positive,0.9223017347332434
1427372468495396869,negative,0.010051389285890817
1427372472588976133,negative,0.0077847767477023525
1427372473138487296,positive,0.9860078058433778
1427372475453788169,negative,0.0005972981604235305
1427372476380721158,negative,5.896493818511873e-07
1427372476657459203,negative,0.004295670800747567
1427372477655756808,negative,0.18682840355262545
1427372477836152836,negative,0.030017895473863614
1427372478335180807,negative,0.010308295164546757
1427372478503034881,negative,3.520357822912322e-06
1427372479392124930,negative,8.836644265589822e-09
1427372479564156929,negative,0.01939165374723412
1427372481543872512,neutral,0.33282921149221445
1427372482261102602,negative,0.008815799309340452
1427372483620085765,negative,0.018724544391780024
1427372484328923144,negative,0.18387029119173803
1427372484333031425,negative,0.2075238553026899
1427372484614053890,negative,1.3462252878504677e-07
1427372484907708416,negative,0.0750657313726382
1427372488326066183,negative,0.10964564277093683
1427372489420771337,negative,0.0009974283992700823
1427372489974353931,negative,0.035300605421020516
1427372491622735873,negative,6.794531921617569e-15
1427372492889415681,negative,0.08192135097631595
1427372493782851593,negative,0.0002743249785723395
1427372496391651334,negative,0.12019446541610411
1427372496685174784,negative,0.04732333018819504
1427372497264168961,negative,3.94210586327716e-07
1427372498128080905,negative,0.010308295164546757
1427372498249789450,negative,0.15953812465324899
1427372498463559680,negative,0.0021065293880887007
1427372498606301192,negative,0.013306262800401683
1427372499172528143,negative,0.015609109747442779
1427372499273240587,negative,0.00038458399986523003
1427372500334297093,negative,0.0003588072133986349
1427372500489576450,negative,3.101318046352184e-09
1427372501198413829,negative,0.15754580253428457
1427372503035486210,negative,0.0013227716224278544
1427372503261974530,negative,0.22861954191474046
1427372505208082438,negative,0.005807604765881779
1427372505589760004,negative,0.3039349121378063
1427372505598238722,positive,0.6988202047910623
1427372507292647427,negative,0.00420986313725743
1427372507401687050,negative,0.08192135097631595
1427372507485507598,negative,0.016673591109462507
1427372508387422212,negative,0.0011752826236854819
1427372508936867842,negative,0.259595488154903
1427372510350385157,negative,0.19497276778515676
1427372510471917573,negative,0.0004799569573662246
1427372512074215429,negative,0.016673591109462507
1427372513110147076,negative,0.2637757759666366
1427372513596780549,negative,0.0008287618243459576
1427372515668733955,negative,0.06860732979563712
1427372515958169601,negative,0.12197606753405206
1427372520370589700,negative,0.00016209154104693333
1427372520471150594,negative,0.06616611124193654
1427372521305911301,positive,0.6624055896622104
1427372522622885899,negative,0.2379576518697791
1427372524774494213,negative,0.00020539988200026356
1427372525164679174,negative,0.12806381259424787
1427372526544605185,negative,1.983922948020937e-09
1427372526930432000,negative,0.0271772213890732
1427372527555420167,negative,0.0003454651517943693
1427372528952041478,negative,7.622154759799081e-07
1427372532185796612,negative,5.276481779587336e-07
1427372532185841670,negative,0.0012731189735861149
1427372532525674511,negative,9.739351999178977e-05
1427372532601180160,negative,0.011131399678265257
1427372532785631234,neutral,0.5655826440228839
1427372532936683526,negative,2.1983816127269855e-08
1427372533259583494,negative,0.013395023721294443
1427372533876133891,negative,0.0004158405976176639
1427372534488502277,negative,0.037424745874031974
1427372535302270980,negative,0.0005351511246494315
1427372535474229248,negative,0.00782158750609036
1427372536581472267,negative,0.0033282900778951303
1427372537428774915,neutral,0.6146539053111821
1427372538968018949,negative,0.03221847339381756
1427372539395850244,negative,0.0009656297210484671
1427372540314464276,negative,0.0026703699037121126
1427372540914241543,negative,0.015609109747442779
1427372541396594694,negative,0.0007918465037148288
1427372542730321922,negative,0.16796390722280205
1427372542831087619,negative,0.11619088098358671
1427372543170646019,negative,0.00010192848988653052
1427372543627911169,negative,0.002463209023216259
1427372544189997060,negative,4.332554903002017e-05
1427372544349417472,negative,0.011165784120959919
1427372544429023236,negative,0.15754580253428457
1427372544567521286,negative,0.11176772762326523
1427372545506955270,negative,2.3568075346054207e-06
1427372545783832585,negative,0.2637757759666366
1427372546815627272,negative,0.11176772762326523
1427372549848064005,negative,0.0002366889390745052
1427372549869088770,negative,0.00012792402187290035
1427372550531817481,negative,6.998157175247325e-08
1427372550829625346,positive,0.7344049639932397
1427372551064494084,negative,0.000248359495041441
1427372551169318913,negative,0.00017569020463284996
1427372551794135045,neutral,0.5459425363965357
1427372552142344192,negative,0.051042833569189136
1427372552515620876,negative,0.14686089096832639
1427372552796659713,negative,0.027611702604934615
1427372553304264706,negative,0.0017648214075836504
1427372553379713024,negative,0.22493346794813412
1427372553685831680,negative,2.0465213857337056e-05
1427372553824137217,negative,0.06714859475820581
1427372554889609222,neutral,0.40944595022028984
1427372556160577539,negative,3.108208010872531e-05
1427372557213343746,positive,0.8722189163040902
1427372558853283842,negative,4.609006075104674e-05
1427372559654428676,negative,0.10545286981511183
1427372559989891074,negative,0.10600636607000048
1427372561210515459,positive,0.9779492233174493
1427372562535927814,neutral,0.4295035849141295
1427372562724577282,negative,0.00012792402187290035
1427372563051732995,neutral,0.46790029342103856
1427372563311874049,positive,0.8008815015805597
1427372564544905223,negative,1.0040572772114269e-05
1427372565568368646,negative,3.879020071741063e-05
1427372566260424705,negative,0.13253024524492177
1427372567166398473,negative,0.03669644709667022
1427372567262814219,neutral,0.3371348131876588
1427372567627714570,negative,0.16894506034710519
1427372567816544258,negative,0.12944280751431483
1427372569091612678,negative,0.00012862470849497732
1427372571952037890,negative,0.001020905687087685
1427372572694351885,negative,0.00010192848988653052
1427372574946770952,negative,0.00017795738625069743
1427372576414765058,negative,0.007324993662202429
1427372577983537160,negative,0.08192135097631595
1427372578427965440,negative,0.11829521464437869
1427372581439606789,negative,0.0005312098513290867
1427372581833805827,neutral,0.5496678701602578
1427372581833879554,negative,0.002962936608155651
1427372582462963720,negative,0.022271281822821086
1427372584128090115,negative,0.0007559845749531815
1427372585063440384,negative,0.006297176326018954
1427372585264812034,neutral,0.33282921149221445
1427372587588493314,negative,0.21869627399406738
1427372589320740866,neutral,0.59267290849954
1427372590654529536,negative,5.649395328752285e-07
1427372591212384258,negative,0.004059937713147421
1427372593628295169,neutral,0.49789225920557484
1427372594718810120,neutral,0.3837162173843233
1427372595087826944,positive,0.6917059519039537
1427372595104600065,positive,0.9779492233174493
1427372595146547204,negative,0.00017439261938047805
1427372595150737409,negative,0.0035920921786417857
1427372595733749763,negative,0.004229101000034595
1427372596526469121,negative,0.004219081515727852
1427372596945956870,negative,0.0007812602793993199
1427372598879531009,negative,2.260010821399603e-08
1427372601920393216,negative,0.01010362301995574
1427372605070249990,positive,0.9559917075151311
1427372605422571529,neutral,0.48029556905203336
1427372607356104704,negative,0.0753160102701093
1427372608727748608,positive,0.9559917075151311
1427372608731979781,negative,3.2099489203365143e-06
1427372608778080261,negative,0.009693224898283996
1427372610464137222,negative,0.06616611124193654
1427372611344863249,negative,0.05624808919616465
1427372612267790336,negative,0.002580059636458304
1427372612854878218,negative,0.01069155669606909
1427372613035184129,negative,1.3653394823073452e-06
1427372613823836173,negative,0.009928355723111976
1427372613882417157,negative,0.01803115794209243
1427372614981410827,negative,0.0588603964380891
1427372616155795460,negative,0.11176772762326523
1427372618496229385,negative,1.2009757506431814e-05
1427372619481890820,negative,0.0027457474196805054
1427372620413079558,negative,0.02691236550723552
1427372620580802560,negative,0.06616611124193654
1427372622237601798,negative,0.016714649830795583
1427372622430547973,negative,0.008603490746996494
1427372622929530888,negative,0.0007812602793993199
1427372623084802052,negative,1.1246306530463595e-07
1427372625462956033,negative,9.360595296315602e-06
1427372625609859072,negative,0.2637757759666366
1427372626238914562,neutral,0.3359052738377203
1427372627346198532,negative,0.006283616253821361
1427372629661528068,negative,0.06487042417033738
1427372630068408322,negative,0.02417912976606369
1427372632312188930,negative,1.5217245480845962e-06
1427372632790339584,neutral,0.33282921149221445
1427372633516019714,negative,0.05217269890806904
1427372634904346628,negative,0.051534834582150434
1427372635772661764,negative,6.998157175247325e-08
1427372636250722312,negative,0.2788902468636368
1427372636481507335,negative,0.000248359495041441
1427372637127380998,negative,0.13672588821463147
1427372637328744451,neutral,0.34075176843878735
1427372637370597392,negative,0.00036822960599163407
1427372638037544962,negative,0.00015790833467575562
1427372640445083653,negative,3.7735637594227026e-05
1427372641791381507,negative,0.02133707056820097
1427372642504486915,negative,3.787552441754105e-05
1427372642756083730,negative,0.0015833366970309775
1427372643083341835,negative,5.071110248148684e-06
1427372645272539136,negative,0.0005045481996674803
1427372645658632194,negative,0.006297176326018954
1427372647013363725,negative,0.06616611124193654
1427372648271683586,negative,0.02051504817538103
1427372648347078660,negative,0.1789092750858924
1427372650175795204,negative,5.122654568292351e-07
1427372653082460160,negative,0.011284731191476962
1427372653808177158,negative,0.14422424591467073
1427372654093344778,negative,0.0016282007344049435
1427372654139351042,negative,0.08849266599376246
1427372654336557063,neutral,0.49789225920557484
1427372654999265281,negative,0.004796273663960152
1427372655150354440,negative,0.026925033591193404
1427372655624216578,negative,0.07897909643764038
1427372657692057602,positive,0.9628604276766076
1427372657864024068,positive,0.9398955907008776
1427372658451156998,negative,0.004229101000034595
1427372659235565578,positive,0.9779492233174493
1427372659256578051,negative,0.030017895473863614
1427372659332067346,negative,0.015609109747442779
1427372659596316686,negative,0.0009717288410603373
1427372660686827520,negative,2.260010821399603e-08
1427372660963561473,neutral,0.33282921149221445
1427372661831835651,negative,0.009143094851203933
1427372661894692864,negative,0.0007591224359239046
1427372662511345664,neutral,0.34905247627778274
1427372662746124288,negative,0.002508116547062297
1427372663610167298,positive,0.7323534420518593
1427372663866109952,negative,1.4472871111656016e-05
1427372665627713546,positive,0.9231570039030362
1427372668068798465,negative,0.04574357571664197
1427372669398355983,negative,0.0023797231036536423
1427372670245642245,negative,9.900521576960221e-06
1427372670736293899,negative,5.174118657546046e-05
1427372670769893379,positive,0.9359633340350555
1427372670815981573,negative,6.998157175247325e-08
1427372671071756288,negative,0.08091458622787247
1427372673051529224,negative,1.0040572772114269e-05
1427372674674737156,negative,0.2051675313174082
1427372674687377411,negative,0.037194548783398104
1427372675094155279,neutral,0.49789225920557484
1427372675941470213,negative,0.15754580253428457
1427372679292755979,negative,0.0024912117791810354
1427372679389138949,negative,0.015609109747442779
1427372680077090820,negative,0.00012792402187290035
1427372681880559617,negative,0.007945095390339696
1427372683184930816,negative,0.05217269890806904
1427372683474386951,negative,0.06616611124193654
1427372684204183552,negative,2.260010821399603e-08
1427372685026381826,negative,0.007092371478304936
1427372686662119429,negative,0.08604337339263869
1427372687832363012,neutral,0.49789225920557484
1427372687895171078,neutral,0.46187539713643033
1427372688235012097,negative,0.033111384777081816
1427372688432041985,neutral,0.4332388422326355
1427372691175219200,positive,0.9223017347332434
1427372691313643524,negative,3.4780900588811065e-06
1427372692685180935,negative,0.06062599340117002
1427372693507149826,negative,0.00031077335506715897
1427372693943427079,neutral,0.59267290849954
1427372694081769478,negative,0.0008287618243459576
1427372694937481224,negative,0.1048637157837073
1427372694941573121,negative,0.048146630838727306
1427372694945898506,neutral,0.34184640523860554
1427372695000391691,negative,1.6080915219740788e-10
1427372695814086658,negative,0.10964564277093683
1427372696736763914,negative,0.011002318036216367
1427372697307205641,negative,0.015488118090542964
1427372697521111044,negative,8.255545614274963e-05
1427372698209038336,negative,2.661404971092999e-05
1427372700360708101,negative,1.8517566551129764e-07
1427372701895823360,negative,0.00011351842298202571
1427372702218792964,negative,0.01362552939685046
1427372702252380164,negative,0.006680905583044323
1427372703284084743,negative,5.649395328752285e-07
1427372704093687809,negative,4.422908248249287e-07
1427372704479555584,negative,0.030142821012625803
1427372704483643399,negative,0.0038822869075456133
1427372705297354754,negative,1.4052433025947481e-09
1427372705398071299,negative,0.06616611124193654
1427372705658064904,negative,0.01998672108333927
1427372705842712576,neutral,0.580618261431644
1427372706585055237,negative,0.052758285495441655
1427372706794819588,negative,4.739620445419964e-09
1427372707801407491,negative,0.0008920047304927495
1427372707809832962,negative,0.000248359495041441
1427372708061458436,neutral,0.49789225920557484
1427372710095691777,negative,0.02792673771566259
1427372711462977542,positive,0.9343671310991865
1427372711651774473,negative,0.09297868303248435
1427372711874121736,negative,0.0009722708283357628
1427372711958007809,negative,0.015609109747442779
1427372712419373058,negative,0.06616611124193654
1427372712712933380,negative,0.06616611124193654
1427372712859738118,negative,0.006297176326018954
1427372713904050177,negative,3.197800492782419e-11
1427372714797510658,negative,1.5778279642411263e-06
1427372715132981249,negative,0.00020738541414368834
1427372715803963394,negative,0.015677009909087956
1427372716047441930,negative,0.00017439261938047805
1427372717100130305,negative,0.051584219817719226
1427372718517719040,negative,2.740026657894001e-09
1427372719167967233,negative,0.030017895473863614
1427372720057167885,negative,0.08818704840322641
1427372721034440705,negative,0.07723560831678909
1427372721126662147,neutral,0.33282921149221445
1427372721235795972,neutral,0.34075176843878735
1427372721495760904,negative,0.1112787515053867
1427372721751609349,neutral,0.3702364876451444
1427372722317889536,negative,0.18739543126695674
1427372722817011715,negative,0.15754580253428457
1427372723311890440,negative,0.003650433837166454
1427372723748151303,negative,0.04574357571664197
1427372726113681408,negative,0.026925033591193404
1427372727711633421,negative,0.008826717464030473
1427372728542183428,negative,0.02133707056820097
1427372730056388610,negative,3.603042281668339e-05
1427372732635885577,negative,0.2921017924171615
1427372734493954049,negative,0.06492848408690462
1427372734795952140,neutral,0.33282921149221445
1427372738268864513,negative,1.4922034878547097e-06
1427372738432233473,negative,0.0009528240570941547
1427372738793062410,negative,0.00010192848988653052
1427372739053170689,negative,0.01939165374723412
1427372739728445444,negative,0.0012112107807887905
1427372739938209792,neutral,0.3631116810635185
1427372740319842306,negative,0.000248359495041441
1427372741859155969,negative,0.05704021884494575
1427372742295363587,negative,0.08172976474800388
1427372742467280900,negative,0.05750584300321074
1427372742991663113,negative,0.008596718471771868
1427372743310336003,negative,0.1782416113020903
1427372743394201600,negative,6.138569521523776e-05
1427372745059414017,negative,0.2379576518697791
1427372748771364866,positive,0.6917059519039537
1427372750881136640,negative,0.013375799875776825
1427372751623528452,negative,0.0010321472734113927
1427372752437235714,negative,0.0005595851660201953
1427372752764293121,negative,9.422578806398995e-06
1427372752890171397,neutral,0.6167616748233712
1427372754265952259,negative,0.00017439261938047805
1427372754328858628,negative,0.02133707056820097
1427372754878275592,negative,0.037424745874031974
1427372755486482448,positive,0.8722189163040902
1427372756103012362,negative,5.110369361427375e-06
1427372757575159809,negative,0.16157127117561174
1427372759416557578,negative,0.014392689159340154
1427372760620322817,positive,0.9910857989583947
1427372761337503751,negative,0.2850157292204184
1427372763237388302,negative,3.7735637594227026e-05
1427372764122554376,negative,0.0007594025020815928
1427372765166768129,negative,0.0009907269448575702
1427372765930270723,negative,0.06142700179605844
1427372766244835328,negative,0.08192135097631595
1427372767297642503,negative,0.00010192848988653052
1427372767373103109,negative,2.9965484936679136e-05
1427372767628996612,negative,0.01998672108333927
1427372769302433800,neutral,0.48728019602140255
1427372769986195470,negative,0.22128233936275768
1427372770762149889,negative,0.0012014841783171588
1427372771009564679,negative,0.0035920921786417857
1427372771592507396,positive,0.6789216652729287
1427372778198552576,positive,0.9343671310991865
1427372781633671172,negative,0.09341482891271581
1427372784733331459,negative,0.009928355723111976
1427372787396714498,negative,0.01564362613051109
1427372788353060869,negative,0.08818704840322641
1427372788596322305,negative,0.0019485465480871755
1427372789015760903,negative,0.027840701200167097
1427372789279989767,negative,3.790888775694528e-10
1427372789401587716,negative,0.12944280751431483
1427372790043316226,negative,0.16157127117561174
1427372790139719687,negative,2.260010821399603e-08
1427372791519748103,negative,1.1903544832554804e-10
1427372791926505478,negative,3.108208010872531e-05
1427372792144711686,negative,0.0037345117598100606
1427372792174026755,negative,0.2673366981765378
1427372792459284487,negative,0.00036822960599163407
1427372792744497158,negative,0.03567253388458278
1427372793159618574,negative,0.0034500573130101094
1427372793998585862,negative,0.001020905687087685
1427372794531155986,negative,0.010246089831815493
1427372795026096130,negative,0.18108131422223686
1427372795680468993,negative,0.06616611124193654
1427372796120813579,positive,0.8008815015805597
1427372798167683075,negative,0.12232039250972135
1427372798608019461,neutral,0.42695075000513394
1427372799283367942,negative,0.004051193000822531
1427372799635644421,negative,0.06329933816396194
1427372799774052358,negative,0.0024728467391298445
1427372800386363392,neutral,0.4047214283799102
1427372801808338944,negative,0.0009013868300930839
1427372801820962818,negative,0.11176772762326523
1427372801917345801,negative,0.06616611124193654
1427372802122960901,negative,1.0040572772114269e-05
1427372803108581377,negative,0.007288226335375523
1427372803196604419,negative,0.06714859475820581
1427372803620286468,negative,0.002463209023216259
1427372803960016896,neutral,0.49789225920557484
1427372804459143170,negative,0.10138928378646699
1427372804836675587,negative,0.008815799309340452
1427372805159542787,negative,0.16124892457072623
1427372805360914433,neutral,0.33282921149221445
1427372806094958596,negative,0.020557090135157476
1427372806388555780,negative,0.01521169672906435
1427372807269322753,negative,0.029014782185567727
1427372808338911241,negative,6.548486912573626e-07
1427372809181929477,negative,0.001904475383042406
1427372809232297990,neutral,0.49789225920557484
1427372809265745921,negative,0.011140455047480242
1427372811904032772,negative,0.017202249852472665
1427372812021473282,negative,0.0003588072133986349
1427372812143054850,neutral,0.6167616748233712
1427372812289859585,positive,0.9837374154544264
1427372814361931791,negative,0.001116164192784825
1427372814848385032,negative,0.034460725528559
1427372815167148033,negative,0.12650843035785694
1427372816245141510,negative,0.00038736688041111694
1427372817209872388,negative,0.02644142183654108
1427372821982896140,negative,0.00017439261938047805
1427372822972747800,negative,0.14908347779845935
1427372823379693571,negative,0.05217269890806904
1427372824491134987,neutral,0.46127768308170247
1427372825430614020,negative,0.23272975113395158
1427372826026254337,negative,0.16157127117561174
1427372829796970498,positive,0.9294392459776813
1427372829947817984,negative,4.1464566578548723e-10
1427372831176790019,negative,0.00012792402187290035
1427372832670068743,negative,0.0003030088356110427
1427372833315905538,negative,0.01465448762847262
1427372834200883200,negative,4.168381961916068e-07
1427372834788085762,negative,0.0009528240570941547
1427372835270496272,negative,0.0009528240570941547
1427372835786403847,negative,0.0077847767477023525
1427372835870228485,negative,3.0440491221531575e-17
1427372836965044229,negative,0.048146630838727306
1427372837623504903,negative,0.0011355937293077276
1427372838466502660,negative,0.052291039498249606
1427372838982455298,negative,0.07019238151249844
1427372839238262785,negative,0.01881397020755486
1427372839720660992,negative,0.00010192848988653052
1427372840370704391,negative,0.03430756625549552
1427372841230610434,negative,0.01133643771674324
1427372842350485504,negative,0.13238879212642776
1427372842446958600,negative,2.260010821399603e-08
1427372843684216838,negative,0.0271772213890732
1427372843982106633,negative,0.0004928706134645771
1427372845357731841,positive,0.8008815015805597
1427372846653845505,negative,5.1932325448109955e-11
1427372846708404225,negative,0.15754580253428457
1427372847027085327,negative,0.12146426141732296
1427372847354327047,negative,0.010500727281220932
1427372850026094592,positive,0.9845144289844131
1427372851489820672,neutral,0.49789225920557484
1427372851515043851,negative,0.00036822960599163407
1427372851804479492,negative,0.01285840017691017
1427372851879890954,negative,0.17215720912892024
1427372852014104579,negative,0.0036791114382249746
1427372852911607817,neutral,0.4448837066235515
1427372852957827074,negative,9.172687783295684e-06
1427372853486305282,negative,0.00010952770852563872
1427372855793180678,negative,0.0016334933859853504
1427372857248698372,positive,0.7527346357147514
1427372857827414016,negative,0.028981628246000046
1427372858238459909,negative,0.004059937713147421
1427372858708086785,negative,1.8669614593853343e-09
1427372859350044673,negative,0.002475582766384201
1427372860700430349,negative,0.0753160102701093
1427372860901822474,negative,0.011002318036216367
1427372861698805770,positive,0.9343671310991865
1427372862172631047,neutral,0.37874993579954885
1427372862890037250,negative,0.17505702026466244
1427372863204569100,negative,2.661404971092999e-05
1427372864831885312,negative,0.06067461271213544
1427372866572521472,negative,0.0011401406865666612
1427372868220772353,neutral,0.36707611651754307
1427372869932273666,negative,0.14891392972830875
1427372870334812162,negative,0.00012503148781259468
1427372870959763456,negative,0.04001853791880789
1427372872708853762,negative,0.006680905583044323
1427372872901726216,negative,0.0003130030417511347
1427372873568632845,negative,0.13238879212642776
1427372874210361349,negative,0.08192135097631595
1427372874218840067,negative,0.013924011184715309
1427372874269003787,negative,2.3341277482193115e-13
1427372875745538050,negative,0.2685471016150842
1427372876282335234,negative,0.02177667392284976
1427372876357849097,negative,0.06867367172102665
1427372878652133381,positive,0.9636189743676195
1427372878970990592,negative,0.05217269890806904
1427372880082477064,negative,0.02168143012423108
1427372880564731905,neutral,0.37990940012628416
1427372882712219650,positive,0.9343671310991865
1427372883215536134,neutral,0.33282921149221445
1427372884205375496,negative,1.7346615508344007e-06
1427372885904183307,negative,4.483704359343537e-05
1427372886420033536,negative,0.05217269890806904
1427372886868832260,negative,0.12279167466125734
1427372888265482243,positive,0.6930254910079636
1427372890060738565,negative,0.10687224126705498
1427372890769530883,negative,0.011772453611050771
1427372890954027015,negative,0.0004493918342676687
1427372891180605450,positive,0.9343671310991865
1427372892564697093,negative,0.018801243031640345
1427372892828876802,negative,8.687685677280851e-12
1427372893185380355,negative,0.13621944997364444
1427372893466398720,neutral,0.4514940053375065
1427372893529378823,neutral,0.33282921149221445
1427372895362240512,negative,0.08393043252184489
1427372896301764608,negative,5.56986374285323e-06
1427372899007148033,neutral,0.33282921149221445
1427372899338493956,negative,4.924286466858962e-06
1427372900164702212,positive,0.8008815015805597
1427372900923973637,negative,0.0029022470642202825
1427372901175463948,negative,0.0801610110741781
1427372902521974788,negative,1.4922034878547097e-06
1427372902979182596,negative,0.00017439261938047805
1427372903058886666,negative,0.001020905687087685
1427372905202073603,negative,7.138817488405694e-05
1427372905931890692,negative,0.00011106850639378442
1427372906078785538,negative,0.02374549171068666
1427372908003958789,negative,0.1467506705469871
1427372908960260098,negative,6.998157175247325e-08
1427372911577473036,negative,0.2476715618276361
1427372911690752000,negative,0.0005236483388878762
1427372913112584192,neutral,0.33282921149221445
1427372913116819457,negative,3.115354901061179e-05
1427372913662078979,negative,3.25207677211055e-07
1427372914916069379,negative,0.009990890850760142
1427372914932858885,positive,0.6789216652729287
1427372915226447874,negative,0.06714859475820581
1427372916853911554,neutral,0.33282921149221445
1427372918263144449,negative,0.008910786486429508
1427372918674182145,neutral,0.33282921149221445
1427372919492128771,negative,0.021019050382061148
1427372921874493446,negative,0.004210796312055414
1427372922096783360,negative,0.16157127117561174
1427372922700804102,positive,0.9343671310991865
1427372922805571589,negative,0.036580719946850124
1427372923799625729,negative,2.251932158710278e-06
1427372924449722374,negative,0.16847634498426758
1427372925250850817,negative,0.0023687639624627617
1427372926836174848,negative,0.07019238151249844
1427372928652480521,negative,0.16157127117561174
1427372929260691460,negative,0.07317687953581108
1427372929466109957,neutral,0.33282921149221445
1427372935468224514,negative,2.0498310033872763e-05
1427372936357285889,negative,8.255545614274963e-05
1427372936730718209,neutral,0.49789225920557484
1427372937842151429,negative,2.3842163578016702e-05
1427372939096346629,negative,0.05585370617006739
1427372939108827143,negative,0.15754580253428457
1427372939859615746,negative,0.0057607249244052295
1427372941097029642,negative,0.005445539738306426
1427372941247922179,negative,0.047596448770507324
1427372941554114562,negative,6.479034736828355e-05
1427372941558222857,negative,0.00016150384737953453
1427372941889712129,negative,0.11724015803743931
1427372942741102601,negative,0.0011515656527802739
1427372943198363649,negative,0.00012792402187290035
1427372944179748882,negative,0.02691236550723552
1427372944406294528,positive,0.999311459366361
1427372946855800834,negative,4.716593825636105e-06
1427372947229089801,negative,0.16157127117561174
1427372947715592193,negative,0.004321494649025529
1427372949586259971,negative,0.00039707501943716004
1427372951578587140,negative,3.262099447585443e-06
1427372954879471626,negative,0.08818704840322641
1427372955013730307,negative,0.0012551099373296942
1427372955286315011,positive,0.9966240207217931
1427372955336589312,negative,0.0377102932654708
1427372955709984778,negative,0.0021197526345826624
1427372955747721225,negative,0.029748760023119377
1427372955886051329,negative,0.02976134990266687
1427372956829761543,negative,0.02993110577501536
1427372957584793609,negative,0.241578289881779
1427372958163644416,negative,6.998157175247325e-08
1427372959174434825,negative,0.11724015803743931
1427372959992254466,negative,0.0077847767477023525
1427372960273289225,negative,0.048146630838727306
1427372963255422980,neutral,0.46790029342103856
1427372963612053513,negative,0.0005422229349030816
1427372963729391618,negative,0.21030270724931877
1427372963817533445,negative,0.026925033591193404
1427372964195061760,neutral,0.59267290849954
1427372964283101187,negative,0.19203102561759994
1427372965759537153,negative,0.048146630838727306
1427372965872742403,negative,0.019659593004374133
1427372966824787983,negative,0.2571492090933332
1427372968259334153,negative,0.01521169672906435
1427372969836400641,neutral,0.48968107641114417
1427372970050215939,neutral,0.5749147690550027
1427372971526660102,neutral,0.36072098323156504
1427372971895803906,negative,0.014878649524864358
1427372972097028112,negative,0.11724015803743931
1427372972696817669,negative,3.038499374085945e-06
1427372975570001930,negative,0.1635643658288584
1427372977562259464,negative,1.9067564028216622e-10
1427372979256705028,negative,0.05217269890806904
1427372979449745409,negative,0.011002318036216367
1427372979554594841,negative,2.260010821399603e-08
1427372980036833280,negative,0.000248359495041441
1427372980540256258,negative,0.0575862204255013
1427372980934483968,neutral,0.34075176843878735
1427372982050201603,negative,0.001578657248540375
1427372982368968710,negative,0.18387029119173803
1427372982805188609,negative,0.04077141778927273
1427372983153213442,negative,0.0009717288410603373
1427372983547486208,negative,0.002463209023216259
1427372983690137610,negative,0.008642355438632494
1427372983828590594,negative,0.044710283818061046
1427372985460088832,neutral,0.33282921149221445
1427372987653689347,negative,0.002912664424265548
1427372987687358464,negative,0.13068678921591073
1427372989562048512,negative,0.00033877239391506126
1427372991592247302,negative,5.337364038698313e-05
1427372992057810949,positive,0.8008815015805597
1427372993269927951,positive,0.8008815015805597
1427372993857167361,negative,0.002463209023216259
1427372995014799360,negative,0.013651534343453555
1427372995597717516,negative,5.174118657546046e-05
1427372997619421184,negative,0.0035758019741188086
1427372997720018945,positive,0.9996942682291367
1427372998156247040,negative,4.523019683587331e-08
1427372998634450959,negative,0.1277629616944565
1427373000979013636,negative,6.998157175247325e-08
1427373001171820545,negative,0.07942936498851065
1427373002287681545,negative,0.005139655899107063
1427373003067756555,negative,0.00012792402187290035
1427373004338642944,negative,0.16157127117561174
1427373005034897417,negative,0.0645268445811606
1427373005655756804,negative,4.5744744972701874e-12
1427373006301630465,negative,2.4370184071249057e-06
1427373006817566720,negative,0.004210796312055414
1427373007568261121,negative,8.354789846133163e-06
1427373009128640524,negative,0.19203102561759994
1427373009245986823,negative,4.020897687527718e-05
1427373010135232512,negative,0.01629720434040125
1427373010584018944,negative,0.06692082588542778
1427373013725495302,negative,0.04531985500472402
1427373014157602817,negative,5.900326283176692e-05
1427373015726280706,negative,6.977509936181183e-05
1427373016783233026,positive,0.8480577332930375
1427373020201603076,negative,0.02644142183654108
1427373020629323782,negative,1.8693559601096704e-06
1427373021740818432,neutral,0.37290294708345045
1427373022395183104,negative,0.23479051043063884
1427373023041105924,negative,4.442526816972574e-07
1427373024504950792,negative,6.098050507464846e-07
1427373025029238786,negative,0.00043009652742211475
1427373026363027456,negative,0.002463209023216259
1427373026635653125,negative,0.014443921751384
1427373026652401671,negative,0.05730249881963182
1427373029600989191,negative,1.5670611599608045e-06
1427373030255349764,negative,0.000248359495041441
1427373032511836167,negative,0.0009553063442738658
1427373032713162763,neutral,0.6217260053131818
1427373032809578505,negative,0.014958352969714652
1427373035342860289,negative,0.06616611124193654
1427373036055957509,negative,0.2379576518697791
1427373036991401986,neutral,0.40009458467445147
1427373038077628421,negative,0.011002318036216367
1427373039503568899,negative,1.0867644393486908e-06
1427373039608532993,positive,0.8008815015805597
1427373040006955009,negative,0.00010192848988653052
1427373040648732676,negative,2.420425929811691e-05
1427373041630203905,negative,0.05529341515102302
1427373042511056899,neutral,0.34184640523860554
1427373043215650821,negative,0.12381824530108822
1427373043781881859,negative,0.0019485465480871755
1427373043811328001,negative,1.983922948020937e-09
1427373044364943362,negative,0.13825883125224475
1427373044406816773,negative,0.0002783154503061331
1427373045111529475,negative,0.0271772213890732
1427373048026603528,negative,0.003246934927400786
1427373048206970893,negative,0.07019238151249844
1427373048341147649,negative,6.998157175247325e-08
1427373048403988493,negative,0.026549585377058236
1427373049037344772,negative,0.04903004446259255
1427373049037348867,negative,0.18739543126695674
1427373049293193216,negative,1.1587499682256737e-06
1427373049301639175,neutral,0.49789225920557484
1427373049859411973,negative,0.0015687816798801294
1427373050660491264,neutral,0.4503137800182608
1427373050916265987,negative,0.001020905687087685
1427373051092611081,negative,0.01939165374723412
1427373052732579844,negative,3.4780900588811065e-06
1427373052950720513,negative,0.11659680085402672
1427373054250848259,neutral,0.3837162173843233
1427373055547002884,negative,0.10545286981511183
1427373055945453569,negative,0.10964564277093683
1427373056230674439,negative,0.00012792402187290035
1427373057249849349,negative,0.007663181039780105
1427373057350508548,negative,0.00029017426686667424
1427373057954488324,neutral,0.43795816681501476
1427373058445164555,negative,0.0045429555209116415
1427373059510620164,negative,6.849814285704095e-06
1427373060198436870,negative,0.06616611124193654
1427373061276307458,negative,0.11659680085402672
1427373061913907209,negative,0.16157127117561174
1427373063558123531,negative,2.1983816127269855e-08
1427373064115851272,negative,0.08810177176240944
1427373067672694788,negative,0.01338388768853371
1427373068461223942,negative,0.001989988672808346
1427373069014814741,negative,1.2821007814596687e-05
1427373069161672707,negative,0.05463893089360995
1427373072672305153,negative,0.00040627408974263393
1427373073116848130,negative,0.0035104885036339813
1427373073372700673,negative,0.0008920047304927495
1427373075251744777,negative,0.18739543126695674
1427373078502387720,negative,0.122698553593581
1427373078552748033,negative,0.00017569020463284996
1427373078569537546,negative,0.00012792402187290035
1427373082692435971,negative,0.15754580253428457
1427373082944016389,negative,0.001358403848919167
1427373086899310596,negative,0.0007220479439343782
1427373090363817987,negative,0.0753160102701093
1427373090410057732,negative,3.814581795007663e-05
1427373090464489477,negative,0.01521169672906435
1427373091580268545,negative,0.01521169672906435
1427373092037447691,negative,0.004033976081639782
1427373092049915904,negative,0.002508116547062297
1427373092578410498,negative,1.803134165692017e-12
1427373093765492744,neutral,0.49789225920557484
1427373093891235845,negative,0.010127939280774077
1427373095363522563,neutral,0.5305678527031858
1427373096667844613,negative,0.3151411786387415
1427373096734846976,negative,0.17177012320327298
1427373097418625037,negative,0.0035758019741188086
1427373097770962957,neutral,0.49789225920557484
1427373098135863297,negative,0.06386147862341596
1427373098295336961,negative,0.024373840966815764
1427373098463019008,negative,0.00012792402187290035
1427373098567933961,negative,0.05907351916744797
1427373098609922058,positive,0.9343671310991865
1427373100426055680,neutral,0.33282921149221445
1427373101143232512,neutral,0.33282921149221445
1427373101923381249,negative,0.29806173804629127
1427373101998870529,negative,0.16157127117561174
1427373104205115393,negative,0.06714859475820581
1427373104389558277,neutral,0.46127768308170247
1427373106763649034,negative,8.416802822525134e-11
1427373107694682122,negative,8.255545614274963e-05
1427373110408454154,neutral,0.40944595022028984
1427373110941175810,neutral,0.33282921149221445
1427373111490535434,negative,0.0024161460103550372
1427373111964471298,negative,2.4611114012081717e-06
1427373112367124485,neutral,0.46127768308170247
1427373112539193344,positive,0.8008815015805597
1427373116032913409,negative,6.207535359551259e-05
1427373118037843971,negative,0.004219081515727852
1427373120126701568,negative,8.826771390568837e-06
1427373120197996550,negative,0.00017439261938047805
1427373120340430849,positive,0.9910857989583947
1427373121401729030,positive,0.9369234194640491
1427373121858908164,negative,0.18739543126695674
1427373124463513605,neutral,0.5270811034952989
1427373126481031173,negative,0.0668913014859878
1427373127751852036,negative,0.004508120700994458
1427373127961612290,negative,0.13253024524492177
1427373128372604929,negative,0.010133490013850423
1427373129018617857,negative,0.02421916333862705
1427373129404502019,neutral,0.3648009634053891
1427373129660342276,negative,0.0009956572960896388
1427373129878409216,negative,8.255545614274963e-05
1427373130176245766,negative,0.036261973615734876
1427373131279310849,negative,0.0002743249785723395
1427373132252385284,negative,0.024304747579677006
1427373133632319491,negative,4.475984914574566e-07
1427373134395621380,negative,1.7539567840063618e-05
1427373135356211201,negative,3.658358841901568e-07
1427373136975126545,negative,3.658358841901568e-07
1427373137428193286,neutral,0.6023038806116621
1427373137579200525,negative,0.0003922083941098036
1427373137927213061,negative,0.00018710495465827458
1427373139319824389,neutral,0.48728019602140255
1427373139617632257,negative,0.00010394701460018396
1427373140078956552,positive,0.995632692519184
1427373140456448009,negative,0.00013359244834073742
1427373141882454029,positive,0.8026674085626778
1427373142754877443,negative,8.374169927773646e-06
1427373142897537028,negative,0.0036791114382249746
1427373143740411904,negative,0.13238879212642776
1427373144264871937,negative,3.7735637594227026e-05
1427373144868806659,negative,0.004229101000034595
1427373144998699008,negative,0.27164490549928016
1427373145565057026,neutral,0.5932249856381626
1427373146332667908,negative,0.000322129036408054
1427373147028967424,negative,0.014448632048801167
1427373147410550784,negative,0.004813139335665953
1427373147565740035,negative,0.0024858998716415456
1427373148706594817,neutral,0.5065833120085367
1427373149000175630,neutral,0.33282921149221445
1427373149272920065,negative,0.047656591594534975
1427373150308872205,negative,0.01939165374723412
1427373150443032580,negative,0.011039689309155103
1427373150535311367,negative,0.22410999834303638
1427373151751659522,negative,0.0024276382765667905
1427373153169330177,positive,0.9556678602133112
1427373153169387526,negative,0.26730886282100264
1427373156587745283,negative,4.764091110235672e-05
1427373157070016514,negative,0.024448487293284245
1427373157573402645,neutral,0.49789225920557484
1427373161084039180,negative,0.08848840628927852
1427373162187137032,neutral,0.33282921149221445
1427373162514235396,negative,3.4780900588811065e-06
1427373163575402499,negative,0.0006820337274430513
1427373164737224707,negative,0.051097251710634305
1427373165047697415,positive,0.9961041963958585
1427373165622222853,negative,0.0006129357417581822
1427373165819400194,negative,0.008233289841403792
1427373165886455811,negative,0.18739543126695674
1427373166981226497,negative,0.04871749361428506
1427373167731871762,positive,0.776911403023649
1427373167916556291,negative,0.0030075220818434156
1427373168503709702,negative,0.1399829326686015
1427373168793165831,negative,0.0457108416315352
1427373170739269634,negative,0.01916820084027119
1427373172043616267,negative,0.00010192848988653052
1427373174056960001,positive,0.7344049639932397
1427373175017463810,negative,0.0050946275503537
1427373177068470275,negative,0.00029082168054182133
1427373177290858500,negative,5.071110248148684e-06
1427373177412497412,negative,2.073213099952851e-09
1427373177676632064,negative,0.00011351842298202571
1427373178377195520,negative,0.0009528240570941547
1427373178574225408,negative,0.013028896264686788
1427373182932168704,negative,0.26645122094952073
1427373183850762241,negative,0.10171291742136483
1427373184542781445,negative,0.08192135097631595
1427373186644074503,negative,2.0498310033872763e-05
1427373186895826944,negative,0.15754580253428457
1427373188351070215,negative,0.2685471016150842
1427373189915627523,negative,0.0003922083941098036
1427373190595153921,negative,0.012978957191245803
1427373190658117635,negative,0.008291551049541502
1427373191626887170,negative,1.4922034878547097e-06
1427373191631151113,negative,0.0005842122001781725
1427373191811543044,negative,0.057971319001294416
1427373191832342535,negative,0.0037256694420454983
1427373192046333957,negative,0.259595488154903
1427373196530143241,negative,0.1456303510016621
1427373198094438409,negative,0.0007059961083986599
1427373198795026432,neutral,0.40944595022028984
1427373200804093959,negative,0.1404797203833992
1427373201835823108,negative,2.445158706266119e-05
1427373202146271232,negative,0.024304747579677006
1427373202993553416,negative,0.0003922083941098036
1427373203371044865,negative,6.147042488565753e-06
1427373204436307972,negative,0.13253024524492177
1427373206483214343,positive,0.6930254910079636
1427373206621589513,negative,0.11154443292387338
1427373208236343299,negative,0.16157127117561174
1427373208542527490,negative,0.06616611124193654
1427373208689430532,negative,0.020124445825425448
1427373210820124680,negative,0.02795240793331067
1427373212653035521,positive,0.8008815015805597
1427373213676343297,negative,0.013565813505903869
1427373215408611334,neutral,0.40944595022028984
1427373215886815235,negative,0.04944193418842664
1427373215945482241,negative,0.013940896574138559
1427373216121638913,negative,0.011165784120959919
1427373218583781381,negative,3.108208010872531e-05
1427373219347111940,negative,2.6280123166890453e-07
1427373219846098954,neutral,0.5636729065303732
1427373220294955019,negative,0.00010192848988653052
1427373220534030343,neutral,0.5557391441153394
1427373221062529027,neutral,0.49789225920557484
1427373221767270407,negative,0.006135805205869797
1427373221922451460,negative,0.0011837065746141144
1427373222442459138,negative,4.442526816972574e-07
1427373223348428801,negative,0.027314375086739034
1427373223558193156,negative,0.0020236787707944145
1427373226510983168,negative,0.22493346794813412
1427373229610569734,negative,0.015609109747442779
1427373230088761344,negative,0.0037446227998080136
1427373230285856772,negative,0.0016534045336087102
1427373231703482368,negative,0.001020905687087685
1427373233800626181,neutral,0.40944595022028984
1427373235650318345,negative,0.06616611124193654
1427373236493369351,negative,0.3151411786387415
1427373236845694986,negative,3.395178468627184e-05
1427373237294481410,negative,0.007626154721412872
1427373238041075713,negative,0.04301142002460114
1427373238263369738,negative,0.02132531400490394
1427373242004684808,negative,0.048146630838727306
1427373242977767426,negative,0.03471997657971015
1427373242990448641,negative,2.260010821399603e-08
1427373243460165638,negative,2.661404971092999e-05
1427373244038983684,negative,0.09269590813182042
1427373244752048135,neutral,0.49640957342475617
1427373246471720963,negative,0.24086290279979417
1427373246991773701,negative,0.19925990914146915
1427373248585641991,negative,0.00017439261938047805
1427373248870768647,neutral,0.33282921149221445
1427373250875731977,negative,4.442526816972574e-07
1427373251970445316,positive,0.6999619701349561
1427373252285018116,negative,1.2562599321939078e-09
1427373252737970178,negative,3.7735637594227026e-05
1427373254629543946,negative,0.15754580253428457
1427373256147972098,negative,3.6544097084308234e-08
1427373256999383044,negative,0.3026020257727356
1427373257099993093,negative,0.16157127117561174
1427373257120960514,negative,0.28478001234598227
1427373257255178242,negative,0.001904475383042406
1427373257536180228,negative,0.26946072723466363
1427373257829855239,negative,0.133383189104989
1427373257917861897,negative,3.7735637594227026e-05
1427373258052194307,negative,1.8082983711934291e-09
1427373259729735691,negative,0.02864250489452547
1427373259864039425,negative,1.3462252878504677e-07
1427373260061163537,negative,0.020313863702346554
1427373261369847808,positive,0.9361329931363962
1427373262158417924,positive,0.9628604276766076
1427373263261474817,negative,0.2848129882801992
1427373264188452870,negative,0.06714859475820581
1427373264746258435,negative,0.0001925767441783376
1427373264935006208,positive,0.6789216652729287
1427373266889580549,negative,0.0008287618243459576
1427373267535400965,negative,0.15754580253428457
1427373270643453956,negative,0.11253947587705226
1427373272132427779,negative,0.00017439261938047805
1427373272203677698,negative,0.00014655530744591913
1427373273730400261,negative,1.983922948020937e-09
1427373275458514944,positive,0.9343671310991865
1427373276112867331,negative,0.015025531264479502
1427373279472390155,negative,0.001288926416845048
1427373280437014530,negative,0.00205554202855538
1427373282781769742,neutral,0.4156734508342319
1427373283805118469,negative,2.1983816127269855e-08
1427373285256441860,positive,0.7383779132970208
1427373287760404498,positive,0.9266034090344558
1427373289127694341,neutral,0.34075176843878735
1427373291178627082,negative,0.07761883819248545
1427373291812134912,negative,0.0033282900778951303
1427373292298584068,negative,2.09688312146879e-07
1427373293225586691,neutral,0.49789225920557484
1427373296597839872,negative,0.0011463744777912724
1427373296652324870,negative,0.21418643604989376
1427373297340137476,negative,0.00013536839360251795
1427373298510348290,negative,0.030823485157768667
1427373299189813252,negative,0.0064839625231832365
1427373299273711617,negative,7.69604445754686e-05
1427373299420602373,negative,0.0007812602793993199
1427373299818979330,negative,0.004601112890697783
1427373299890278407,negative,0.16157127117561174
1427373300590731271,negative,8.255545614274963e-05
1427373303799365633,negative,0.2962505226415961
1427373304617349123,negative,2.3923426624876177e-06
1427373305095409673,positive,0.9266034090344558
1427373307410669568,neutral,0.5734576952979002
1427373307515609089,neutral,0.3538469667938102
1427373309637926914,negative,0.044453905064676356
1427373310476800007,negative,0.0002806006898126029
1427373310485176321,negative,0.036431018343305685
1427373311974166532,negative,0.15754580253428457
1427373312557072385,negative,0.18739543126695674
1427373312582295559,negative,0.09822856620310967
1427373314507517953,negative,0.004210796312055414
1427373315371503616,negative,0.0004928706134645771
1427373315665145879,negative,0.09425288292575612
1427373315698663434,negative,0.000684643530353339
1427373316357115906,negative,0.21921412548362115
1427373316478836745,negative,2.260010821399603e-08
1427373321792933890,negative,0.0036929158301754615
1427373323172945924,negative,0.001578657248540375
1427373324154417156,negative,0.0017433800026134913
1427373324171202572,negative,0.17683246237581293
1427373325060386817,negative,0.016574240924721602
1427373325693726725,negative,0.1947911742678152
1427373327010738176,negative,0.15754580253428457
1427373328197734401,negative,0.004558746749310946
1427373328453537799,negative,0.010246089831815493
1427373329904721934,negative,0.15317614134505575
1427373330512891906,neutral,0.3499352441185855
1427373330546442248,negative,0.07019238151249844
1427373330819059721,neutral,0.5442060184796753
1427373331788013568,negative,0.001020905687087685
1427373333721632773,negative,0.1409617162694171
1427373333868388352,negative,5.780879125697521e-05
1427373333943922697,negative,0.03716185392576945
1427373334031912964,negative,0.000248359495041441
1427373334451343360,negative,0.00017439261938047805
1427373334782697475,negative,0.02054688974069075
1427373335810351105,negative,0.08517110943905407
1427373338469470208,negative,0.0006532055523557571
1427373339690012682,negative,0.0006121591733241048
1427373342793912327,negative,0.31974190885087983
1427373343305609218,neutral,0.4047214283799102
1427373343833985029,negative,0.0035758019741188086
1427373343951491085,negative,0.055034883164017376
1427373345272696834,negative,0.0009528240570941547
1427373348389113860,negative,0.016352913026006693
1427373348405661697,positive,0.9934825035662223
1427373349362143235,negative,0.00039671884724596095
1427373349676765194,negative,0.11619088098358671
1427373351291469838,negative,0.004147940149791411
1427373352046444555,negative,0.04574357571664197
1427373353615101959,negative,0.1703498149872123
1427373353959051271,neutral,0.34715731564934116
1427373355070595072,negative,3.8216563660983337e-07
1427373355590721541,negative,0.0006242535085245104
1427373356244865038,negative,0.012710957885054722
1427373356693655552,negative,0.0009937195670136185
1427373356928671753,negative,0.12952029494121037
1427373358161661957,negative,0.10954888280717937
1427373358342197252,negative,0.14221514336639154
1427373361248841732,negative,0.008362751087789609
1427373361445982210,negative,0.31826184798558327
1427373362536321038,negative,0.01036799721410166
1427373363048091653,negative,2.260010821399603e-08
1427373363647946752,negative,0.0031050124261929476
1427373364411342849,negative,0.0271772213890732
1427373364855836674,neutral,0.49789225920557484
1427373365057175555,neutral,0.34184640523860554
1427373365631889413,negative,0.08192135097631595
1427373365937983494,negative,5.571922882041343e-08
1427373366021955588,neutral,0.4422701701627958
1427373366034538497,negative,0.07724245901417592
1427373366776901633,negative,0.0005767406516993037
1427373369196953609,neutral,0.49789225920557484
1427373370824347649,negative,0.030017895473863614
1427373372988657667,negative,0.0035758019741188086
1427373374934769668,neutral,0.48728019602140255
1427373374943211524,negative,0.012869189207536382
1427373375119364097,negative,0.022103890895316135
1427373375765241862,negative,5.497678260051404e-06
1427373375874387972,negative,0.00022688167124640767
1427373376130232320,positive,0.9253774657708359
1427373376767680512,negative,0.06616611124193654
1427373377061277703,negative,0.15439057040213422
1427373377224904705,negative,0.02644142183654108
1427373380496330776,negative,0.13613302347979894
1427373380500697091,negative,0.01939165374723412
1427373380806840323,neutral,0.5305678527031858
1427373385487683597,positive,0.9628838102869247
1427373386909560842,negative,1.2306092127735557e-06
1427373386959888389,negative,0.12994649264493563
1427373388008394752,negative,0.0737832039321696
1427373389686181899,negative,0.16157127117561174
1427373390273331200,negative,0.12944280751431483
1427373390852206602,negative,0.15754580253428457
1427373391460372484,negative,0.000248359495041441
1427373392437694465,negative,3.134666023108444e-09
1427373393121267720,negative,0.30942350916132183
1427373396233527300,negative,0.015520379313270586
1427373396485197835,negative,0.09946334104653876
1427373398376681473,negative,0.259595488154903
1427373398628442115,negative,0.0007359924699203487
1427373398678724610,negative,0.11884385717780604
1427373398741639170,negative,1.0040572772114269e-05
1427373399207288836,negative,0.3048255577032961
1427373400008298496,negative,0.00015790833467575562
1427373400205430787,negative,0.09580152231071778
1427373400507486208,positive,0.6789216652729287
1427373401614786566,neutral,0.49789225920557484
1427373403762221061,negative,0.00896456103400881
1427373404458422272,negative,0.023994072491635966
1427373404836057096,neutral,0.49789225920557484
1427373405578440716,negative,0.08468896690472505
1427373406022995978,positive,0.906095508502788
1427373406186573831,negative,0.014431668250150883
1427373408300371972,negative,0.00017479594641949008
1427373408317214722,negative,1.0040572772114269e-05
1427373408589910018,negative,0.0001841265935507291
1427373409772650498,negative,0.11164419211888614
1427373411635011584,negative,0.001020905687087685
1427373412066938888,neutral,0.6217260053131818
1427373412473704455,negative,0.0011837065746141144
1427373413518254083,negative,0.12994649264493563
1427373414222897152,negative,0.12146426141732296
1427373414952603650,negative,0.006297176326018954
1427373415414083585,neutral,0.33282921149221445
1427373415703453705,negative,0.0009960821629121598
1427373415833473026,negative,0.06714859475820581
1427373415896424449,negative,4.966729553435139e-06
1427373417548890119,negative,0.030017895473863614
1427373417645420547,negative,0.15754580253428457
1427373417699893258,negative,3.7735637594227026e-05
1427373417871941633,neutral,0.596189959617741
1427373418756902916,negative,6.97534764182248e-05
1427373419478372354,negative,0.15754580253428457
1427373420132642819,negative,0.12146426141732296
1427373420338196484,negative,0.1591796916673724
1427373422057828353,negative,0.23968595916401872
1427373423274123267,negative,0.15754580253428457
1427373424771584003,negative,0.01998672108333927
1427373425358688268,negative,0.014230068199572196
1427373426902290435,positive,0.8521682463558047
1427373427095048192,negative,0.08606252449031195
1427373428789624839,negative,0.0005842122001781725
1427373428949110789,negative,0.06616611124193654
1427373433093038095,negative,0.16907129642054802
1427373433638334467,negative,3.3900351708714326e-06
1427373434510745610,negative,0.004219081515727852
1427373435420819465,neutral,0.6076648438576642
1427373435634782208,negative,0.07608289656454867
1427373435840339969,negative,3.136543930502692e-05
1427373436398153732,neutral,0.33510827203032445
1427373437195014151,negative,0.0010225058995940335
1427373437622751240,negative,0.0008287618243459576
1427373437891325956,negative,2.661404971092999e-05
1427373438683975687,negative,0.037424745874031974
1427373438755393538,negative,3.845213767466539e-12
1427373439447441410,neutral,0.37899840162270665
1427373440579907585,negative,0.0005351335349799057
1427373440844054533,negative,0.02168143012423108
1427373440969891845,negative,3.1726156950242296e-10
1427373441573867520,negative,0.03627825010938769
1427373442219843589,negative,0.0036791114382249746
1427373443104886791,negative,0.00012792402187290035
1427373445248163842,negative,0.259595488154903
1427373445667512323,negative,0.012643872103187506
1427373447034834954,negative,0.011613334644043164
1427373448364494848,negative,0.004210796312055414
1427373449845035010,negative,0.006647086252552409
1427373450105167872,negative,0.00450305840028794
1427373450490941444,neutral,0.49789225920557484
1427373450994327553,negative,0.0015871384282772568
1427373451107577872,negative,0.00012792402187290035
1427373451619209228,negative,0.017522147888164197
1427373451715690496,neutral,0.5502961564715783
1427373453787664385,negative,0.16157127117561174
1427373458980282370,negative,0.006297176326018954
1427373459496132615,negative,0.08192135097631595
1427373460494471173,negative,0.000248359495041441
1427373463040368641,negative,7.945999964309032e-06
1427373463044505607,negative,0.048146630838727306
1427373463426248710,negative,0.09822856620310967
1427373463564603400,neutral,0.40944595022028984
1427373463573049347,negative,0.24617847132345658
1427373466408341506,negative,0.15754580253428457
1427373469143023617,negative,0.15754580253428457
1427373469713539075,negative,0.32828113315409957
1427373470216753152,negative,0.21869627399406738
1427373470338453504,negative,0.11370834519826567
1427373470497787912,negative,0.02168143012423108
1427373471554838532,negative,0.005230981163662083
1427373472607621124,negative,0.15864250477829148
1427373472833933316,negative,0.20043500547915166
1427373472871813120,negative,0.0001787964335599293
1427373473433804806,negative,1.7179058602772915e-07
1427373473467273216,negative,0.00010192848988653052
1427373474658537473,negative,0.015609109747442779
1427373474935418887,negative,3.108208010872531e-05
1427373475694530568,negative,0.14069161798413488
1427373475921072128,negative,5.56986374285323e-06
1427373476441169922,negative,0.00931847579110972
1427373478911651850,negative,0.0027457474196805054
1427373478966091782,negative,0.004147940149791411
1427373479175856133,negative,0.2075238553026899
1427373480039915521,neutral,0.3702364876451444
1427373480555724800,negative,0.05217269890806904
1427373481377898501,negative,0.09822856620310967
1427373482363469831,negative,4.32545690817162e-05
1427373482472611845,negative,0.03988812142188201
1427373482996912136,negative,1.2117024013912781e-10
1427373484108357635,positive,0.9021884894724067
1427373484775247879,negative,0.1947911742678152
1427373484884254722,negative,0.009133090363476199
1427373485303734277,negative,0.03217674109675803
1427373485681152001,negative,0.027519796296339657
1427373485815304196,negative,0.27164490549928016
1427373485995737089,neutral,0.33282921149221445
1427373487216369665,negative,0.036431018343305685
1427373487296032772,negative,2.0943447987564386e-06
1427373487493091342,negative,3.108208010872531e-05
1427373487631523843,negative,0.212372174040475
1427373488948629504,positive,0.9880318663178468
1427373489112113152,negative,0.0005426044176943962
1427373489388851204,positive,0.776911403023649
1427373489938440201,negative,4.432559748642139e-05
1427373490613673994,positive,0.9819403388240187
1427373492094242818,negative,8.836644265589822e-09
1427373493591715846,negative,0.00017439261938047805
1427373495617572865,neutral,0.43793379250797654
1427373495667802112,negative,0.00018092521883480644
1427373496720560137,negative,0.040728297809654805
1427373498213744648,negative,0.005163739773267583
1427373499665063943,negative,0.0036791114382249746
1427373501623721985,negative,6.980756980520892e-05
1427373502097723392,negative,0.002085097285790684
1427373502408056838,negative,0.21030270724931877
1427373502458470400,positive,0.7518427735407023
1427373503167275012,negative,0.18739543126695674
1427373503267868675,negative,0.0021197526345826624
1427373503980920841,negative,0.02691236550723552
1427373505381912576,negative,0.04574357571664197
1427373506170396674,negative,1.293744210209043e-06
1427373506753351685,negative,0.00012792402187290035
1427373507231588356,negative,0.029996922593010386
1427373507520958467,negative,0.05217269890806904
1427373507676196868,negative,8.682000833544187e-06
1427373508313718789,negative,6.883749070604156e-05
1427373508393381890,neutral,0.48968107641114417
1427373509639016454,negative,0.00012792402187290035
1427373510398291979,neutral,0.3437449336769491
1427373513145454596,negative,1.0040572772114269e-05
1427373513690652672,negative,0.3023776611069781
1427373515263590400,negative,0.0007812602793993199
1427373515926278152,negative,0.18739543126695674
1427373517989892097,neutral,0.6156807333871379
1427373518203887618,negative,0.00015790833467575562
1427373518631624704,negative,0.15754580253428457
1427373518652678146,negative,0.0332298163671907
1427373519122358276,negative,0.0025713626803863824
1427373519772454915,neutral,0.3437449336769491
1427373520997294082,negative,0.052521903826254594
1427373521458679812,negative,0.15754580253428457
1427373521827766273,negative,0.008815799309340452
1427373522427469828,negative,0.06714859475820581
1427373523698339844,neutral,0.3850748772223694
1427373523874504705,neutral,0.5992872992298559
1427373524969267205,neutral,0.33282921149221445
1427373526378590208,negative,2.8365929743647506e-05
1427373527129264133,negative,0.0005842122001781725
1427373528282714124,negative,0.21030270724931877
1427373529318584320,negative,0.0001569089924359024
1427373529725603852,negative,0.028640838580306655
1427373530249838599,negative,2.1983816127269855e-08
1427373532187607040,negative,0.026925033591193404
1427373533018136577,neutral,0.5607213480795171
1427373534695800834,negative,2.3734355367969568e-08
1427373535241121794,negative,0.004147940149791411
1427373535312420868,positive,0.7824560527275625
1427373536000233474,negative,0.002508116547062297
1427373536226729988,positive,0.8008815015805597
1427373536562274313,negative,0.013651534343453555
1427373538592313357,negative,0.014973287044264153
1427373539225702410,negative,0.005452082812118856
1427373539993210888,negative,0.011002318036216367
1427373540421013513,negative,0.0021393448864747725
1427373541738094602,neutral,0.49789225920557484
1427373541817683968,negative,8.255545614274963e-05
1427373542249750533,negative,2.121224911922876e-06
1427373542941790209,negative,0.019368384788135375
1427373544061743109,negative,0.26234139773295667
1427373545471029252,negative,0.07553829652334004
1427373547073179660,negative,0.2921017924171615
1427373547220045827,negative,8.892742911925148e-07
1427373547714920451,neutral,0.48728019602140255
1427373547773698054,negative,3.6838773318706714e-05
1427373547949805571,negative,0.15754580253428457
1427373548008525840,negative,0.22270412241295356
1427373550172876806,neutral,0.5226275047789177
1427373551686987778,neutral,0.4647221591246786
1427373552001499139,negative,0.00012726106384956774
1427373553125666825,negative,0.018490875919478015
1427373554685911042,negative,8.115766972352038e-05
1427373557034721281,negative,0.02012765145898139
1427373559886843905,negative,0.009877271694697732
1427373563019943937,positive,0.9343671310991865
1427373563305242626,neutral,0.48728019602140255
1427373563452039169,negative,9.114547166254861e-09
1427373564009779205,negative,0.05819030626454108
1427373564605476873,negative,0.0024928196120666104
1427373566752874505,negative,0.007839435777187596
1427373567155572737,negative,0.0005842122001781725
1427373567688286216,negative,0.04574357571664197
1427373569722523660,neutral,0.3795835261238298
1427373570167091201,negative,0.1115199923766254
1427373570653573121,negative,5.420452168671918e-06
1427373571769176072,negative,0.00010192848988653052
1427373572188692488,negative,0.02792673771566259
1427373572654309378,neutral,0.5978743861407889
1427373574101274626,negative,0.000248359495041441
1427373574524899330,negative,0.000248359495041441
1427373574592020494,negative,0.006297176326018954
1427373574634065920,negative,0.05260674226956535
1427373578622750726,negative,0.00011170968803803628
1427373580258529284,neutral,0.59267290849954
1427373581865033734,negative,2.420425929811691e-05
1427373583404355585,negative,0.2687959099767553
1427373583769260034,negative,0.138930594012071
1427373584234819590,negative,0.31968484366951
1427373584851210245,negative,0.004521060153543765
1427373585203597315,negative,0.259595488154903
1427373586801729542,negative,0.17215720912892024
1427373587577585669,negative,0.01886561161460737
1427373588672307201,negative,0.0008310634954803494
1427373589649559553,positive,0.9523127977155234
1427373590090031104,negative,0.011572232976209731
1427373590471659521,negative,0.00012142386246543073
1427373590731763712,negative,0.0032218511480241645
1427373590748467209,negative,0.000248359495041441
1427373590996045833,positive,0.8491591906861192
1427373591000190983,positive,0.9986860963133558
1427373594603147270,negative,0.04944193418842664
1427373595702013952,negative,0.31974190885087983
1427373597568479242,positive,0.7872418484315731
1427373600013623296,negative,0.16653608139075893
1427373600114413568,negative,0.0001858670068019879
1427373601729167362,negative,0.07222481063552842
1427373601762721801,negative,0.00435933148334441
1427373602156986368,positive,0.802383083836603
1427373602769342470,negative,0.10596441773359634
1427373603226628112,negative,1.913340907309268e-06
1427373604627353615,negative,0.005325427739699712
1427373605348839424,negative,1.3653394823073452e-06
1427373605650935814,negative,0.00036822960599163407
1427373606917582856,negative,0.15754580253428457
1427373609266331658,negative,2.4607136273801814e-09
1427373609790681100,negative,0.015609109747442779
1427373610453323776,negative,0.21898143339006437
1427373610767982598,negative,0.0800346427184915
1427373611451572226,negative,0.06714859475820581
1427373611476824067,negative,0.11370834519826567
1427373612315643911,negative,0.001720189609022609
1427373613309693954,negative,2.3923426624876177e-06
1427373613779406860,negative,0.004210796312055414
1427373613942968323,negative,0.055034883164017376
1427373614081482752,negative,0.006992521737203475
1427373615901773826,negative,5.56986374285323e-06
1427373616841338880,negative,0.0021197526345826624
1427373616858009606,negative,0.016574240924721602
1427373617747304450,negative,8.836644265589822e-09
1427373620817498114,negative,0.11659680085402672
1427373621324943365,negative,6.479034736828355e-05
1427373623086620674,negative,0.00012792402187290035
1427373623447330816,negative,0.15754580253428457
1427373624479076360,negative,0.15754580253428457
1427373625284386819,negative,0.00012792402187290035
1427373625716494338,negative,0.14487648751475343
1427373626941128707,negative,0.011772453611050771
1427373627792494598,negative,2.6952182988839985e-05
1427373628417581067,neutral,0.5136446707795853
1427373631101886471,negative,4.966729553435139e-06
1427373632167284737,negative,0.25366359999702986
1427373632305696776,negative,0.284029033721382
1427373632481812486,negative,0.3029968537174699
1427373633677234184,negative,6.998157175247325e-08
1427373634868416522,positive,0.9002708070030431
1427373634998439941,negative,0.0035920921786417857
1427373636126654468,negative,0.11176772762326523
1427373637347250185,negative,0.11176772762326523
1427373638391668736,negative,0.00012962251983347368
1427373639465414667,negative,0.16157127117561174
1427373639578570754,positive,0.9343671310991865
1427373639670841344,negative,0.007175463166195581
1427373641201856513,negative,0.1557545385666459
1427373641281544193,negative,0.010546930726033743
1427373643177340928,negative,0.15754580253428457
1427373643219222533,positive,0.9633894245446962
1427373644167192588,negative,0.037194548783398104
1427373644502667270,negative,0.15754580253428457
1427373644880220166,negative,7.484566436305723e-06
1427373645068910601,neutral,0.6167616748233712
1427373645509316608,negative,0.0036791114382249746
1427373646058819588,negative,0.07487789490759618
1427373648579645446,negative,0.0012589650794239556
1427373649351397381,positive,0.6789216652729287
1427373649674358788,negative,0.03255283885421532
1427373651213565960,negative,0.07724245901417592
1427373651515609092,negative,2.6819502962750196e-05
1427373651846959106,negative,2.1983816127269855e-08
1427373652748783623,negative,0.0009791269537927842
1427373653377835013,negative,0.11013253626173018
1427373654204104710,negative,0.00024437180037295336
1427373654460018688,negative,0.259595488154903
1427373654522925056,negative,0.0005842122001781725
1427373655206465559,negative,0.0012014841783171588
1427373655772876801,negative,0.25143058873060375
1427373657484152832,negative,0.0271772213890732
1427373658541072385,negative,0.21030270724931877
1427373659493044225,negative,0.010246089831815493
1427373660482965507,negative,0.011292127601672709
1427373661087014912,negative,0.2565909075019478
1427373661607112706,negative,8.255545614274963e-05
1427373661846188034,negative,0.003055750527238952
1427373663863586820,negative,0.0015564757776315053
1427373664090087434,negative,3.4780900588811065e-06
1427373665176326153,negative,0.020739236993217888
1427373667445530629,positive,0.7039216430524671
1427373667466547204,positive,0.6973040239607897
1427373667600764929,negative,5.865946959809832e-13
1427373668024336386,positive,0.9343671310991865
1427373668942876674,positive,0.7323534420518593
1427373669207191563,negative,0.05172113249906315
1427373669689483266,negative,1.1896342702098335e-05
1427373669962092545,negative,0.00010192848988653052
1427373670255796228,negative,0.0010449416575109831
1427373670448631823,negative,0.1540790336358285
1427373671262343180,negative,0.18051753148940777
1427373671476236309,negative,0.0009528240570941547
1427373672420028416,negative,0.003645360689883549
1427373673531510793,negative,2.904163963770894e-05
1427373673552490504,negative,0.030777955632592717
1427373673925722117,neutral,0.5136446707795853
1427373674030579717,neutral,0.596189959617741
1427373676823986177,negative,0.10964564277093683
1427373677260197892,negative,0.03255283885421532
1427373677637783552,negative,0.06616611124193654
1427373678396952579,neutral,0.44311542963600714
1427373678698934281,negative,0.00028780624935906366
1427373678841548804,negative,0.031663219589489436
1427373679948836866,negative,1.957191543118772e-10
1427373680905031682,negative,0.06144994217194745
1427373681379094529,negative,0.001203337615408238
1427373681681080322,negative,2.1418871943586836e-07
1427373682385727498,negative,0.006428353079549052
1427373683887284237,negative,0.04574357571664197
1427373685128765445,negative,0.00557665123261287
1427373685334323202,positive,0.9343671310991865
1427373685476888578,negative,0.32882151186056724
1427373685569167368,negative,0.06616611124193654
1427373686831583235,negative,0.001904475383042406
1427373686932353027,negative,0.21030270724931877
1427373687678799872,negative,0.22691830310848232
1427373687880159243,negative,0.27915716487185155
1427373688647786501,positive,0.6815898855241502
1427373689197240325,negative,0.00023879605106835955
1427373691818610695,positive,0.8525803897871856
1427373692560973826,negative,0.006837733046778454
1427373692997226499,negative,0.05217269890806904
1427373694020636674,negative,0.15754580253428457
1427373695581007889,negative,0.11219237260484181
1427373696231120897,negative,0.11370834519826567
1427373698189758466,negative,0.21030270724931877
1427373698558930946,negative,0.13348108905936368
1427373701314580483,negative,0.05186802412526115
1427373701582839809,neutral,0.49789225920557484
1427373702241562632,neutral,0.3762321017163036
1427373702455365635,positive,0.9223017347332434
1427373702942007299,negative,0.11697549125517016
1427373703004831750,negative,0.0008779450805202075
1427373703914983432,negative,0.006297176326018954
1427373704619626508,negative,0.015609109747442779
1427373704728612872,negative,5.56986374285323e-06
1427373704888164352,negative,0.2443341640611756
1427373706532343819,negative,0.06587144503077128
1427373710911188994,negative,0.00012792402187290035
1427373712114868225,negative,0.07019238151249844
1427373712156860418,negative,0.22493346794813412
1427373713218064384,negative,2.420425929811691e-05
1427373713893244929,negative,2.661404971092999e-05
1427373714002350081,negative,1.4922034878547097e-06
1427373714652401665,negative,0.05119888135425914
1427373714774056960,negative,0.008253499863298893
1427373714933436417,negative,0.007033306093282823
1427373714988015620,negative,4.255062185891954e-10
1427373715097018369,neutral,0.34075176843878735
1427373715482894344,positive,0.9343671310991865
1427373717089398791,negative,0.01069155669606909
1427373717533958147,neutral,0.5136446707795853
1427373717915582470,negative,8.255545614274963e-05
1427373719303954440,negative,0.0027284210954142086
1427373720260300801,negative,2.1983816127269855e-08
1427373720797159427,negative,5.0688419719650027e-05
1427373721195585550,neutral,0.6000938495467113
1427373721480835078,positive,0.9266034090344558
1427373724227997697,negative,6.207535359551259e-05
1427373724324466691,positive,0.8074819102728718
1427373725918302209,negative,0.09631957284318453
1427373726165766145,negative,1.0836151309875243e-06
1427373726664900616,negative,0.12468739547779328
1427373726748786688,negative,0.0015687816798801294
1427373727864459266,negative,0.033474862267365436
1427373728883675148,negative,7.236674375847786e-08
1427373728900452355,negative,0.0027457474196805054
1427373730007814151,negative,0.00214164434803754
1427373730565697539,negative,0.01939165374723412
1427373731215777800,negative,0.06714859475820581
1427373731437940745,negative,5.11768558609136e-05
1427373732293660678,negative,0.1034548899631863
1427373732755087360,negative,0.0012682080175216346
1427373733526835201,negative,0.15754580253428457
1427373734395092994,negative,0.048142753368639095
1427373734680276993,negative,2.429793036395971e-05
1427373735376474115,neutral,0.37215201764660344
1427373735598690316,negative,0.17205711122441514
1427373735955283973,negative,2.260010821399603e-08
1427373736567656450,positive,0.9343671310991865
1427373736618078209,negative,0.15864250477829148
1427373736790003714,negative,0.0036791114382249746
1427373737268101124,negative,9.793847422858915e-06
1427373737784102920,negative,0.01521169672906435
1427373742083223557,negative,0.09367661894297581
1427373743274348544,negative,0.01916820084027119
1427373743907745795,negative,1.1488603405248331e-05
1427373744373309447,negative,0.006680905583044323
1427373744406900741,negative,0.04944193418842664
1427373745287712774,negative,3.887979968560052e-05
1427373747615551491,negative,0.004704271095703264
1427373748693393415,negative,1.3462252878504677e-07
1427373751168024578,negative,0.22270412241295356
1427373751872655360,negative,0.01710357497222119
1427373751902130179,negative,0.011165784120959919
1427373751943970820,negative,3.444062597111283e-05
1427373752908750853,positive,0.6800196072792367
1427373754032795653,negative,0.05775532181938022
1427373755345653769,negative,0.00012792402187290035
1427373757841162243,negative,0.004696702096539183
1427373758356983821,positive,0.9223017347332434
1427373758814302213,negative,2.260010821399603e-08
1427373760596824068,negative,0.1378917978871707
1427373761259520003,negative,0.0035758019741188086
1427373761880264707,negative,2.260010821399603e-08
1427373762433851393,negative,1.5771185850370014e-05
1427373762522099717,neutral,0.5737624748406307
1427373762605813769,negative,0.0007404188598542108
1427373763050491904,negative,5.044898333293617e-05
1427373763100921859,neutral,0.3837162173843233
1427373763872571392,negative,0.008519427058956218
1427373764203982849,negative,0.0007812602793993199
1427373764325617674,negative,3.4643806995089825e-07
1427373766192074753,negative,0.0271772213890732
1427373767051915264,negative,0.018623725259525787
1427373769211920393,neutral,0.47549564538383204
1427373769279086597,negative,0.019587131909008276
1427373769329418245,positive,0.7103682325117447
1427373769409146886,negative,0.0001942122949101506
1427373769698553857,negative,2.420425929811691e-05
1427373770084323329,positive,0.9343671310991865
1427373770956840968,negative,0.16157127117561174
1427373771619504130,negative,0.0271772213890732
1427373771778838537,negative,0.22270412241295356
1427373772122861580,negative,0.11176772762326523
1427373775205568515,negative,0.1381409785300404
1427373775343996932,neutral,0.49789225920557484
1427373778879795200,positive,0.8008815015805597
1427373779412467717,negative,0.000631753754331179
1427373780645654528,negative,0.006297176326018954
1427373781291524098,negative,0.008815799309340452
1427373782042296322,negative,0.06714859475820581
1427373782868627459,negative,0.21869627399406738
1427373783321567237,negative,0.004147940149791411
1427373785750061068,negative,0.011772453611050771
1427373786094047236,positive,0.8509295076556792
1427373786400280576,positive,0.9559917075151311
1427373787499188225,negative,0.08192135097631595
1427373790237970432,negative,2.0798759426195944e-06
1427373792117014541,neutral,0.42561525406473
1427373792196694022,negative,0.0008139711227580392
1427373792846823426,negative,0.08192135097631595
1427373796458209288,negative,0.030462341841469374
1427373796676280327,negative,0.00036822960599163407
1427373798756605958,positive,0.7263454024938072
1427373798773297168,neutral,0.3697674097288342
1427373799922704387,neutral,0.5228754802849384
1427373802963472387,negative,0.12392530509904268
1427373804561514498,negative,0.21869627399406738
1427373806172184580,negative,0.0035600553286572164
1427373806591561729,neutral,0.48029556905203336
1427373806851657728,negative,0.2565909075019478
1427373806910377986,negative,0.035303585828105
1427373806994300929,neutral,0.6008150071097696
1427373807447203846,negative,0.002508116547062297
1427373807757664262,negative,0.04848872346304992
1427373809896759304,negative,0.044808674249335934
1427373813386420236,negative,6.895421904255999e-06
1427373814636240898,neutral,0.59267290849954
1427373815722610688,neutral,0.5136446707795853
1427373816020340743,negative,0.026084522412147124
1427373816024600599,negative,0.23917083094824998
1427373818394390537,negative,0.006496586353822794
1427373818486591488,negative,8.426211964955225e-09
1427373819828883457,negative,6.998157175247325e-08
1427373820755775489,positive,0.8008815015805597
1427373822575972361,negative,0.17725684168694986
1427373824224501774,negative,0.1034548899631863
1427373825319227398,negative,4.998681506671022e-06
1427373825700794376,negative,0.08118656824133574
1427373825767968774,negative,0.004210796312055414
1427373826791313422,negative,3.0930936934139035e-05
1427373828045516803,negative,1.0427403532672265e-05
1427373829173694473,negative,0.2848129882801992
1427373830675259392,negative,0.011292127601672709
1427373832222953480,negative,0.1497273287153046
1427373832617136144,neutral,0.48728019602140255
1427373833892270086,negative,0.09076139336984151
1427373834068443136,negative,0.1381409785300404
1427373834563379200,neutral,0.33282921149221445
1427373836354433025,negative,0.003246204907532431
1427373838166286341,negative,0.00025470830869229604
1427373838401253380,negative,1.4922034878547097e-06
1427373839223246856,negative,0.22270412241295356
1427373839705591812,negative,0.001973086084374778
1427373839735050245,negative,0.00010192848988653052
1427373839814639616,negative,0.0008779450805202075
1427373840552845312,negative,0.06220161833435593
1427373843627270149,negative,0.06714859475820581
1427373844738854913,neutral,0.438658726745286
1427373844860489728,negative,0.0026469175471586287
1427373845170823170,negative,0.00046390855501898543
1427373845237932032,positive,0.9989093328264274
1427373845560897536,neutral,0.49114048206328076
1427373845606977544,negative,1.1253148838573692e-10
1427373847536361475,negative,1.4211100605187807e-05
1427373847582580736,negative,0.15754580253428457
1427373848425549828,positive,0.8480577332930375
1427373848551428104,neutral,0.3313717016118284
1427373850342346756,negative,0.03808791153906982
1427373850547920900,negative,2.3715383126522305e-09
1427373853278343168,negative,0.06548472076896789
1427373853353906179,positive,0.9045303878743749
1427373854146666502,negative,0.00025650320032732867
1427373855975354368,negative,0.0005842122001781725
1427373856029921290,negative,1.4922034878547097e-06
1427373856520474630,negative,3.574856192945819e-05
1427373857774702592,negative,3.750363551937733e-05
1427373857887956995,negative,0.31974190885087983
1427373857934032903,negative,0.0027457474196805054
1427373858936573954,negative,0.005901333140537366
1427373859318140934,negative,0.06692082588542778
1427373860043755524,negative,0.036431018343305685
1427373860270321666,negative,0.06714859475820581
1427373860689678348,negative,5.071110248148684e-06
1427373860928856074,negative,0.10964564277093683
1427373861943795720,negative,1.1675366323769745e-05
1427373862610743298,negative,3.108208010872531e-05
1427373863374147587,negative,1.566965720061051e-07
1427373865034977281,neutral,0.4460140098150059
1427373865102020618,negative,0.10003121431823739
1427373865588625411,negative,0.06616611124193654
1427373866373074948,negative,0.0006438645358680138
1427373866742132739,negative,0.09749915278724053
1427373866993782787,negative,0.011292127601672709
1427373867903815696,negative,0.29006344994139316
1427373869111910404,negative,5.017446903946652e-08
1427373870122774528,negative,0.0916381702720079
1427373870277963776,negative,0.00012792402187290035
1427373871020355592,negative,0.000248359495041441
1427373871091568642,negative,0.0003631247928995983
1427373871313850376,negative,0.08192135097631595
1427373872244998144,positive,0.8562739978424369
1427373873637560328,negative,0.17418758724774816
1427373873717202948,negative,0.0007861946543554634
1427373873746563072,negative,0.21030270724931877
1427373873859809284,negative,0.06714859475820581
1427373874929352706,negative,0.31974190885087983
1427373875105615875,negative,6.751295485569001e-13
1427373875571171331,negative,0.07975716555738613
1427373875617206273,negative,0.01895425235489348
1427373875797561351,negative,0.18739543126695674
1427373877341077504,positive,0.8669378284403858
1427373877898924032,negative,0.0036791114382249746
1427373877915799560,negative,0.017000031893005467
1427373878528159744,neutral,0.6167616748233712
1427373878767202309,negative,0.0034500573130101094
1427373878947483649,negative,6.998157175247325e-08
1427373879287324677,neutral,0.49789225920557484
1427373879471841293,negative,0.06587144503077128
1427373879937355777,negative,0.0001516488572306185
1427373880465756171,negative,3.262099447585443e-06
1427373880960823299,positive,0.8008815015805597
1427373881078206465,negative,0.0006080865043248299
1427373882655264772,neutral,0.49789225920557484
1427373883787710474,neutral,0.4434395497950739
1427373884358135817,negative,0.00017439261938047805
1427373884467187712,negative,0.16157127117561174
1427373885054410752,negative,6.387934476654624e-06
1427373885083684869,negative,0.011789347677832986
1427373885486419973,negative,0.009133090363476199
1427373886803431424,negative,0.30530668264992983
1427373887042605072,negative,0.0001942122949101506
1427373887164231685,neutral,0.5136446707795853
1427373887948476416,negative,5.649395328752285e-07
1427373888174952457,negative,1.1254874559907004e-08
1427373888325967876,neutral,0.3608180240085148
1427373888418238469,neutral,0.35351945810694413
1427373889802235904,negative,0.014392689159340154
1427373890800599041,negative,3.7586987321938355e-07
1427373891920539655,negative,0.1536642393100508
1427373894172913668,negative,3.8543756249144744e-07
1427373894592258055,negative,0.002463209023216259
1427373896056156166,negative,0.0016282007344049435
1427373896907509760,negative,0.011165784120959919
1427373898354630658,negative,0.048146630838727306
1427373899579334661,negative,0.1967810154050221
1427373900611166210,neutral,0.5532816099461351
1427373900715933705,negative,0.2848129882801992
1427373901382881280,negative,8.255545614274963e-05
1427373902917943297,negative,0.08223854681917347
1427373904151056386,negative,0.001020905687087685
1427373904327319554,positive,0.8026674085626778
1427373905589805057,negative,3.4780900588811065e-06
1427373906206265349,negative,1.4694979046030994e-05
1427373906420187136,negative,0.06616611124193654
1427373908446023680,negative,0.2028855251151083
1427373908773195779,negative,0.08223854681917347
1427373910614499336,negative,1.8410077391528666e-05
1427373910891319297,negative,0.038814610238183375
1427373911268864009,negative,2.0271840631208698e-07
1427373912288075779,negative,0.024271071140394253
1427373912560648196,negative,0.009928355723111976
1427373914485936130,negative,0.05738731705847255
1427373915513540609,negative,0.06616611124193654
1427373916562116616,negative,0.01886561161460737
1427373916641710082,neutral,0.33282921149221445
1427373916788596740,negative,1.435841298791737e-06
1427373919636492297,negative,2.445158706266119e-05
1427373920475353092,negative,0.000248359495041441
1427373920496324610,negative,0.15754580253428457
1427373920815026181,neutral,0.33282921149221445
1427373922086006799,negative,6.998157175247325e-08
1427373922715062273,negative,0.04574357571664197
1427373924531195916,negative,2.1983816127269855e-08
1427373924946489364,negative,0.00012792402187290035
1427373925579771907,negative,9.0299462582414e-05
1427373926460579845,negative,1.0799755478911954e-05
1427373926464688148,negative,0.011956729265791995
1427373926909464584,negative,0.1497273287153046
1427373927131660290,neutral,0.34075176843878735
1427373927840600080,negative,0.003218599426608914
1427373927974772737,negative,0.06616611124193654
1427373928339619840,positive,0.9422054046604621
1427373928478093313,negative,3.0467491504842825e-08
1427373929312788482,negative,0.0010514020841714416
1427373929602113540,negative,0.0036791114382249746
1427373930562605061,negative,0.015609109747442779
1427373931053342727,negative,0.013174498488159726
1427373931581825028,negative,7.149232194591842e-06
1427373931787325444,negative,0.01521169672906435
1427373933582499848,negative,0.15754580253428457
1427373933997838336,negative,3.023215314111882e-05
1427373934278844416,negative,0.32745899271635237
1427373934492717059,negative,0.05927168502937714
1427373936946319361,neutral,0.4813419799252426
1427373939517497352,negative,0.15754580253428457
1427373939857268738,negative,3.0003972579106715e-05
1427373940012290051,negative,0.0002533102388724215
1427373940297584644,neutral,0.6403412094861282
1427373941010599944,positive,0.802383083836603
1427373942235451392,negative,0.004210796312055414
1427373943263014920,negative,0.00012792402187290035
1427373943825051653,negative,6.073704849086448e-05
1427373944118579205,positive,0.7344049639932397
1427373944659746819,negative,2.802590824555851e-06
1427373944672333827,negative,0.20030180422105262
1427373944923992071,negative,0.06714859475820581
1427373945309876227,negative,0.06714859475820581
1427373945397956619,negative,0.15754580253428457
1427373946853330956,negative,0.007655867174728995
1427373947142672384,negative,0.0026427309204554348
1427373947578986504,negative,0.0035758019741188086
1427373949160153091,negative,0.0015766014834893431
1427373949629911055,negative,5.919983573578357e-08
1427373949697073152,positive,0.8008815015805597
1427373949739012106,negative,0.06006229460297461
1427373954344304640,negative,0.05217269890806904
1427373957422931972,negative,0.00016209154104693333
1427373957817188352,negative,7.774087523418626e-05
1427373957934632963,negative,0.2813033117294281
1427373958005919747,negative,0.00012503148781259468
1427373958437949440,negative,4.0010469488706124e-11
1427373959893315586,positive,0.9021884894724067
1427373960044244992,negative,0.012933476461024074
1427373960245792774,negative,0.0005571310225089991
1427373961009057795,negative,0.006680905583044323
1427373962972045320,negative,2.260010821399603e-08
1427373965094313984,negative,0.0019485465480871755
1427373967128547332,neutral,0.5032394030908918
1427373967489347589,negative,0.030462341841469374
1427373967527002117,negative,0.000248359495041441
1427373967912939536,positive,0.8480284973608129
1427373968600666112,neutral,0.5136446707795853
1427373969389375491,negative,0.0001683709528609512
1427373969456476160,negative,0.006054491951360556
1427373969812992002,negative,0.0024910052110814897
1427373970236612610,negative,0.0005842122001781725
1427373973986234375,negative,0.002318196464209166
1427373975840174080,negative,0.0271772213890732
1427373979527000068,negative,0.052795765401257494
1427373980030283788,positive,0.6789216652729287
1427373980109975554,negative,0.05685066072388585
1427373982353956864,negative,0.010032827670986184
1427373982907523084,negative,0.000248359495041441
1427373983016448000,negative,0.2732655221686684
1427373983385718791,negative,5.7197560248114e-06
1427373984186830856,negative,0.2685471016150842
1427373984472043528,negative,0.000248359495041441
1427373986191745028,negative,0.09451373960101993
1427373988381003782,negative,1.5042814615172575e-05
1427373988725022722,negative,0.0008786280027188935
1427373988922204161,negative,0.00016472109926307128
1427373989769449483,negative,0.16615544337390512
1427373989970776071,negative,8.826771390568837e-06
1427373990046322698,negative,0.07302412072975543
1427373991937945603,negative,0.011176170622398738
1427373993372307461,negative,0.00023422948811224116
1427373993783349254,negative,5.044898333293617e-05
1427373994957803521,negative,0.09030785887922384
1427373997205999619,negative,0.0008287618243459576
1427373997260427265,negative,5.56986374285323e-06
1427373998598463489,negative,6.617488858992483e-05
1427373999303036930,positive,0.8008815015805597
1427373999886147585,negative,0.17206960881599376
1427374000997601283,negative,0.05149664427739988
1427374001576419333,negative,0.008481887423083293
1427374002889187332,negative,0.006297176326018954
1427374004956893192,negative,0.004732706204545481
1427374005405863943,negative,3.038499374085945e-06
1427374006462726150,negative,2.260010821399603e-08
1427374009566568456,negative,0.06616611124193654
1427374010044649476,negative,2.260010821399603e-08
1427374011852496902,negative,4.5884872760550045e-05
1427374012846456844,negative,0.0005497810125303856
1427374014620647428,negative,3.866447938037329e-06
1427374014952058882,negative,6.16429093767775e-05
1427374015488958481,negative,0.036580719946850124
1427374016269111299,negative,0.012576078215042112
1427374016302551042,negative,2.260010821399603e-08
1427374018261360640,negative,0.008430779428713635
1427374018638778368,negative,0.002463209023216259
1427374019527991296,negative,0.020739236993217888
1427374021130264576,negative,0.1404797203833992
1427374022791204864,neutral,0.33282921149221445
1427374024045338629,negative,0.15754580253428457
1427374025634877440,negative,0.01939165374723412
1427374026574508034,negative,1.5307040255931366e-06
1427374028126228494,negative,0.0053983671093580255
1427374028491268096,negative,0.15754580253428457
1427374029699158018,negative,6.980756980520892e-05
1427374031284674565,negative,0.0009323235777441858
1427374031339237379,negative,0.007525169484565994
1427374032375230475,negative,2.565657756830047e-05
1427374035462234114,negative,0.000248359495041441
1427374035730669574,negative,0.016588993937500622
1427374036443615232,negative,0.04574357571664197
1427374037274177538,negative,0.00012792402187290035
1427374039241314306,negative,0.212372174040475
1427374039442591751,negative,0.018305099489767634
1427374040101048321,negative,0.00427728533686886
1427374040931573766,negative,0.007525169484565994
1427374041309097988,negative,2.3595719432011835e-09
1427374041401331718,negative,2.9882716577732664e-06
1427374042282135558,negative,0.03156820079324485
1427374046044463113,negative,0.0005524258166941923
1427374047571202050,negative,2.420425929811691e-05
1427374048648990720,negative,0.003243724898498667
1427374048888201231,negative,0.011165784120959919
1427374049135632384,neutral,0.34976192372464465
1427374049349492741,neutral,0.49789225920557484
1427374049500479497,negative,0.004229101000034595
1427374052491079683,neutral,0.3359052738377203
1427374052788813827,negative,0.00017439261938047805
1427374055997550602,negative,0.012436198690597871
1427374057125818372,positive,0.9343671310991865
1427374058174402561,negative,0.00012792402187290035
1427374059239714825,negative,7.720476614492758e-05
1427374059294167050,positive,0.7154334608500338
1427374059562602497,negative,0.000948328364192688
1427374061559103494,negative,0.002463209023216259
1427374063731855363,negative,0.00010192848988653052
1427374064243466243,negative,0.00017439261938047805
1427374064432209927,neutral,0.33282921149221445
1427374066575544326,negative,0.002508116547062297
1427374068026707977,negative,1.8907263687361597e-09
1427374068400013319,negative,5.4288869818732834e-05
1427374068773310464,negative,0.06959175041948601
1427374070136557572,neutral,0.33282921149221445
1427374070153240584,negative,0.00010192848988653052
1427374073324216324,negative,0.00017569020463284996
1427374074246963209,negative,0.05472461890561874
1427374074859249665,negative,0.15754580253428457
1427374074959998979,neutral,0.33282921149221445
1427374076931284992,positive,0.6815898855241502
1427374079359782915,negative,0.004229101000034595
1427374079733125130,negative,0.005173984795641118
1427374080064425991,negative,0.005371755034211443
1427374080471220224,negative,0.05685066072388585
1427374080940969991,negative,0.13192748682185101
1427374081285009412,negative,0.16157127117561174
1427374082371342344,negative,0.045439897150781394
1427374082975313931,negative,0.008092333125565638
1427374083700842503,negative,0.13804439528201026
1427374083797307393,negative,0.06616611124193654
1427374086276231169,negative,0.019512668626390024
1427374087026925583,negative,0.06692082588542778
1427374087693811716,neutral,0.418643144867986
1427374088113242112,negative,0.06860732979563712
1427374088142696451,negative,1.3952035592099992e-15
1427374088729804807,negative,0.009643716779970352
1427374092223762435,negative,3.969449251003603e-05
1427374094014689284,neutral,0.49789225920557484
1427374094509555713,negative,0.04160162306674924
1427374095059062788,negative,0.00011510693974678307
1427374096564752393,negative,2.595169320436243e-05
1427374096661286912,positive,0.9628838102869247
1427374096845877254,negative,0.04160162306674924
1427374097491800069,negative,0.16157127117561174
1427374097986641922,negative,0.0555718195327597
1427374098880122883,negative,0.08192135097631595
1427374100247416840,negative,0.006680905583044323
1427374100540964865,negative,0.009895410728833577
1427374102701092865,negative,0.0018061970190904855
1427374102755659779,negative,0.008815799309340452
1427374102780825604,negative,0.0009528240570941547
1427374103288221701,negative,4.809831070872506e-09
1427374103456100352,negative,0.21030270724931877
1427374104500477952,negative,0.0021065293880887007
1427374104831832066,negative,0.11219885805149757
1427374106048176134,negative,0.11659680085402672
1427374107449073667,negative,0.01622534753582558
1427374107524571136,negative,0.06714859475820581
1427374110133395463,negative,0.11109858797805389
1427374111047700484,neutral,0.5442060184796753
1427374112268300292,negative,0.17569568732996474
1427374113694289921,negative,0.005944883370648994
1427374117209133062,neutral,0.6479628914002659
1427374118106632215,negative,0.308199125160694
1427374118123548676,negative,4.274651204124738e-06
1427374118282960898,neutral,0.5136446707795853
1427374120854036480,negative,1.0702685891121587e-05
1427374122540146688,negative,0.011165784120959919
1427374122909061121,negative,0.020739236993217888
1427374124691771401,negative,0.000248359495041441
1427374125887201284,negative,1.839051842478512e-06
1427374126239465474,negative,9.587582108670228e-05
1427374128097632261,negative,0.06714859475820581
1427374128718286856,negative,3.8216563660983337e-07
1427374129691435010,negative,1.4922034878547097e-06
1427374129905209353,negative,3.957185478855366e-06
1427374132304519168,negative,0.008668380817450383
1427374132472254467,negative,0.01939165374723412
1427374135068536836,negative,0.059664097807214926
1427374135336968196,negative,0.25577965970471395
1427374135676739586,negative,0.036431018343305685
1427374135685128192,negative,0.10259041795364475
1427374136259751937,negative,0.13238879212642776
1427374136586821639,negative,0.07445185956130444
1427374136834281483,negative,8.836644265589822e-09
1427374138335825926,negative,0.21030270724931877
1427374139195723788,negative,0.10964564277093683
1427374139271155712,negative,0.006297176326018954
1427374140357554184,negative,0.031496393046198834
1427374141804589059,negative,0.00017909257665190212
1427374142869934087,negative,0.00017569020463284996
1427374147575877635,negative,0.06588896877700445
1427374147592671239,negative,1.1310863271057503e-07
1427374150255931392,negative,0.015609109747442779
1427374150763618309,negative,0.18739543126695674
1427374150931337219,negative,0.002412873524093661
1427374150952398848,negative,0.016294201750129467
1427374151610871812,negative,1.4922034878547097e-06
1427374151740837892,negative,1.4922034878547097e-06
1427374152294584323,negative,0.12659087814240036
1427374153326342144,negative,3.750363551937733e-05
1427374154852995077,negative,0.0032346331285643512
1427374155859693569,neutral,0.37398054422709015
1427374158904713217,neutral,0.49789225920557484
1427374160687341572,negative,0.21030270724931877
1427374160959971339,neutral,0.5159436667231726
1427374161131937792,negative,8.255545614274963e-05
1427374163317100547,negative,0.004147940149791411
1427374163321315329,negative,5.975112740413388e-12
1427374165418467336,negative,0.007341403717980539
1427374165544341517,positive,0.8522599908428631
1427374165548486665,negative,0.052521903826254594
1427374165632376839,negative,0.037194548783398104
1427374167549255683,negative,0.01521169672906435
1427374167612067841,positive,0.9045303878743749
1427374167909863437,negative,0.00023340693253163537
1427374168044195849,positive,0.7872418484315731
1427374169952509957,neutral,0.3815386936210342
1427374170053173260,neutral,0.46474022444723145
1427374170187382787,negative,2.260010821399603e-08
1427374170476797956,negative,0.09355623809785366
1427374171298873344,neutral,0.5838496351049289
1427374171915493381,negative,3.8216563660983337e-07
1427374172372619274,negative,0.001904475383042406
1427374172406173696,negative,0.004210796312055414
1427374172922130434,negative,0.0004493918342676687
1427374173232447496,negative,0.05685066072388585
1427374174058729473,negative,1.0182284241675377e-08
1427374174255845377,negative,1.253446806385488e-07
1427374175073849346,negative,0.21030270724931877
1427374175644225536,negative,6.998157175247325e-08
1427374175694508034,negative,0.002454150484362948
1427374177040936962,negative,0.09586024571710156
1427374177321988102,negative,0.00047335885474805397
1427374177569447943,negative,8.374169927773646e-06
1427374178114678790,negative,0.011165784120959919
1427374181075804164,negative,0.020923876163385705
1427374181201727489,neutral,0.33282921149221445
1427374181688164362,negative,9.575942481349841e-10
1427374182510256130,neutral,0.5260131310867451
1427374182971715589,negative,0.0004928706134645771
1427374183021961220,positive,0.9104752570957627
1427374183038783494,negative,0.07724245901417592
1427374183244312578,negative,0.00017439261938047805
1427374184217419783,negative,0.0005119940899841913
1427374184548737027,negative,3.023215314111882e-05
1427374186545262595,negative,0.001116164192784825
1427374186775945223,negative,0.011165784120959919
1427374187199569922,positive,0.9223017347332434
1427374187618910210,negative,4.739620445419964e-09
1427374188713676810,negative,0.000248359495041441
1427374188742983692,neutral,0.4507454498615163
1427374189309309157,negative,1.4101029055007282e-05
1427374190299058176,negative,5.21892724807833e-05
1427374191649640451,negative,0.1456303510016621
1427374193168064514,negative,0.007839435777187596
1427374193717485574,negative,0.020923876163385705
1427374193759465476,positive,0.8008815015805597
1427374194594127883,negative,0.18108131422223686
1427374195294494723,negative,0.07634765857656292
1427374195550343168,negative,0.0021197526345826624
1427374195961470980,positive,0.6789216652729287
1427374196078809091,neutral,0.4334392617149784
1427374196850675720,negative,0.06714859475820581
1427374197857214475,positive,0.71240835209753
1427374197974741001,negative,0.11559796045957355
1427374198142521345,negative,0.0001162957570131926
1427374198318587910,negative,0.2794653930830212
1427374199384023049,negative,0.0038362004540443825
1427374201422454791,negative,0.27728558867285497
1427374201577648128,negative,0.25366359999702986
1427374202001281027,negative,0.00037049880053872583
1427374202265419779,negative,2.260010821399603e-08
1427374202567512064,neutral,0.49789225920557484
1427374202655551493,negative,0.05334572436700386
1427374202840092682,negative,1.2562599321939078e-09
1427374203154706454,positive,0.946245375677943
1427374204148752385,negative,0.0003922083941098036
1427374204417101826,negative,0.259595488154903
1427374205004357637,negative,0.15754580253428457
1427374205629304832,negative,0.0002829609325331251
1427374207319564295,negative,0.07634765857656292
1427374207952949251,negative,0.0036791114382249746
1427374208338825228,neutral,0.4737554465528978
1427374209890717698,negative,0.015488118090542964
1427374210901479431,negative,1.59289328979867e-07
1427374211790692362,negative,0.07634765857656292
1427374212629532681,negative,0.0006359745232884162
1427374214017859584,negative,2.260010821399603e-08
1427374214634426368,negative,0.004210796312055414
1427374214697398272,negative,0.1955769541884985
1427374215540453376,negative,0.00010192848988653052
1427374215959883787,negative,0.0009338548490552183
1427374217528582147,negative,0.0006020016768964883
1427374218635796484,negative,0.01357020131680545
1427374219327856640,negative,5.780879125697521e-05
1427374220988801029,negative,0.0075938664905005615
1427374221144043523,positive,0.9343671310991865
1427374223278940164,negative,0.00022539908411342493
1427374223501234199,negative,0.0005842122001781725
1427374223757033483,negative,0.001116164192784825
1427374225304653833,negative,0.06616611124193654
1427374225497669634,negative,8.772452097063733e-07
1427374226974121986,negative,0.0005592785366491559
1427374227326447620,neutral,0.4451566642693123
1427374227573772299,negative,0.00010192848988653052
1427374227657789441,negative,0.07634765857656292
1427374227808825348,negative,0.05217269890806904
1427374228517572618,negative,0.0002761126777654826
1427374228660269067,negative,0.0024627904685767094
1427374228903432197,negative,0.05118457483801015
1427374231919136768,negative,5.044898333293617e-05
1427374232007331842,positive,0.7530154739990634
1427374232045035532,negative,0.0001749028669612328
1427374232309223429,negative,0.00790220619153602
1427374233676562443,negative,0.07634765857656292
1427374235073253382,negative,3.1877528222596055e-05
1427374235589165061,negative,0.000248359495041441
1427374237753425923,negative,0.0007698335727566572
1427374239632568320,negative,0.001228372181262753
1427374239649341448,neutral,0.49640957342475617
1427374241511530502,negative,0.15754580253428457
1427374242409193472,negative,1.2306092127735557e-06
1427374242816053254,negative,6.998157175247325e-08
1427374243608776704,neutral,0.34075176843878735
1427374246121164805,negative,1.0799755478911954e-05
1427374246192427009,negative,4.442526816972574e-07
1427374246238511110,negative,0.06714859475820581
1427374247064780816,neutral,0.4647221591246786
1427374248151113729,negative,0.13150820617501519
1427374250231574531,neutral,0.4647221591246786
1427374250428665868,negative,0.06673057994928251
1427374253205299208,negative,0.0007812602793993199
1427374256489472004,neutral,0.33282921149221445
1427374256611110913,negative,1.4211100605187807e-05
1427374258393657344,negative,0.22360595033956127
1427374258511036426,neutral,0.5829538936058487
1427374260012654604,positive,0.8008815015805597
1427374260562104320,negative,0.13994468329962279
1427374262743150603,negative,1.8588346066910506e-05
1427374262877360133,negative,0.007281699728073158
1427374263493869572,negative,1.1640752107958014e-08
1427374264085274630,negative,0.011724737227430823
1427374265490452482,neutral,0.49789225920557484
1427374265574232076,negative,0.24895416535803278
1427374265574338561,negative,0.0005065722360995592
1427374266165641219,negative,2.260010821399603e-08
1427374266442473476,negative,0.01521169672906435
1427374266773917696,negative,0.00017569020463284996
1427374267298160645,negative,0.012770735223108448
1427374267340107785,negative,2.184098343730643e-06
1427374268359319553,negative,0.06424601495596462
1427374269181345800,positive,0.7115534994452857
1427374269412122624,negative,0.024271071140394253
1427374273727975427,negative,0.00012792402187290035
1427374274684276738,negative,2.260010821399603e-08
1427374275032489993,negative,0.28052799863085226
1427374275242102793,negative,0.024271071140394253
1427374276097761282,negative,0.07634765857656292
1427374277557374979,negative,3.262099447585443e-06
1427374277607759874,neutral,0.3702364876451444
1427374279864238083,negative,0.02644142183654108
1427374279985877002,positive,0.8008815015805597
1427374280287920130,negative,0.000248359495041441
1427374281466556424,positive,0.8618994203275684
1427374281630134274,negative,1.6187486430586454e-06
1427374282762563585,neutral,0.3983102244898066
1427374283735568386,negative,6.877736972067396e-06
1427374285362958341,negative,0.2229949134333866
1427374285396586497,negative,0.016162862350965927
1427374285568593920,negative,3.964914403861227e-05
1427374285585362944,negative,8.826771390568837e-06
1427374286499635201,negative,0.004203535385594021
1427374287539904512,negative,0.00036822960599163407
1427374287661449220,negative,0.025802378391171672
1427374289863561221,negative,5.279569584601265e-06
1427374290148675591,negative,0.015758281077466556
1427374290480082954,negative,8.819894386226144e-15
1427374293659406336,negative,0.00012792402187290035
1427374294720557060,negative,0.08993695001344298
1427374294829522947,negative,3.4780900588811065e-06
1427374295651598338,neutral,0.46187539713643033
1427374296113065984,negative,0.004729128185573151
1427374296117174274,negative,1.1847623132891512e-07
1427374296704430081,negative,2.1983816127269855e-08
1427374296704430083,negative,0.12636627367316783
1427374297019031555,negative,8.255545614274963e-05
1427374298671550473,negative,0.00012792402187290035
1427374302312161281,negative,0.007839435777187596
1427374303037767683,neutral,0.5831117608183899
1427374305470472195,negative,0.00012792402187290035
1427374305713823747,neutral,0.33282921149221445
1427374305780903936,negative,0.0005426044176943962
1427374306661699587,negative,0.16157127117561174
1427374306674323457,negative,0.11619088098358671
1427374309685796865,neutral,0.37680543482765966
1427374309987790852,negative,6.998157175247325e-08
1427374310365220870,negative,0.007839435777187596
1427374311338299392,negative,0.26719795190818996
1427374311699095559,negative,0.08500615611010989
1427374312512761868,negative,0.003246204907532431
1427374313204764677,negative,0.02613237598920496
1427374313372594176,negative,0.048146630838727306
1427374313766899723,negative,0.001020905687087685
1427374314530254849,neutral,0.33282921149221445
1427374314580480002,negative,0.0010321472734113927
1427374315176144901,negative,0.11630316019335102
1427374315570409477,negative,2.8279248606424097e-06
1427374316044361737,negative,1.9157136735746124e-09
1427374316535128072,negative,0.09782527949665859
1427374318720323586,negative,0.259595488154903
1427374318783238146,negative,0.03859301516756373
1427374319949291528,negative,0.0010225176905147998
1427374320347660288,negative,6.038251449245739e-07
1427374321375367168,neutral,0.49789225920557484
1427374322268708877,negative,0.024304747579677006
1427374322335813637,negative,0.013565813505903869
1427374322654527489,negative,0.0003611971076423807
1427374323325669384,negative,0.000948328364192688
1427374323581526016,negative,0.022688554840357436
1427374323883511810,negative,0.020739236993217888
1427374326890762244,negative,0.07634765857656292
1427374327276744705,negative,1.0040572772114269e-05
1427374328186822664,negative,2.445158706266119e-05
1427374330023907337,negative,0.07634765857656292
1427374332012122116,negative,1.921948968070817e-09
1427374333446561811,negative,5.044898333293617e-05
1427374333500997634,negative,0.0031143283222629975
1427374335166136322,negative,1.983922948020937e-09
1427374337133268995,negative,0.0038362004540443825
1427374338139951108,negative,0.30942350916132183
1427374338458587149,negative,3.262099447585443e-06
1427374339456917506,negative,0.15754580253428457
1427374339599605765,negative,0.0038362004540443825
1427374340673265668,negative,0.000248359495041441
1427374340841017351,negative,0.0057162793034083136
1427374341285683213,negative,0.00012792402187290035
1427374342145548288,negative,0.21938663094282332
1427374346557927434,negative,0.056168756483232905
1427374348332064768,negative,0.17215720912892024
1427374348365668354,negative,0.07634765857656292
1427374348428627980,negative,0.04574357571664197
1427374348797612032,neutral,0.5436172626195706
1427374349300948993,negative,0.0038362004540443825
1427374350441791498,negative,0.004219081515727852
1427374351582736393,negative,0.00017439261938047805
1427374352069242885,negative,0.07365437437223223
1427374353704968194,negative,0.0038362004540443825
1427374354258702342,negative,0.26643295899308117
1427374354510270467,positive,0.8278784800365749
1427374356020277249,negative,0.003235676989935893
1427374356309610498,negative,0.03149955010291329
1427374358247342080,negative,0.04208970792042136
1427374358545108999,negative,0.020739236993217888
1427374359283474438,positive,0.7530154739990634
1427374359535099911,negative,0.05685066072388585
1427374359937748994,negative,0.2712408155467774
1427374360076197901,negative,0.07634765857656292
1427374361300852739,negative,0.0006098537235235384
1427374361581924356,negative,5.174118657546046e-05
1427374362831867906,negative,0.001228372181262753
1427374363913900032,negative,0.06714859475820581
1427374364576604164,negative,0.006349802985935812
1427374365574893568,negative,0.00017479594641949008
1427374368066179072,negative,0.013476496872216975
1427374370004013062,negative,0.0033282900778951303
1427374370213662729,neutral,0.49789225920557484
1427374371493097479,negative,0.015758281077466556
1427374371648282624,neutral,0.33282921149221445
1427374372067610624,negative,0.14489612663260715
1427374373191696385,negative,0.00029082168054182133
1427374373783015426,neutral,0.3823140115343208
1427374374324211717,negative,0.03125240774150371
1427374375397957637,negative,0.0005417869891119646
1427374375687409665,negative,0.0005961859046279113
1427374376333332481,negative,0.2379576518697791
1427374377461497865,negative,0.030017895473863614
1427374378162049036,negative,0.000248359495041441
1427374379940331523,negative,0.03292300870297037
1427374381970436107,negative,0.051097251710634305
1427374383178338305,negative,0.005678140088216805
1427374383346028559,negative,0.08341603172598121
1427374383631413248,negative,0.000434701986462068
1427374385460088842,negative,8.255545614274963e-05
1427374386064109569,negative,0.05685066072388585
1427374388484132869,negative,0.00021765204093343176
1427374388542857226,negative,0.008642355438632494
1427374388576276481,negative,0.12109435621062381
1427374389599813634,negative,0.0005842122001781725
1427374393609621506,negative,3.8216563660983337e-07
1427374395908034568,negative,6.998157175247325e-08
1427374396700831751,negative,6.383102181689691e-05
1427374397631905795,negative,0.15754580253428457
1427374399301238788,negative,6.751295485569001e-13
1427374399766900738,negative,0.007940873333316523
1427374400366686208,negative,0.004059937713147421
1427374401889124362,negative,0.11036682895159695
1427374402790907910,negative,0.10814324891058485
1427374402958680067,neutral,0.6167616748233712
1427374403197808645,negative,0.008486354270234966
1427374404300951554,negative,0.030462341841469374
1427374404502278146,negative,0.06616611124193654
1427374404741308421,negative,0.13068678921591073
1427374405169070092,negative,2.260010821399603e-08
1427374406255316999,negative,0.048146630838727306
1427374406892986368,neutral,0.49789225920557484
1427374409036320770,negative,0.0013260858271439734
1427374409254375429,neutral,0.5636729065303732
1427374410877607942,negative,0.00023640363195352667
1427374411921907714,negative,0.017643617225585762
1427374412676882433,negative,0.0035126981381068544
1427374412710518788,negative,0.048146630838727306
1427374413532569601,neutral,0.5361014492275912
1427374413868060673,neutral,0.49789225920557484
1427374414216187904,negative,0.0027581284735359616
1427374415373799432,negative,0.18387029119173803
1427374415986184198,negative,0.01521169672906435
1427374416992907268,negative,0.004600817554500011
1427374419127701513,negative,0.0038362004540443825
1427374419530289161,negative,2.064462094571163e-05
1427374421468135424,negative,0.007092371478304936
1427374423926054915,negative,0.009133466800719928
1427374425972871168,negative,0.0038362004540443825
1427374426123821063,negative,5.072147945539852e-07
1427374426790584320,negative,0.00042589426415611816
1427374429219303425,negative,0.06616611124193654
1427374429433106432,positive,0.8172039086318194
1427374430158655501,negative,0.00036822960599163407
1427374430364311557,negative,0.001228372181262753
1427374431761010703,negative,0.2911983991033176
1427374432012623874,neutral,0.5030282049110736
1427374432683708419,negative,1.1822888579011186e-13
1427374434881527814,negative,0.3151411786387415
1427374435032522758,negative,5.044898333293617e-05
1427374435359764482,positive,0.9002708070030431
1427374435888140292,negative,0.002054075366405382
1427374436244729864,negative,0.06616611124193654
1427374436248952832,negative,0.06616611124193654
1427374436555104257,positive,0.796137977470178
1427374437054156815,negative,0.04181091088578541
1427374437654056971,negative,0.02495305276620499
1427374438471901186,negative,0.0030047338290607054
1427374439570845696,negative,0.011772453611050771
1427374440615137283,negative,0.013174498488159726
1427374441458192384,negative,0.11674492367673421
1427374442410352645,negative,0.0038362004540443825
1427374442678730758,negative,0.011002318036216367
1427374442775293954,negative,0.004229101000034595
1427374443307864071,negative,0.07634765857656292
1427374444813619201,negative,0.017806291639248142
1427374448882167811,negative,0.2845361212884839
1427374449041580033,negative,0.06714859475820581
1427374449809149963,negative,0.05217269890806904
1427374450723495952,negative,0.03677145358934142
1427374450899656708,negative,0.21030270724931877
1427374453097439234,negative,0.09488824926404411
1427374453185523721,negative,0.06714859475820581
1427374454527627269,negative,0.00028780624935906366
1427374455022661632,negative,0.05685066072388585
1427374456008216578,negative,0.007457803421874537
1427374456658268161,negative,0.015609109747442779
1427374458201939974,negative,0.005262184393086062
1427374458352906246,negative,0.07634765857656292
1427374459292459014,negative,5.2940972643024625e-05
1427374459439263746,negative,0.07634765857656292
1427374460571734023,negative,0.00012792402187290035
1427374461691613192,negative,0.0038016942220258803
1427374461892927488,neutral,0.4737554465528978
1427374462329098244,negative,0.2738953642442871
1427374462656262145,negative,0.0020133344006508075
1427374463365042176,negative,0.15754580253428457
1427374463402848258,negative,0.05685066072388585
1427374464334012419,negative,8.153693392527467e-06
1427374464631812099,neutral,0.4256416070944092
1427374464665329672,negative,0.0005474152403508848
1427374464665374722,negative,0.007936631200092092
1427374465105682433,positive,0.9343671310991865
1427374465554464776,negative,0.021619680353517513
1427374466515050501,negative,0.001020905687087685
1427374466989006849,negative,6.998157175247325e-08
1427374467274076160,negative,0.0009528240570941547
1427374469207711747,negative,0.0035758019741188086
1427374469639639044,negative,0.00024921655499107726
1427374470226919429,negative,0.00015790833467575562
1427374471179128845,negative,0.18739543126695674
1427374471866994691,negative,0.00016209154104693333
1427374472043147266,negative,3.2931294074637865e-05
1427374472911376386,negative,0.0038362004540443825
1427374473821540359,negative,3.395178468627184e-05
1427374474379268110,negative,0.007218218826311608
1427374474572271624,negative,0.04574357571664197
1427374475205615622,negative,1.4922034878547097e-06
1427374477449568265,positive,0.7127367658406251
1427374477705371650,negative,0.0005236483388878762
1427374477852221442,negative,0.1080386135918996
1427374478028386304,negative,0.0027457474196805054
1427374479945216004,negative,0.07634765857656292
1427374481509691393,negative,2.260010821399603e-08
1427374483204149258,negative,0.01220916038172562
1427374484785410058,negative,3.5185751690870183e-09
1427374485225750533,negative,8.255545614274963e-05
1427374485804564486,neutral,0.38838176089195514
1427374486412746752,negative,7.901645337264768e-05
1427374486584713217,negative,3.136543930502692e-05
1427374487276752903,negative,1.0040572772114269e-05
1427374488031698944,negative,0.0018844093396750432
1427374488841334792,negative,0.08818704840322641
1427374489311092740,negative,0.0028426364631964976
1427374490040868864,negative,0.007839435777187596
1427374490061787143,negative,0.23479051043063884
1427374490170892290,negative,0.00015790833467575562
1427374490661621769,negative,0.07634765857656292
1427374492121174019,negative,3.7735637594227026e-05
1427374492859371527,positive,0.9343671310991865
1427374493484335112,negative,0.006297176326018954
1427374495304757250,negative,2.661404971092999e-05
1427374495669522434,negative,0.06616611124193654
1427374495883354113,positive,0.7263454024938072
1427374497775202305,negative,0.16653608139075893
1427374497804525568,negative,0.1497273287153046
1427374498077188096,negative,0.24816590629991594
1427374499608109069,negative,0.2379576518697791
1427374499960340481,negative,0.0003671685104328464
1427374500195311618,negative,0.08552439695251261
1427374502929829893,negative,3.262099447585443e-06
1427374503651381251,negative,0.0038362004540443825
1427374506281250817,negative,0.01357020131680545
1427374506373521413,negative,0.21030270724931877
1427374506457419779,neutral,0.5131820754222006
1427374508202250241,negative,0.00032193991903439127
1427374508520968202,negative,0.20439966089722336
1427374509535993861,negative,0.014641907515847194
1427374509582163972,negative,0.0003922083941098036
1427374510446088197,neutral,0.42654411273417087
1427374510551015426,negative,0.0038362004540443825
1427374510626557959,negative,0.15754580253428457
1427374511544995840,negative,1.1136490891413856e-08
1427374514644652036,negative,0.0002900413836400342
1427374516582461452,negative,0.21030270724931877
1427374516687282177,positive,0.8195052976358304
1427374516888612873,negative,0.13235173282326193
1427374518037843975,neutral,0.4622903534400044
1427374521435176962,positive,0.6789216652729287
1427374522987073541,neutral,0.5136446707795853
1427374532986298379,negative,0.001253727823037312
1427374535121285128,negative,0.12806381259424787
1427374535205081090,neutral,0.49789225920557484
1427374535888670722,negative,0.003235676989935893
1427374536190742531,negative,0.04574357571664197
1427374536526340096,neutral,0.4656294377288062
1427374537906196486,negative,0.004145007977716192
1427374538397044742,negative,8.255545614274963e-05
1427374539676192771,negative,0.0038362004540443825
1427374541437874178,negative,0.2803743744737104
1427374541643321347,neutral,0.3941201786791255
1427374541970591745,negative,0.0009528240570941547
1427374542218006537,negative,0.024271071140394253
1427374542964592649,negative,1.803134165692017e-12
1427374543161733123,negative,0.00010658376907918684
1427374543232983044,negative,0.0038362004540443825
1427374543795073037,negative,0.07019238151249844
1427374543816044544,negative,0.007707738393561035
1427374545191804932,positive,0.9359633340350555
1427374545489498115,negative,0.0008287618243459576
1427374549155389442,negative,0.2685471016150842
1427374550182858754,positive,0.9002708070030431
1427374551034433540,negative,0.15754580253428457
1427374551198048263,negative,1.6973318156084298e-07
1427374551869141000,negative,0.013375799875776825
1427374551919378440,negative,0.15864250477829148
1427374557120409613,negative,1.355174088991537e-07
1427374558835773445,negative,0.01521169672906435
1427374559083343875,negative,0.022688554840357436
1427374559599202307,negative,0.259595488154903
1427374560807112705,negative,0.001020905687087685
1427374560819679235,negative,0.005179419076380509
1427374560937234436,negative,0.021854546593040897
1427374562602258439,negative,0.0017729296856258678
1427374564821045254,negative,0.10964564277093683
1427374565093687300,negative,0.0038362004540443825
1427374565651451908,negative,0.0017587756110726042
1427374566477860867,negative,0.04574357571664197
1427374568625291268,neutral,0.4334392617149784
1427374568960823310,negative,0.0009528240570941547
1427374570009284608,negative,0.004653517242949827
1427374570445721608,negative,0.23274922735545633
1427374570982592515,negative,0.06616611124193654
1427374571485814787,negative,0.10213471838347232
1427374574136610823,negative,0.000444353529105053
1427374576271597571,negative,0.0005223294542312248
1427374578628714505,negative,2.260010821399603e-08
1427374578674946053,negative,5.56986374285323e-06
1427374579685728260,negative,0.04591536221404154
1427374579702505480,negative,0.06616611124193654
1427374580889423884,negative,0.01521169672906435
1427374582995070987,negative,0.036580719946850124
