Tweet_ID,Sentiment_Label,Probability_pos
1430349206934499335,negative,0.05260785042932421
1430349206988992514,negative,0.015734690669659025
1430349206989033474,negative,0.3136279718088487
1430349207072690180,negative,0.20771934817642312
1430349207349567491,negative,0.14552071598819652
1430349207500738560,negative,0.005604658567855112
1430349207580200964,negative,0.0016223365608121472
1430349207722885124,neutral,0.3569063954724581
1430349208712663046,negative,0.00028680351487414546
1430349209098760196,negative,9.642585449218247e-09
1430349209396412417,negative,4.746460872018287e-06
1430349209669144579,neutral,0.38002381256573375
1430349210159751171,neutral,0.5414900232522476
1430349210335866884,negative,0.185134041586808
1430349210474352640,negative,0.03428759310563625
1430349210596020224,positive,0.6658718401152751
1430349210801426433,positive,0.7649165922003863
1430349210986196998,neutral,0.5336177139270555
1430349213183840256,negative,0.01600018912809608
1430349213276295173,negative,0.21514170305650543
1430349213917876232,negative,0.175859105105903
1430349214249365504,positive,0.9971113720497873
1430349214287110146,negative,0.019477642051134957
1430349214333165570,negative,0.04258087325664358
1430349214341648387,negative,0.00020653429369936582
1430349215025270786,negative,0.06433493708832982
1430349215130177538,negative,4.2112976489007427e-10
1430349215163637762,negative,0.0006755766772390344
1430349217285951488,neutral,0.49789225920557484
1430349217835339777,negative,0.04560381587219353
1430349218267475974,negative,0.04512415364680735
1430349218850426880,negative,1.0890571206144209e-07
1430349219559317510,negative,0.006156940675492151
1430349221811609601,negative,4.581393694421777e-08
1430349223707435011,negative,0.00032690218276179236
1430349223917195265,negative,0.0003162841462410644
1430349225037123588,neutral,0.36053863538597225
1430349225498382340,negative,0.006188485056929373
1430349226672803843,negative,0.02129124451154466
1430349226878410752,negative,0.21832941497212988
1430349228715413506,negative,0.10960277966903638
1430349229612888065,negative,6.075110129044987e-06
1430349230418374659,positive,0.6993361013736016
1430349231227813890,negative,0.0971699735771899
1430349231810772999,positive,0.9915363656244783
1430349232381337604,neutral,0.46790029342103856
1430349232502939657,negative,0.002912664424265548
1430349235581489152,negative,0.08600500512923376
1430349236147740677,negative,1.2119262832224166e-07
1430349236835651585,negative,0.11087821335207453
1430349237385113603,neutral,0.40446680944231517
1430349241638076416,negative,1.9938864359095276e-05
1430349241663332361,negative,0.003221748999585387
1430349243877896197,negative,0.001805716603831504
1430349244507074563,negative,0.029744141013537423
1430349245412937729,negative,0.00025007241196849296
1430349245580775426,negative,0.0020192383389873894
1430349248898510848,neutral,0.4889232927082513
1430349250265817089,negative,0.0413547730148507
1430349252132229131,negative,0.16350763179106068
1430349256024596487,negative,3.353080218024061e-07
1430349256590757889,negative,0.04570969931819914
1430349257538785282,negative,0.007258674852106042
1430349259396747267,negative,6.7900707054264095e-06
1430349261091258370,negative,0.021779444348456294
1430349267034591233,negative,0.24051203593247364
1430349268070641668,negative,0.010694486277279262
1430349269526097921,negative,1.0049882400473833e-06
1430349270608228360,negative,0.0009522980559365032
1430349271052791808,negative,0.3145742849361249
1430349271090581508,negative,0.07908852937740982
1430349271551860738,negative,0.1006737026279635
1430349271631552519,negative,0.18625497106694264
1430349271673577474,negative,0.048195994969713114
1430349272160116740,negative,0.10113884140473946
1430349279823122445,negative,0.07174362539377149
1430349280443764740,negative,0.10960277966903638
1430349281840484356,negative,0.0015494778547154606
1430349282608095233,negative,0.13302282451855926
1430349283056881665,neutral,0.6486425011625336
1430349286374510596,positive,0.7875191906046681
1430349287960023045,positive,0.9646962455319017
1430349289209925633,positive,0.719619324110075
1430349289298014213,negative,0.18151210971290924
1430349289587449856,negative,0.01857862728827752
1430349292191977473,negative,0.02299883631843831
1430349292745760770,neutral,0.5935457426141375
1430349292905062406,negative,0.001278503335434978
1430349293240659968,negative,5.3064433635763255e-05
1430349296172507136,neutral,0.5316315372622034
1430349296516222978,negative,0.11416083942319363
1430349297128820736,negative,0.00020386840941631864
1430349297871212546,negative,0.001805716603831504
1430349298324185089,negative,0.09810444681855067
1430349299083218944,negative,0.033052388445429876
1430349301633503237,negative,0.0008011858115590291
1430349301977427968,positive,0.7578712788733418
1430349302631735297,negative,0.02129124451154466
1430349303072047111,negative,0.06940833486411861
1430349303298633728,negative,0.0014827157647100046
1430349304082878468,negative,0.0029619205094553983
1430349305940959233,negative,0.00796220823193602
1430349306050002950,neutral,0.49789225920557484
1430349307077668865,negative,2.661404971092999e-05
1430349307325075457,neutral,0.6330861191521205
1430349310646910976,negative,9.129672316409522e-08
1430349313616621570,negative,0.25147033990553286
1430349313876635649,negative,0.024373401062002722
1430349314006601730,positive,0.9461496469449598
1430349314090586118,negative,0.11796608605605056
1430349315042643974,neutral,0.4540676957388158
1430349315898318849,negative,0.003756807079663984
1430349317903114241,neutral,0.46790029342103856
1430349318821666817,negative,0.2865870696989619
1430349318997913601,negative,0.02129124451154466
1430349319010455557,negative,0.1134826387535221
1430349320684032000,negative,0.012431191778843846
1430349322655342593,positive,0.7151839457496566
1430349324387500038,negative,0.060870625170369286
1430349326006591493,negative,1.5219227391264078e-05
1430349327797522439,neutral,0.6039356325073486
1430349328909021190,negative,0.06692082588542778
1430349329903009793,negative,0.058553252288677915
1430349330511241218,negative,0.09810444681855067
1430349330926424069,negative,7.231542688618982e-06
1430349331417210881,negative,9.420316019556647e-05
1430349332658769920,negative,1.3273253227098204e-07
1430349333220765697,negative,0.0057495020827819454
1430349333304647685,negative,0.29346977093501214
1430349333552148490,negative,0.04237424094130999
1430349333619216388,negative,0.003569033570129386
1430349334407745536,negative,0.0005317209722061046
1430349334600691716,neutral,0.36413225911073666
1430349342146277377,negative,0.00014880858525467974
1430349342351757316,negative,0.05891849316111055
1430349343383556096,negative,0.17093269947216677
1430349344440471552,negative,0.03135804722441266
1430349345698820098,negative,0.0006674223331565172
1430349346218840067,negative,0.04237424094130999
1430349346629955588,negative,0.1619371723487826
1430349347519074308,negative,0.00012731277139600198
1430349351193300993,negative,0.01477646370530404
1430349351214272513,negative,5.888465225036178e-05
1430349352015482886,negative,5.302063855744151e-05
1430349356075524096,negative,0.06326064673255266
1430349356641697795,negative,1.9518256449432198e-07
1430349358399164416,negative,0.00405579367448067
1430349359254851590,negative,0.0020797162918231925
1430349359569375235,negative,2.0102799119988846e-07
1430349362492809222,negative,0.043183837522082075
1430349363486855169,negative,0.0017951249771332354
1430349364048928771,positive,0.8471434435339735
1430349364426330112,negative,0.007053410281150527
1430349364573179904,neutral,0.49789225920557484
1430349365105860608,negative,4.834590267586203e-09
1430349366716518400,neutral,0.5941716286927836
1430349367018405891,negative,0.07549505765758427
1430349367358234630,negative,0.020572706360332097
1430349372986908679,negative,0.03609233082152517
1430349373058207746,neutral,0.41901263796461236
1430349377734909959,neutral,0.49789225920557484
1430349378053681171,negative,0.005753394115811916
1430349378573803523,positive,0.9915363656244783
1430349378695442435,negative,0.003517926115353839
1430349379341152264,negative,1.1326679010437029e-05
1430349379844644868,negative,0.1377455601278618
1430349380469538818,negative,0.1225339371591681
1430349382067662854,negative,0.1345683760718707
1430349383602671625,negative,0.1893893176455634
1430349384936566795,negative,0.002558067075505546
1430349385003454466,negative,0.011448924975571501
1430349388203888640,negative,4.931298230171114e-14
1430349388329766912,negative,0.0005638216028249992
1430349389906669572,negative,0.15480874163662972
1430349390519152642,negative,0.000997224161861457
1430349391399899137,negative,0.04094905154538222
1430349391404179457,negative,0.06803852969405345
1430349392188481536,negative,0.0029619205094553983
1430349395023777797,negative,2.6338830751834395e-08
1430349399889174538,neutral,0.5810042938205321
1430349404309950464,neutral,0.48728019602140255
1430349404993511427,neutral,0.5212990816196356
1430349405945729028,negative,0.0476080494935335
1430349407107571715,negative,3.4436582104639264e-05
1430349408487579653,negative,0.0018758944460504177
1430349408911101953,negative,0.027027734344600114
1430349409167024131,negative,0.0002613437150802955
1430349409787711498,negative,0.003257590216898852
1430349410295222272,neutral,0.38907055236000104
1430349411494752257,negative,0.005753394115811916
1430349413621325824,neutral,0.4678936124950499
1430349415886241793,negative,0.010694486277279262
1430349417220034564,neutral,0.49789225920557484
1430349418579087364,negative,0.10310227302193009
1430349422488080390,negative,0.061898746271034984
1430349423305965571,negative,0.185134041586808
1430349423314444290,negative,0.011448924975571501
1430349425021538307,negative,0.0009715162848067978
1430349425860386821,neutral,0.4897560940487156
1430349426606944261,negative,0.09701018081577242
1430349426720129026,negative,1.9605049153991847e-05
1430349431602360323,negative,7.5576574177852e-05
1430349431698870272,negative,9.228156633131795e-06
1430349433435262981,negative,0.0012135413006203498
1430349435347812362,negative,0.0004493918342676687
1430349436941647876,negative,0.10310227302193009
1430349437684027393,negative,0.012733965306920133
1430349437784641538,negative,2.8734671461784587e-05
1430349438514569222,neutral,0.5423402707123799
1430349438787231746,negative,0.17093269947216677
1430349438963310598,negative,0.007258674852106042
1430349439529533443,negative,0.0001353632029759842
1430349444499841037,negative,0.00022319289238659326
1430349444831236103,negative,0.18059571319501103
1430349445808496649,negative,0.023226945264787534
1430349446458617858,negative,0.03641960073118788
1430349446567583746,negative,0.02129124451154466
1430349446743793666,negative,2.1210876469195434e-05
1430349448501243905,negative,0.00010841013401255566
1430349448702480388,negative,0.03752974177418859
1430349450258485253,negative,0.0014337823306391855
1430349450317336576,negative,0.0011645354025156165
1430349450485059587,negative,1.652296584077442e-08
1430349450795433984,negative,0.013415567864929973
1430349451529445377,negative,0.0008815046480037513
1430349451995009034,negative,1.2119262832224166e-07
1430349453047869440,negative,0.20049974374872154
1430349453488123914,negative,1.720757589290466e-06
1430349454054412295,negative,0.05226567086749556
1430349455094657026,positive,0.7975682388192117
1430349455434391557,negative,0.005753394115811916
1430349458928250880,negative,0.009639364324626453
1430349460714971146,negative,0.06445826035130947
1430349462069678089,negative,0.2121543509410063
1430349463730655237,negative,0.09701018081577242
1430349463978131456,negative,0.14188711129653592
1430349464280223746,negative,0.06692082588542778
1430349465530028038,negative,0.0053560567807708105
1430349465584553985,negative,0.0149780649635768
1430349468847775748,negative,0.0045667837709331685
1430349470366060544,negative,0.00035240359230924787
1430349470693314560,negative,0.1006737026279635
1430349470827491332,negative,0.0004804563505541635
1430349472442339338,negative,0.03935856596995032
1430349475353141249,neutral,0.49796428651992986
1430349477307731968,neutral,0.4922434542267056
1430349478951854081,neutral,0.47778015598145385
1430349479107076101,negative,9.129672316409522e-08
1430349481023770632,negative,0.051988426031694665
1430349481254469642,negative,0.04671754960164445
1430349481669808134,negative,0.00012286834865925063
1430349482181410822,neutral,0.33402218903110614
1430349483154497539,negative,0.04944995414456298
1430349486824558597,negative,0.013686190766720738
1430349487780909056,negative,0.006653063637625284
1430349488221212673,negative,0.009843940670341231
1430349488590307328,negative,2.485602076813386e-06
1430349488984576005,negative,0.045735964616990275
1430349490783936512,negative,0.04826599225086531
1430349492260384781,negative,0.07467039996243449
1430349492755308555,negative,0.011199235971232157
1430349494013530115,negative,0.14222740423961164
1430349494818856966,negative,0.02256527245992799
1430349495368306688,neutral,0.46127768308170247
1430349495615860737,negative,0.02129124451154466
1430349497088061440,negative,0.006834859480122911
1430349497998118917,negative,0.04512415364680735
1430349498107187201,negative,0.18795859623648656
1430349502557343746,negative,0.015712223472008173
1430349502884495363,negative,0.002515317722295464
1430349502955798531,neutral,0.3386719181544861
1430349505984180236,negative,0.10226340001591142
1430349506684588034,negative,0.023732637003605575
1430349508634894348,positive,0.9540938925913065
1430349509029253122,negative,0.07455995307196946
1430349509528375297,negative,0.0829303625230062
1430349510228779012,negative,0.0011705350659215602
1430349512216879105,negative,0.15253900981666582
1430349513978417152,negative,4.994368520532384e-05
1430349518013358081,negative,0.00014865915560373128
1430349519577919489,negative,0.002698192440556149
1430349519926009857,negative,0.02129124451154466
1430349520152498178,negative,0.32132486267703997
1430349523361177604,negative,2.661404971092999e-05
1430349525579968513,negative,0.002515317722295464
1430349526695653377,negative,0.1006737026279635
1430349528192933889,negative,0.010510289077424252
1430349529329635334,negative,0.026511109805044317
1430349530818621440,negative,0.0008684957476793552
1430349531472859136,negative,0.07680573875602262
1430349531586207744,negative,0.0025837629505619385
1430349531850412034,negative,3.124376641687979e-06
1430349532492177408,negative,1.605763304096781e-07
1430349532794085386,negative,0.19464003223007656
1430349533301592067,negative,0.05148632514963132
1430349534484369410,negative,0.012431191778843846
1430349534580944904,negative,1.9399702473916604e-09
1430349534757019649,negative,0.10113884140473946
1430349535348461568,negative,0.16176363966730578
1430349536036331521,negative,0.002698192440556149
1430349536095096832,negative,0.008526721976996431
1430349539387510784,negative,0.2004878311897992
1430349540247355394,negative,0.07544189473936325
1430349541061054469,negative,0.26946072723466363
1430349541505703941,negative,0.11416083942319363
1430349544303341569,negative,0.09010369484534907
1430349545934835714,negative,6.014479591269272e-07
1430349546442219525,neutral,0.3371348131876588
1430349547088322566,negative,1.2119262832224166e-07
1430349547272802312,negative,0.015543993729574644
1430349548929572864,neutral,0.5314767944530967
1430349551010029568,negative,1.2119262832224166e-07
1430349553060962304,negative,0.0038773215160286508
1430349553958535176,neutral,0.37254832605431737
1430349554864504832,negative,0.3186685919278696
1430349557863419913,negative,0.0014382846958940856
1430349559524376582,negative,0.0038773215160286508
1430349560065536007,negative,0.10960277966903638
1430349560627531783,negative,0.00023430815911436773
1430349561848115214,negative,0.014295194281246116
1430349563882262535,negative,0.15287263664863823
1430349563995607044,negative,1.4440817461538934e-05
1430349564242968582,negative,0.10057999076286693
1430349571356561411,negative,0.0873992781119501
1430349572807725057,negative,0.004915399999551993
1430349575089496069,negative,0.02129124451154466
1430349576276520965,negative,0.0004970051522912392
1430349577278865412,negative,0.09942184886734068
1430349581414551553,negative,9.129672316409522e-08
1430349585776586756,negative,0.09942184886734068
1430349588318363650,neutral,0.48649789164359325
1430349589886930948,positive,0.8616131806825964
1430349591396982786,negative,0.00018670757037942732
1430349591724003329,negative,0.029679879250913227
1430349592416169986,negative,0.0020509647499731827
1430349592667754503,negative,0.0011705350659215602
1430349592734879748,negative,1.2204785889949153e-05
1430349593825349636,negative,0.31732489718339985
1430349595889045505,neutral,0.3483854629785193
1430349595889094657,negative,0.06587144129663206
1430349597617106945,negative,0.0038773215160286508
1430349599517069321,negative,0.09567965008117996
1430349599940751363,neutral,0.4622903534400044
1430349600909582338,negative,0.09858140637089792
1430349602545410050,negative,0.040554545722680226
1430349604755804164,negative,0.005706885393377824
1430349605011607556,negative,1.704497886152741e-09
1430349606135681027,negative,5.570590840199017e-05
1430349606148354048,negative,0.02943433819244609
1430349607620550656,negative,0.15253900981666582
1430349608006397953,negative,0.14971495558565753
1430349608077512710,negative,0.22305574402378406
1430349608992051209,negative,7.433327586883191e-05
1430349609164066818,negative,0.02129124451154466
1430349609751257093,negative,0.011724737227430823
1430349611202449409,negative,0.06705879738963702
1430349611965820933,negative,0.009701798712140422
1430349612079063042,negative,0.0005661475203624993
1430349612381057026,positive,0.7578712788733418
1430349612406165506,negative,1.2119262832224166e-07
1430349613882482688,neutral,0.49789225920557484
1430349614004252678,negative,0.002698192440556149
1430349616780779520,negative,0.0036205293082399452
1430349616969568258,neutral,0.41539665137696885
1430349617472888832,negative,0.0023373319213899437
1430349618156560386,negative,0.09701018081577242
1430349618987077634,negative,0.12664828407500592
1430349619079401477,negative,1.6886453895960832e-16
1430349619205222401,neutral,0.49789225920557484
1430349619557502980,negative,0.1225339371591681
1430349619716841472,negative,0.00024904251105430217
1430349620475961348,neutral,0.49789225920557484
1430349621935566854,negative,0.011199235971232157
1430349621973422081,negative,0.05396324377898832
1430349622283804677,negative,0.22800631284675316
1430349624129228801,negative,0.010033286768320012
1430349624137687043,negative,0.04399444642519944
1430349625379143681,negative,8.637379268624232e-05
1430349625634996224,negative,9.369259238456976e-06
1430349626469621766,negative,0.021779444348456294
1430349627073589251,negative,1.6353451044264195e-05
1430349632379490307,neutral,0.46127768308170247
1430349634451525636,negative,0.005753394115811916
1430349636020150279,negative,0.04448897444247323
1430349636330528768,negative,0.13045659556635178
1430349637077045253,negative,0.01817992304589499
1430349637525852161,negative,2.67236648144036e-11
1430349638389862401,negative,5.298548209785127e-05
1430349638981271556,negative,0.05087013814350967
1430349639719559169,negative,0.0046233409825048154
1430349642064039936,negative,1.2984941252891502e-05
1430349642496200704,negative,0.00014657854317752644
1430349643309850627,neutral,0.5288512980560921
1430349644115202053,negative,0.0020694595867765913
1430349644144467976,negative,0.006156940675492151
1430349644672942081,neutral,0.4678936124950499
1430349647126663169,negative,0.0015087339071056958
1430349649999765507,negative,0.004214995349411265
1430349651778080770,negative,0.005407447170634885
1430349654214856712,negative,0.2589661115534189
1430349657121644544,negative,0.004364477005204744
1430349657394327553,negative,0.07664205782970254
1430349657910218755,negative,0.00012920877675364354
1430349658296045573,negative,0.03200605341174632
1430349659025858567,negative,0.08015978834787833
1430349659608948736,negative,3.140784898763162e-06
1430349660540055552,positive,0.765665243653035
1430349660548435981,neutral,0.6580696364137677
1430349660879732736,negative,0.01119498213345308
1430349661777367041,negative,0.008204702853331585
1430349663832584194,negative,0.019552045773126712
1430349665434836995,negative,0.1577018847333111
1430349669146652675,neutral,0.49789225920557484
1430349669780045824,negative,0.13308352472746063
1430349671478833153,negative,0.10113884140473946
1430349672367988741,negative,0.11416083942319363
1430349674335117314,negative,4.4099978501281424e-07
1430349677011083267,negative,0.305779366938349
1430349678365847559,neutral,0.3371348131876588
1430349679804420096,negative,2.8734671461784587e-05
1430349681394073603,negative,6.414097224028649e-20
1430349681792589827,negative,0.0007662779723572197
1430349682807607300,negative,0.002413350826074324
1430349684053352448,neutral,0.4021108582512253
1430349684359450629,negative,1.1427010921495333e-09
1430349684367888384,neutral,0.36413225911073666
1430349684720250880,negative,0.28846627521656093
1430349686137884680,negative,0.15253900981666582
1430349686565703680,negative,0.011968827199124454
1430349686574129156,negative,0.001805716603831504
1430349687119351817,negative,0.05226567086749556
1430349687220051972,negative,0.010383974168656739
1430349687375212549,negative,0.1006737026279635
1430349688755138562,negative,0.3047644388158959
1430349689166123012,neutral,0.6060217173278649
1430349689367498754,neutral,0.49789225920557484
1430349690470641667,negative,2.463980680276039e-05
1430349690755850246,negative,0.06933085086010184
1430349690869006337,negative,0.019552045773126712
1430349693490450432,negative,1.992466042793819e-07
1430349693578514437,negative,0.004682056059969758
1430349694002253824,negative,0.04512415364680735
1430349695973564417,negative,0.03740324272913844
1430349698913738755,positive,0.8897736417709081
1430349700528541696,neutral,0.411594083119197
1430349700801212417,negative,5.533027342080018e-10
1430349701262417920,negative,0.005753394115811916
1430349704769032192,negative,0.1439591053554232
1430349704857014276,negative,0.06692082588542778
1430349704945184772,negative,0.048195994969713114
1430349705372962822,neutral,0.37431019203433197
1430349705435811842,negative,0.00033109969358829434
1430349706459238401,negative,0.01655022480749108
1430349707046539268,negative,0.09904261902760383
1430349708015378434,negative,0.0005325089591085924
1430349710183763972,negative,0.02129124451154466
1430349711043596289,negative,0.05110230686075959
1430349711169495048,neutral,0.3919068391247937
1430349714789126145,negative,0.010473848341644313
1430349714990510080,negative,0.30833275788409636
1430349715862953984,negative,0.2322126880846853
1430349715980308483,negative,0.007142341535843848
1430349716475289607,negative,0.0007276309898773015
1430349717217714176,negative,0.035336048720871316
1430349717603602432,negative,0.028692111461762693
1430349717746196488,negative,1.8501584766259044e-05
1430349719503622146,negative,0.02457183885497591
1430349721973964802,negative,3.5951312727179893e-07
1430349723202998280,negative,0.0191687033133871
1430349723672666114,negative,0.018753312141160442
1430349723949576196,negative,0.00035240359230924787
1430349728680644610,negative,1.9605049153991847e-05
1430349732652589060,negative,0.07806621562641687
1430349732669362182,negative,8.152712076973439e-05
1430349733948792833,negative,0.02129124451154466
1430349735660040195,negative,1.6277313746856546e-05
1430349735949479938,negative,0.02129124451154466
1430349737404862467,negative,0.2503620269031739
1430349738633744389,negative,0.01119498213345308
1430349739585937418,negative,0.02129124451154466
1430349739594293248,negative,0.005702820689062851
1430349742538641417,negative,0.000523511550767653
1430349742802972678,negative,0.05891849316111055
1430349743943819264,negative,0.30387935317681514
1430349745806061574,positive,0.7599668519043548
1430349746317766661,negative,0.0014394863773080269
1430349746942717954,neutral,0.37254832605431737
1430349747517276165,negative,0.00694418831405497
1430349750637797379,positive,0.9922215277315669
1430349751153795072,negative,0.008303318587982588
1430349752370094080,negative,0.2004878311897992
1430349759274012673,negative,0.08826992235390634
1430349759332618241,negative,0.010320231446011024
1430349760305713153,negative,0.12146426141732296
1430349760431484928,negative,0.1210203074788408
1430349760624566273,negative,0.008340805382306742
1430349762717536259,negative,0.10310227302193009
1430349764520992774,negative,0.004500908720721487
1430349765309394948,negative,0.02171346097813375
1430349766580482049,positive,0.9258609481168683
1430349767431819269,neutral,0.3778496007378422
1430349767649988611,negative,0.09585216516897996
1430349771227770880,negative,3.283010458665073e-17
1430349771693248516,negative,0.14916703292264757
1430349772209152004,negative,0.1123542187380721
1430349774822297600,negative,0.011218365703199513
1430349776697053185,negative,0.005753394115811916
1430349780975165446,positive,0.9954360962508451
1430349781134675974,negative,0.0122605434772369
1430349781457645571,negative,0.00022263750885777935
1430349789900771332,negative,0.0002604847945127099
1430349790752083970,negative,0.11416083942319363
1430349791666610178,negative,0.026803964667906615
1430349794409697291,positive,0.9540983242476564
1430349795269427208,negative,0.003546177050561109
1430349796166967296,negative,0.15009249410920394
1430349796477325317,negative,0.0065369586551013515
1430349796523528194,neutral,0.6330861191521205
1430349796930375680,negative,0.1006737026279635
1430349797995712514,positive,0.6746108756521773
1430349800348819456,neutral,0.3371348131876588
1430349800478760961,neutral,0.4507454498615163
1430349801921531904,negative,2.5637804617222224e-05
1430349802122977293,negative,8.358026792158956e-10
1430349805302190080,negative,0.09810444681855067
1430349805872631809,negative,0.05226567086749556
1430349806157828097,negative,0.2697442038879688
1430349807265239040,negative,0.19139264597014827
1430349807432867841,neutral,0.49789225920557484
1430349807827173384,negative,0.056477053014479715
1430349808418631682,negative,0.002869955699417024
1430349808951300099,negative,0.0008463731500872914
1430349815846670344,negative,0.1439591053554232
1430349816475836418,positive,0.9421221890494257
1430349816794656768,negative,0.021085129959375386
1430349819155939329,negative,0.004208148002145742
1430349821144150025,positive,0.8655740445226688
1430349822679154691,negative,0.0010113030308198144
1430349823258025985,negative,0.006000414282260768
1430349825225203712,negative,0.04512415364680735
1430349825753575424,positive,0.7425238405100368
1430349827213254662,neutral,0.4052545742984529
1430349827385303045,negative,0.06589923647266555
1430349827431358470,neutral,0.46790029342103856
1430349828026994689,negative,0.010383974168656739
1430349830103175174,negative,0.03799265471816155
1430349831885754368,negative,2.575536520868835e-05
1430349833802502147,negative,0.025606385327558677
1430349834335232000,neutral,0.37431019203433197
1430349836520460292,negative,0.05226567086749556
1430349838101659656,negative,0.0009828201666839539
1430349839414566917,negative,0.002688575779948614
1430349840194568197,negative,0.015543993729574644
1430349841251639310,negative,0.012431191778843846
1430349841419407360,negative,0.0005661475203624993
1430349841633316868,negative,0.12146426141732296
1430349841805217794,negative,3.610350371145936e-10
1430349846444003332,neutral,0.46790029342103856
1430349850130976769,negative,0.0040578452810625405
1430349850223292418,negative,0.0009065030178654257
1430349856669937666,negative,6.300972470353514e-06
1430349857206804485,negative,0.05187869088837775
1430349858481844224,negative,0.023603958292843934
1430349859056410624,negative,0.02129124451154466
1430349861090693122,negative,0.006793110154954088
1430349862789394433,negative,0.15480874163662972
1430349863443738626,negative,5.487001049755896e-09
1430349863548559362,negative,0.06589923647266555
1430349863556898818,neutral,0.5474596082815697
1430349863775051777,neutral,0.4274047939449264
1430349864207101952,negative,0.055057252092284965
1430349864597172232,neutral,0.6563657612993743
1430349864915947523,negative,3.0677327261712626e-06
1430349867591864325,negative,0.02129124451154466
1430349870376833028,negative,0.25152798395101605
1430349870704074762,negative,1.4525949632376575e-06
1430349872293687300,negative,0.10310227302193009
1430349872629223427,negative,0.07966007448451437
1430349873707159555,neutral,0.41539665137696885
1430349874894098432,positive,0.888857471023657
1430349874990616580,negative,1.9605049153991847e-05
1430349876232167424,negative,0.031291123766990524
1430349876877987841,negative,0.015225310967370906
1430349876945035271,negative,7.597200228466428e-05
1430349877079330816,negative,1.0372377649992076e-07
1430349877821779971,negative,0.00796220823193602
1430349878002073600,negative,0.016598058087275467
1430349878211883009,negative,0.19139264597014827
1430349878392143876,negative,0.00028113344711367175
1430349884893319176,negative,0.1006737026279635
1430349885145034754,positive,0.9860144387291793
1430349885719646211,negative,0.004266141935080304
1430349889695895558,neutral,0.367552130580947
1430349890400436226,negative,1.6509584462999951e-06
1430349890450870274,negative,0.09881553194594678
1430349892090798081,neutral,0.35207276548047667
1430349892803862540,negative,7.651970089799141e-05
1430349893332307969,negative,2.0102799119988846e-07
1430349893839773697,negative,0.12703271384507175
1430349893923704840,neutral,0.4507454498615163
1430349893995048968,negative,0.2745512644137985
1430349894309531648,negative,0.06589923647266555
1430349895093915652,negative,0.012431191778843846
1430349895316148225,negative,0.02129124451154466
1430349895697903618,neutral,0.46790029342103856
1430349897086214149,negative,0.2552029623519141
1430349899053273088,negative,0.04942063498762631
1430349899900534785,negative,0.060870625170369286
1430349903142834177,negative,1.3915335338481163e-07
1430349903449006081,negative,0.0009706225198729914
1430349904174538752,negative,0.00043790169063844854
1430349904304553984,negative,1.7701233114818984e-09
1430349906556956676,negative,0.0008683764170862291
1430349907018268672,negative,0.000202047975201768
1430349907978866689,negative,0.26946072723466363
1430349908129816576,negative,0.04435973972959143
1430349909513867264,negative,0.05225491954564656
1430349911111999491,positive,0.6790983669439182
1430349911866892289,negative,1.1427010921495333e-09
1430349914245156864,negative,5.968824658474589e-10
1430349915058802690,negative,7.834961534017902e-06
1430349915348209666,negative,9.129672316409522e-08
1430349915385892865,negative,0.014247773838686544
1430349916304445441,negative,3.294735814822627e-06
1430349916665270275,negative,0.3024027088783894
1430349917327872000,negative,0.010417243062266919
1430349917927747588,negative,0.0494050609445639
1430349919001448449,negative,0.0023566090282697454
1430349920972718081,negative,0.035180619206078734
1430349921534857218,neutral,0.6411582157821408
1430349922822508547,negative,0.002031585535690192
1430349923518599173,negative,1.9605049153991847e-05
1430349924395364352,neutral,0.49789225920557484
1430349925246803969,neutral,0.48728019602140255
1430349926148448260,neutral,0.49789225920557484
1430349926857383944,negative,0.01090869512701178
1430349927629082629,negative,0.043850203308971554
1430349927759196165,negative,0.0020192383389873894
1430349928438673408,neutral,0.3385252644667176
1430349929915035656,negative,0.01119498213345308
1430349931353624578,negative,0.004256787996520933
1430349932083486721,negative,0.06702468813175695
1430349934352650241,negative,0.032210744207273566
1430349934608457728,negative,0.0018721063285433155
1430349939247239169,neutral,0.3353500257179539
1430349939901669376,negative,0.2454867282959764
1430349939935154177,negative,0.009843940670341231
1430349943211020288,negative,0.0005661475203624993
1430349943399649281,negative,0.0029619205094553983
1430349943575875585,negative,0.04505628578148248
1430349944733544449,negative,0.057078491338045635
1430349945899454469,negative,2.8089388445089162e-05
1430349946650247171,negative,0.08600500512923376
1430349946746818560,negative,0.14164801329450039
1430349946750861313,positive,0.9058556076415677
1430349948466434050,negative,0.08108083260678904
1430349951092023296,positive,0.8289301549718835
1430349952992034827,neutral,0.36838646739615566
1430349953000423425,negative,0.08631593692702044
1430349953356926985,negative,0.007596011108392996
1430349954825003018,neutral,0.40446680944231517
1430349955512737794,negative,0.0014337823306391855
1430349955722584069,negative,2.0913983096511787e-06
1430349956804714497,negative,0.056094838341412115
1430349957119234048,negative,0.012431191778843846
1430349958419558404,negative,0.0006181731321732372
1430349959950385157,negative,0.06029888826499388
1430349962274131972,neutral,0.4184888632202746
1430349962328555525,negative,0.0027548115682254908
1430349962337034244,negative,0.016892806665105665
1430349962357788678,positive,0.99996724547655
1430349964526424072,negative,3.066858869683962e-05
1430349964731944964,negative,0.0027416091026528488
1430349967571537923,negative,0.0028444521563143078
1430349970318708736,negative,0.00037445905287884724
1430349970658545670,negative,0.011310889888545046
1430349970666893313,negative,0.0015322782696912368
1430349971094605825,negative,8.352356662384725e-05
1430349972659134470,neutral,0.49789225920557484
1430349973263106053,negative,0.17093269947216677
1430349974622064643,negative,0.05226567086749556
1430349975288954881,negative,0.1526470077026418
1430349977293840385,neutral,0.3916387603988135
1430349981857243136,negative,0.0006629569350073911
1430349982390013955,negative,0.019250823546273554
1430349985757999108,negative,9.508247680864855e-05
1430349987259506693,neutral,0.6532048872970706
1430349987871920128,negative,0.0007896014748346315
1430349990640164868,negative,0.10113884140473946
1430349991277645824,negative,0.08100206676486929
1430349991688740866,negative,0.002047771723934275
1430349991835488256,negative,0.03766404447629878
1430349992460488712,negative,0.10213343428621041
1430349992661864455,negative,0.09701018081577242
1430349993823571969,negative,0.026702771381782352
1430349995035664386,negative,1.9944313833285362e-05
1430349995346178050,negative,1.9605049153991847e-05
1430349995526574082,neutral,0.6255248137969407
1430349997694926851,negative,0.02129124451154466
1430349998697418752,negative,0.00017747167782964304
1430349999863255043,neutral,0.49789225920557484
1430350000492478466,neutral,0.44136512517722154
1430350000568025093,negative,3.462075928695978e-11
1430350000631033864,negative,0.16231856104759337
1430350002115817481,negative,0.006156940675492151
1430350004317741062,negative,2.341190641877837e-05
1430350004565258241,negative,0.002413350826074324
1430350007920701444,neutral,0.4889232927082513
1430350008143028225,negative,0.13696021994122243
1430350010131140611,negative,0.27107896751932237
1430350010848325633,negative,3.72541688844247e-05
1430350010856640515,neutral,0.6563657612993743
1430350011037061121,negative,9.129672316409522e-08
1430350011695575041,negative,2.1536457685558157e-10
1430350012085678092,neutral,0.4697124284245197
1430350013264183303,negative,0.11088224000920018
1430350015067787270,negative,0.04512415364680735
1430350016091131910,negative,0.06917005078293519
1430350016347049989,negative,2.3733280193418934e-09
1430350017336774657,negative,0.005243929227772535
1430350017689276422,negative,0.05226567086749556
1430350020423954434,negative,0.0456330691683996
1430350024307847169,negative,0.0001302908995055107
1430350024962191366,negative,0.17288097706071934
1430350025494835202,negative,0.05467973177658452
1430350026652463107,negative,0.11154443292387338
1430350027050917894,negative,0.03835596753954165
1430350027881394184,negative,0.1439591053554232
1430350028007256071,neutral,0.3767105158566414
1430350028070170629,negative,0.12262022378352953
1430350028976140290,negative,0.02024693502373434
1430350031182340098,negative,0.02129124451154466
1430350031551287296,negative,0.0023700735569737856
1430350032025178119,negative,7.611772413358672e-05
1430350032268533765,negative,0.002838473235799061
1430350033371770883,negative,0.005027033291376472
1430350034416066560,negative,0.012185387514234813
1430350036991348742,negative,6.365483940850884e-11
1430350037100503043,negative,0.011199235971232157
1430350038002282497,negative,5.07193652063415e-07
1430350039487033352,negative,0.00341360342135034
1430350039600271360,negative,1.918991690561021e-09
1430350039638020097,positive,0.6802465041079474
1430350039654797319,neutral,0.46790029342103856
1430350040959172611,negative,0.1439591053554232
1430350040971808768,negative,3.4436582104639264e-05
1430350041282084871,negative,0.0008094967832555388
1430350044205666308,negative,0.12957774918871592
1430350044419567619,neutral,0.3699410342191045
1430350060219404295,negative,1.560521413255197e-05
1430350062673145858,negative,0.06692082588542778
1430350069446893569,negative,3.124376641687979e-06
1430350069644111873,negative,0.02129124451154466
1430350070365499397,negative,0.042733376294224995
1430350072110256131,negative,0.052096409062629814
1430350072202645505,negative,0.003815794418523169
1430350072542289922,negative,0.3212816482713751
1430350072689184769,neutral,0.6009656206554936
1430350073490198528,negative,0.15898560138868406
1430350073850892293,negative,0.01090869512701178
1430350075688067078,negative,0.0011564375707734922
1430350075759374339,negative,0.002515317722295464
1430350075805503489,negative,0.026225579404161183
1430350076757610496,negative,0.10310227302193009
1430350077026086914,negative,0.09692051537032811
1430350077709672451,negative,0.06702468813175695
1430350078405918725,negative,9.245057210267601e-10
1430350080800968707,negative,1.2119262832224166e-07
1430350081174249474,negative,0.32195147969670806
1430350081266536448,neutral,0.49789225920557484
1430350081652412419,negative,1.2119262832224166e-07
1430350081664950276,negative,0.000491105674422472
1430350085204893698,negative,0.0006853400352967818
1430350085305638913,negative,0.15480874163662972
1430350086702256129,negative,0.09585216516897996
1430350086895247364,negative,0.0018721063285433155
1430350088665288705,negative,0.0002972057961471961
1430350088702935041,negative,0.012537253413884404
1430350090099625984,negative,1.9019308111654675e-07
1430350090955378690,negative,0.0008343903993662267
1430350091282436099,negative,2.463980680276039e-05
1430350091479625735,neutral,0.4184888632202746
1430350092322676737,positive,0.7768294255807383
1430350092557602825,negative,0.08373404929341613
1430350098274426886,negative,0.002698192440556149
1430350098710548484,negative,0.06252618668039402
1430350099427823618,negative,0.009444325485973147
1430350102351261697,negative,0.0350439824781599
1430350104758792193,negative,0.0029619205094553983
1430350105350221828,negative,1.1703911728115978e-06
1430350106436542477,negative,0.02882610222394267
1430350106688212997,neutral,0.4184888632202746
1430350107036246019,negative,0.0008463731500872914
1430350107287986176,negative,0.1439591053554232
1430350107761942532,negative,0.002912664424265548
1430350108093296644,negative,0.006185663062727338
1430350109489893376,positive,0.699944969650638
1430350109896814593,negative,0.24749212190719272
1430350110152613890,negative,4.994368520532384e-05
1430350110446264320,neutral,0.41860438939046984
1430350110697926657,negative,0.025329717057636807
1430350111842963458,negative,2.661404971092999e-05
1430350114820866048,negative,0.0006693847712213529
1430350115152306183,negative,0.002318262592674268
1430350115701547010,negative,0.00035941836042150484
1430350116628664325,positive,0.7564499908318857
1430350116854980609,negative,0.2590110234249184
1430350118671339520,negative,0.05864878090876936
1430350119493373957,negative,1.6645461703968112e-05
1430350120252477440,negative,0.06692082588542778
1430350120789364736,negative,0.006834859480122911
1430350121552781313,negative,3.4436582104639264e-05
1430350122609778688,negative,0.16051359191583361
1430350122802614272,negative,0.0005661475203624993
1430350122966204422,negative,0.0008815046480037513
1430350123905818626,negative,0.005753394115811916
1430350124920840197,negative,0.0002972057961471961
1430350126111870976,negative,0.23971593729986593
1430350126392958976,negative,0.057772583349183365
1430350126820757504,negative,0.09096632794329158
1430350126862770184,negative,0.01600018912809608
1430350128792096778,negative,0.10113884140473946
1430350129182224386,negative,0.12146426141732296
1430350129559707653,negative,0.012733965306920133
1430350129727479808,negative,0.05416701196580648
1430350135092031489,negative,0.019552045773126712
1430350135905636354,negative,0.11975021576518914
1430350136266264579,negative,0.0284783840369561
1430350140230017032,negative,0.2731328752017121
1430350141047939074,negative,1.0094245679582965e-06
1430350142578708484,negative,0.15480874163662972
1430350143077896192,negative,0.0008683764170862291
1430350143342137346,negative,0.0009137169485711784
1430350143392526337,negative,0.02901350672276139
1430350143627350019,negative,0.002698192440556149
1430350143895838722,neutral,0.6486425011625336
1430350143937777668,negative,0.1439591053554232
1430350145917530117,negative,0.0014794430892127227
1430350147016331265,negative,0.0038773215160286508
1430350147184103431,negative,0.001172371223195209
1430350147532337158,negative,0.02387251284677864
1430350147855265793,neutral,0.5052582176382603
1430350148719153159,negative,0.07806621562641687
1430350148866084864,negative,0.0003508575800106805
1430350149004451844,negative,0.020675450248593307
1430350149793062914,negative,0.09475923411273379
1430350150447345665,negative,2.463980680276039e-05
1430350152338976770,negative,0.11416083942319363
1430350152800169986,negative,0.011550817867965656
1430350153203003395,negative,0.12146426141732296
1430350153366573057,negative,0.10057999076286693
1430350154478100482,negative,6.58877230946982e-07
1430350156780740610,negative,0.2454867282959764
1430350157766348806,negative,0.14421851175933395
1430350158160699393,neutral,0.4254656709250886
1430350158357729281,negative,0.02129124451154466
1430350158533783554,negative,0.01979612016929474
1430350159200858116,negative,9.479842580698342e-05
1430350160853340166,negative,0.0011915929791685063
1430350164183576576,negative,0.004165811924199189
1430350164640862210,neutral,0.6532048872970706
1430350168445042688,negative,2.3101395610172638e-06
1430350168973619202,negative,0.011828844576558356
1430350169405538306,negative,0.00025007241196849296
1430350169971871747,negative,0.014035669573749956
1430350170189967363,neutral,0.6248753173236122
1430350173859835910,neutral,0.5058274862771283
1430350178268196868,negative,0.14339964312402412
1430350178880417799,negative,0.09000317731526603
1430350179736113155,negative,0.040698623474074075
1430350179765456896,negative,0.22800631284675316
1430350182726709248,negative,0.14188711129653592
1430350183309660161,negative,0.0012258569913117354
1430350186660909067,negative,0.04604576862431321
1430350188560932873,positive,0.7385828730026104
1430350189450178561,negative,0.02387251284677864
1430350189517320192,negative,0.09942184886734068
1430350189810917377,negative,0.001805716603831504
1430350191144615936,negative,2.4417709737980413e-07
1430350191488610304,negative,0.04435973972959143
1430350192021233667,negative,3.33540279365665e-07
1430350192847597571,negative,0.0002652345533248875
1430350193858433026,negative,4.994368520532384e-05
1430350194294538240,negative,0.01090869512701178
1430350194764402690,negative,0.11154443292387338
1430350194999238659,neutral,0.48649789164359325
1430350195644981251,negative,0.23568651887278078
1430350196077207560,negative,0.0204599567555194
1430350197666766850,negative,0.04512415364680735
1430350198669258758,neutral,0.49789225920557484
1430350199042551810,negative,0.06029888826499388
1430350199080239107,negative,0.00019462867964699663
1430350199977820162,negative,0.000698401850567857
1430350203370950658,negative,0.07613870137387588
1430350204776112135,neutral,0.46790029342103856
1430350207284297735,positive,0.8998625740165253
1430350207372431365,negative,1.6280797718929766e-06
1430350208634966018,negative,0.029084605322430918
1430350209557618692,negative,0.015229749055475857
1430350210585276423,negative,5.626647395373857e-06
1430350212061700098,negative,2.730490667551672e-06
1430350212875313157,negative,0.06917005078293519
1430350213777084416,negative,0.002932640864122622
1430350213869342721,neutral,0.46790029342103856
1430350214179827713,negative,8.397545713665836e-06
1430350214225932290,negative,1.588253597427915e-05
1430350216423686146,neutral,0.4521332392864445
1430350216843104257,negative,0.06818937611626083
1430350216927105028,negative,0.002698192440556149
1430350217359024131,negative,0.10310227302193009
1430350218923499523,negative,0.040698623474074075
1430350219498115074,positive,0.9925157697433075
1430350220035076102,negative,0.001805716603831504
1430350221003927557,neutral,0.4922434542267056
1430350222010503179,negative,0.012431191778843846
1430350224787116034,neutral,0.46127768308170247
1430350226569797633,negative,0.0038773215160286508
1430350228855705604,negative,0.008503463084257782
1430350228884971524,negative,4.994368520532384e-05
1430350229002412033,positive,0.9329610291462813
1430350229065326593,negative,0.04340333660254713
1430350230013231109,negative,2.8734671461784587e-05
1430350230336196609,negative,1.2119262832224166e-07
1430350235193249800,positive,0.6854831016923071
1430350237160427521,negative,0.0024318727590141244
1430350237424570369,negative,0.17093269947216677
1430350240008310784,negative,0.0037889047105474486
1430350240851415044,negative,6.384502465296418e-05
1430350243284066307,negative,0.016335000528148166
1430350246618468354,negative,5.092150219996555e-05
1430350246631157764,negative,0.002561663773243618
1430350247797137408,negative,0.0012910868325447995
1430350248698916866,negative,0.08798137686988058
1430350248946327555,negative,0.10057999076286693
1430350251555233800,negative,0.008178362527209763
1430350252410814466,neutral,0.3952241257657788
1430350252515774469,negative,0.03799265471816155
1430350256747732993,negative,0.03143826290989732
1430350258551332866,negative,0.2747955172040659
1430350261441138689,negative,0.0023407992419573875
1430350264846979078,negative,0.005753394115811916
1430350266747039748,negative,1.4525949632376575e-06
1430350268709879808,negative,2.6724639513976267e-05
1430350269280399365,negative,3.4436582104639264e-05
1430350269863415808,neutral,0.583782245427145
1430350270236659714,negative,0.14172632114552225
1430350270442135560,negative,0.010383974168656739
1430350271012610049,negative,0.004441927776798238
1430350272304398337,negative,0.005753394115811916
1430350272664985600,negative,0.10204051321945014
1430350273294348298,negative,0.04627271593460425
1430350275743653889,negative,2.8089388445089162e-05
1430350279493316608,positive,0.9954360962508451
1430350280424574981,negative,9.714526850831676e-05
1430350280747593733,negative,0.049541557894466175
1430350280839806988,negative,0.0788526837281761
1430350281339031553,negative,0.21921412548362115
1430350283176136707,negative,0.26946072723466363
1430350283402620931,positive,0.6974465156945517
1430350284107223043,negative,0.12056596353541715
1430350284224700422,negative,0.0018993525248173935
1430350286288310273,negative,0.015011808310827228
1430350286430904321,negative,4.3358007265051666e-05
1430350287068409864,negative,1.2581850380512114e-06
1430350287869513737,negative,0.1613162292850915
1430350290943979520,positive,0.9999932233011578
1430350293032636416,neutral,0.5684340088694919
1430350294995640320,negative,0.00015868225611721895
1430350295922618368,negative,0.26946072723466363
1430350298304946177,neutral,0.547723817299082
1430350299911401482,negative,0.0006859403713845743
1430350300934811649,neutral,0.5288636399463092
1430350304051179521,neutral,0.5600646983068615
1430350304818700288,negative,0.01580488429867415
1430350305040945152,positive,0.666149626042327
1430350305506512897,negative,0.0006859403713845743
1430350307784003589,negative,0.04975415241564185
1430350308664913925,negative,0.04866773218518688
1430350309260505089,negative,0.03982012979408541
1430350310334156800,negative,0.00031093771297326784
1430350310980075521,negative,0.209038077222759
1430350312175403015,negative,0.08981929967679646
1430350312271921153,negative,0.10057999076286693
1430350313882587136,neutral,0.3385252644667176
1430350315526762499,negative,0.00013195743769939822
1430350318177509377,negative,0.0029619205094553983
1430350320899706886,negative,0.003442270351003991
1430350323852402697,negative,0.08917286848381235
1430350325832093700,negative,0.006088525273828284
1430350326108934147,negative,0.2105172748797876
1430350327472132102,neutral,0.4687624229646936
1430350330055872512,negative,3.3733738229910596e-05
1430350330408181760,positive,0.7564499908318857
1430350330496180225,negative,0.28088146416212756
1430350334514196481,negative,0.16812290833212445
1430350335982309381,positive,0.9999885253115893
1430350337093869568,negative,0.02129124451154466
1430350337106448385,negative,0.07277010903294014
1430350339170082816,negative,0.1808082461944541
1430350339337752583,negative,0.000989478039052131
1430350340919021572,negative,1.9881500413488213e-05
1430350341967687680,negative,5.362187064594086e-08
1430350342080933890,negative,0.002698192440556149
1430350342345084932,negative,0.003351432598618146
1430350346216411136,negative,3.5951312727179893e-07
1430350346812116995,negative,0.0006859403713845743
1430350348900700164,negative,0.025606385327558677
1430350349135761411,positive,0.9058556076415677
1430350350091960323,negative,0.00016135383514152333
1430350350305927170,negative,0.040698623474074075
1430350351606206466,negative,4.1686441220200476e-07
1430350355347476482,negative,0.012431191778843846
1430350357763342344,negative,0.20537445868366933
1430350358111424515,negative,0.04166337151525936
1430350358191218690,negative,0.1613162292850915
1430350361680916489,negative,8.397545713665836e-06
1430350361823383555,negative,0.005753394115811916
1430350362662379522,negative,2.215663604248571e-06
1430350364998569984,neutral,0.49789225920557484
1430350366751744003,negative,0.0007662779723572197
1430350367221551105,negative,0.016723036633266627
1430350371076120579,positive,0.889069306549579
1430350371168399364,negative,0.13035032060757354
1430350373525536773,neutral,0.3644227714620288
1430350375081713666,negative,0.01090869512701178
1430350375668883456,negative,0.0011260791337291253
1430350376516128772,negative,0.06997797682991073
1430350376553824256,negative,0.012431191778843846
1430350376843218944,negative,0.0019553104171458773
1430350377396969474,negative,0.034201601947555296
1430350377644347394,negative,0.01873466978697474
1430350378315419648,negative,1.5286060553042876e-06
1430350379473063936,negative,0.06787382201420898
1430350381553537024,neutral,0.4922434542267056
1430350382744719362,negative,6.610401545287889e-05
1430350384900476928,negative,0.0006648101627369067
1430350386494418947,negative,0.004783858896352402
1430350387224190976,negative,0.15480874163662972
1430350387794567168,negative,0.00032713910131320354
1430350389312851968,negative,0.0076542902630523015
1430350389405175809,negative,0.06578333652938091
1430350389564559363,negative,8.796166590698662e-05
1430350395377864707,negative,2.1856997924199129e-07
1430350395667267590,neutral,0.5288636399463092
1430350398594949121,negative,0.00029915951680686847
1430350399576363012,negative,0.05864878090876936
1430350402034323456,negative,0.003546177050561109
1430350402172592130,negative,0.02874153693636278
1430350404731166731,neutral,0.6255248137969407
1430350405603627013,negative,0.00856224069461501
1430350406069198851,negative,0.00014880858525467974
1430350407029690370,neutral,0.43237614669412644
1430350408325779460,positive,0.7904049630752347
1430350408476774404,negative,1.060704505532157e-09
1430350409336565763,negative,1.2119262832224166e-07
1430350409441349632,negative,0.011218365703199513
1430350411186286592,negative,7.178096418791252e-05
1430350413140828163,negative,0.16176363966730578
1430350413220483072,negative,0.12664828407500592
1430350413962743811,negative,0.1194684196776595
1430350415762239491,negative,0.001286930827252516
1430350418941468674,negative,0.043910798574784596
1430350419247648771,negative,0.0007177288004068201
1430350419277012992,negative,8.11542307805595e-05
1430350421818753030,negative,0.18987695330158288
1430350423647571970,negative,0.06910880645873725
1430350424909963264,negative,0.2698120625076481
1430350425144893442,negative,9.129672316409522e-08
1430350425308471298,negative,0.0011705350659215602
1430350425543294978,negative,0.16176363966730578
1430350425589420034,negative,0.00014856155435766626
1430350426906497030,negative,0.01817992304589499
1430350428328366085,negative,0.1439591053554232
1430350429473366020,negative,0.29332892471412564
1430350429813186563,negative,8.69040386720053e-08
1430350430358417413,negative,0.001241654216690324
1430350430387703809,negative,0.1439591053554232
1430350431243456512,negative,0.006834859480122911
1430350431738376196,negative,0.04944995414456298
1430350431767650304,negative,0.0006072519923404105
1430350432015159300,negative,0.009863619267884986
1430350438495293440,negative,0.2719538844948051
1430350442027003904,negative,0.084580790077214
1430350442098085890,negative,0.00025007241196849296
1430350444602302467,negative,0.0008380984244916195
1430350445747261442,negative,0.09942184886734068
1430350446036717568,neutral,0.3662353971919655
1430350447588544515,negative,0.051112222479177495
1430350448410640386,neutral,0.49789225920557484
1430350449736093701,negative,0.0006545114562082459
1430350450092613638,negative,0.002698192440556149
1430350451313098755,negative,2.341190641877837e-05
1430350452508483585,negative,0.26098085509345653
1430350452898639880,negative,0.2930302869694775
1430350453225709569,neutral,0.6330861191521205
1430350454890897411,negative,0.007876520187612169
1430350455020953602,positive,0.9985990854310759
1430350456182738948,negative,0.1439591053554232
1430350459173285890,neutral,0.33402218903110614
1430350463329783814,negative,0.024033318512949924
1430350465103974400,negative,0.2668457875575591
1430350465628131329,negative,0.06589923647266555
1430350466492346368,negative,0.0038773215160286508
1430350466756628481,negative,0.0008463731500872914
1430350466915909634,positive,0.9297833602486092
1430350466966343683,negative,9.55175512576834e-14
1430350469579382784,negative,0.06578333652938091
1430350470439071749,negative,0.0007807063029936024
1430350471684935682,negative,0.005753394115811916
1430350473702383618,negative,0.02129124451154466
1430350474163675137,negative,0.024893009941815168
1430350474348310528,negative,0.033674074515376365
1430350476638396416,negative,0.00016953035525988858
1430350477187850247,negative,0.013031897450225661
1430350477758279685,negative,0.03880406629891849
1430350479071002630,negative,8.666236706517845e-10
1430350479414943744,negative,0.0006863429127597896
1430350482623459336,negative,0.16304861938206247
1430350485299597315,negative,0.0971699735771899
1430350485396115456,negative,0.008755534357849785
1430350485685428232,negative,0.003768478034248211
1430350488785068035,negative,3.5951312727179893e-07
1430350489695174659,negative,0.01090869512701178
1430350489980444677,negative,0.0006648101627369067
1430350491368710147,negative,0.09995775453232994
1430350491486244864,neutral,0.46790029342103856
1430350491624644612,negative,3.353080218024061e-07
1430350495638597635,positive,0.8998625740165253
1430350495940595714,negative,0.1439591053554232
1430350496506826764,negative,0.0001302908995055107
1430350497978847233,neutral,0.6580696364137677
1430350498603978755,negative,0.005753394115811916
1430350502399709189,negative,0.3114020570668618
1430350502420754441,negative,5.76882823514821e-06
1430350503439917061,negative,0.011956471674303635
1430350503930699782,negative,1.2119262832224166e-07
1430350504123584512,negative,0.02129124451154466
1430350505788780551,negative,2.0913983096511787e-06
1430350505935478784,negative,0.021779444348456294
1430350508762533894,negative,0.1562331035758467
1430350509114859527,negative,0.01600018912809608
1430350509425238021,negative,0.0057495020827819454
1430350510960390155,negative,4.346562771667453e-06
1430350510985519111,negative,0.08155228327062228
1430350513665626115,negative,0.06589923647266555
1430350514903003136,negative,0.0007177288004068201
1430350518149332993,negative,0.05070662305893323
1430350519168557063,negative,8.202488202491361e-05
1430350526135377930,negative,0.28626879399025057
1430350527016144899,negative,0.005341465456998528
1430350527993458690,negative,0.12932083403380162
1430350528840671237,negative,7.516244517719602e-06
1430350528911970308,negative,0.012431191778843846
1430350529738067968,negative,0.24051203593247364
1430350529960493059,positive,0.9927455655942193
1430350531814375425,negative,0.01655022480749108
1430350532124762119,negative,0.01090869512701178
1430350532900704259,negative,1.4540919181988546e-06
1430350533030785030,negative,0.002099290480706905
1430350534997856256,neutral,0.40446680944231517
1430350536566583297,negative,2.8734671461784587e-05
1430350537204064257,negative,0.06917005078293519
1430350539024437253,negative,0.16908683820064974
1430350539792031744,negative,0.008178362527209763
1430350540349784067,negative,0.10310227302193009
1430350540479864833,negative,0.005753394115811916
1430350543763820548,negative,4.0720052320192874e-06
1430350544288296971,negative,0.02118959597580533
1430350548662984716,negative,0.05864878090876936
1430350551875821568,negative,0.0038773215160286508
1430350557047312385,negative,0.005405626569997956
1430350558532182022,negative,3.244696428359373e-14
1430350558771269637,negative,0.013031897450225661
1430350558993342465,negative,0.002961772375518804
1430350559018733575,negative,0.00011725388266394557
1430350559194882050,negative,0.05137776124746916
1430350562525057025,negative,0.013031897450225661
1430350564022489093,neutral,0.4521332392864445
1430350564286664712,negative,0.1506259295567716
1430350566941659138,negative,1.7538407062232952e-08
1430350568715919365,negative,0.03423563321664491
1430350573937823745,negative,4.083133836088703e-05
1430350575258963969,negative,4.783527581841975e-08
1430350575821070340,negative,0.05740630167378115
1430350577297469441,negative,2.7694420686613915e-07
1430350577649786887,negative,0.0011646921669329225
1430350578023112708,negative,0.2619356029254884
1430350578249515013,negative,0.0002430882976163404
1430350579377876994,negative,3.124376641687979e-06
1430350580719947776,negative,2.661404971092999e-05
1430350581479190531,negative,0.0013605142979034718
1430350581722386441,negative,0.13723454616453923
1430350582653595650,negative,0.00015887215752389313
1430350585606324226,negative,1.9605049153991847e-05
1430350585790926850,negative,0.06589923647266555
1430350585820237825,positive,0.7578712788733418
1430350587552489475,negative,0.005753394115811916
1430350587892273155,neutral,0.49789225920557484
1430350588605251596,negative,0.06589923647266555
1430350589196742657,negative,6.117590878372167e-06
1430350589263757313,negative,0.13723454616453923
1430350589356036100,neutral,0.535122253670079
1430350594091327488,negative,0.1759649185051211
1430350594103939075,negative,0.031430413557849035
1430350594561167360,negative,0.1241594516948575
1430350594708017153,negative,0.08279898693226928
1430350594909294592,negative,0.04348447882618173
1430350595341406208,negative,0.06515741814510642
1430350595379052545,negative,0.13723454616453923
1430350595433672707,neutral,0.5612285186898204
1430350595576242180,neutral,0.3499352441185855
1430350595899240450,negative,0.03399447769184787
1430350597346275334,negative,0.0029619205094553983
1430350597400666114,negative,0.07806621562641687
1430350597824331779,negative,0.0204599567555194
1430350597853794312,negative,0.1506259295567716
1430350599275618306,negative,0.26946072723466363
1430350601037230083,negative,0.13723454616453923
1430350601628573696,negative,0.0032882890879861867
1430350603306274821,negative,0.06589923647266555
1430350603839057924,negative,0.01600018912809608
1430350605025951747,negative,0.011434812741331584
1430350606263148547,neutral,0.37287124192303944
1430350608024973314,negative,0.13723454616453923
1430350608796725251,positive,0.6835958799451118
1430350608989577219,negative,0.08595399235758083
1430350609463619587,negative,9.714526850831676e-05
1430350610239524872,negative,0.020682362390740415
1430350610868707331,neutral,0.4184888632202746
1430350612479324162,negative,8.186549315801497e-06
1430350614878429185,negative,0.0008683764170862291
1430350616023404548,negative,4.261670462265394e-15
1430350616178614272,negative,0.019159367939956665
1430350616212254722,negative,0.1439591053554232
1430350618451976197,negative,0.0023566090282697454
1430350618879725577,negative,0.22259173007161184
1430350621924855815,negative,0.034232201575314
1430350622985965570,negative,6.409283178239748e-05
1430350625133506560,negative,0.15093681370945655
1430350626538631171,negative,0.005753394115811916
1430350626647691268,neutral,0.41539665137696885
1430350629281550336,negative,0.012234658576191609
1430350630628044802,negative,0.003556846964522331
1430350631676620803,negative,1.2119262832224166e-07
1430350636055474181,negative,0.015944636248692846
1430350636974059521,neutral,0.49789225920557484
1430350638148464640,negative,1.2119262832224166e-07
1430350638597222400,neutral,0.46790029342103856
1430350641222782981,neutral,0.374646156093494
1430350641461932034,negative,0.0029619205094553983
1430350645236801536,negative,0.04944995414456298
1430350647199731712,negative,0.001278503335434978
1430350648587997186,negative,0.1097697507143454
1430350648957079554,negative,0.01090869512701178
1430350650106388482,negative,0.014035669573749956
1430350650508992516,negative,0.03663525003415703
1430350651142426631,negative,0.10113884140473946
1430350651230412802,negative,0.15480874163662972
1430350652983685121,negative,0.010220017426950325
1430350656263630848,neutral,0.37431019203433197
1430350656531992577,negative,0.0002972057961471961
1430350657190567943,negative,0.04944995414456298
1430350660231438339,negative,0.001856640298601357
1430350661783367680,positive,0.6746108756521773
1430350662127296521,negative,4.658809802007939e-05
1430350663234596868,negative,0.019373799458444044
1430350668607406080,negative,0.0008683764170862291
1430350668821323780,negative,0.013477567214163514
1430350669496586241,negative,0.00020386840941631864
1430350669983227904,negative,0.011724737227430823
1430350672185020418,negative,0.05226567086749556
1430350673372123139,negative,0.12146426141732296
1430350673724547075,negative,0.0025197943830957185
1430350675330883587,negative,0.16985364131453873
1430350675343519745,negative,0.09526832492549575
1430350675825905671,negative,0.05300418911723705
1430350675830054913,negative,0.0026367426053725846
1430350679604924417,negative,0.050115519833180744
1430350680653504512,negative,0.01655022480749108
1430350681144168455,positive,0.6715832648408521
1430350681790193668,negative,0.0004989692999268393
1430350681899143168,negative,2.8338459037947446e-10
1430350683769909249,negative,1.713473110607014e-05
1430350683832791042,neutral,0.46790029342103856
1430350685330186248,negative,0.007876520187612169
1430350686907215876,negative,0.1613162292850915
1430350688958119938,negative,0.05226567086749556
1430350690392715270,negative,0.25511865431336306
1430350692179496964,negative,2.3402212140085323e-06
1430350692871462912,positive,0.8289301549718835
1430350694452588545,negative,0.00045625475368956693
1430350696721879043,negative,0.00019836351810244513
1430350696969342978,neutral,0.3870882221309295
1430350697191690242,negative,0.0191687033133871
1430350697636192259,negative,7.181047312910396e-09
1430350697694912514,negative,0.21663218523124433
1430350698009403394,negative,0.08990434487298875
1430350698378670080,negative,0.001805716603831504
1430350698798014468,negative,2.8221585107700987e-08
1430350698806456322,negative,0.012733965306920133
1430350698861023234,negative,0.00394848991798037
1430350699376828418,negative,0.1006737026279635
1430350700274491392,negative,0.00016580011140510196
1430350700802940928,negative,0.00014657854317752644
1430350703554347016,negative,0.0014335478348952901
1430350703965392909,negative,0.00011312148466303459
1430350704871362561,neutral,0.47150986089180386
1430350708650414084,negative,0.024893009941815168
1430350710181437444,negative,0.04237424094130999
1430350711259271170,positive,0.7546592975548762
1430350716707672068,negative,0.007876520187612169
1430350719165554691,negative,0.2037088271249841
1430350719861809159,negative,0.15480874163662972
1430350720243490824,negative,0.10310227302193009
1430350721929646082,neutral,0.48164547114327055
1430350726572789765,negative,0.00606172719422156
1430350727436595209,negative,0.09593741336135161
1430350728254697476,negative,7.800082459952215e-05
1430350728317394951,negative,0.003235760243221911
1430350728518938626,negative,0.026267973765302256
1430350731618439177,negative,9.129672316409522e-08
1430350734248251394,neutral,0.5030332264438171
1430350734441291776,negative,0.01090869512701178
1430350737243049985,negative,0.22375466543368244
1430350737553379329,negative,1.4163701736874757e-06
1430350739612839942,negative,0.013898407624298167
1430350740472713223,negative,0.025030877951866138
1430350740661362708,negative,0.16176363966730578
1430350741126930439,negative,0.002515317722295464
1430350741546356744,negative,0.041607159571522966
1430350741940674562,negative,0.00694418831405497
1430350744922820616,negative,0.09942184886734068
1430350745237397511,negative,9.122910662881946e-06
1430350748412485633,negative,0.02129124451154466
1430350749800796165,negative,0.01600018912809608
1430350750077554693,negative,0.053969389699573204
1430350753743441924,negative,0.19060653548051307
1430350754783633410,negative,0.042733376294224995
1430350756033531904,neutral,0.6557158931483446
1430350756163457026,negative,9.129672316409522e-08
1430350757749006336,negative,1.6831384824549207e-06
1430350757988081672,negative,2.3776956979430476e-06
1430350760244613123,neutral,0.38966083377267685
1430350761230180358,negative,0.00018790428326867308
1430350761356054529,negative,0.07463990565083208
1430350761595215880,negative,3.2005856181862435e-06
1430350762857615360,negative,0.015018858863836389
1430350763595866113,negative,0.0023527916080796434
1430350767253303297,negative,0.10310227302193009
1430350768570347523,negative,0.06561318977149644
1430350773003640832,negative,0.10310227302193009
1430350773083332613,negative,0.26205402389485666
1430350774039678976,negative,0.001805716603831504
1430350774295465985,neutral,0.4922434542267056
1430350776463921159,neutral,0.6255248137969407
1430350777269178371,negative,1.2119262832224166e-07
1430350777890099200,negative,0.002698192440556149
1430350778791772162,negative,0.0011134207670139315
1430350779160965121,neutral,0.46790029342103856
1430350779622301696,negative,2.0320733630109924e-06
1430350782227001346,negative,0.04944995414456298
1430350783531397124,negative,1.0439055714334297e-07
1430350784034652161,negative,0.06702468813175695
1430350785750224902,negative,0.07412903169407278
1430350786412879881,neutral,0.4507454498615163
1430350789525000195,negative,0.012537253413884404
1430350790225448963,neutral,0.41539665137696885
1430350793165651969,negative,0.0002972057961471961
1430350793622839299,negative,0.008564516524943045
1430350793912295436,negative,0.044415180691566435
1430350794553974788,negative,0.056487989030389305
1430350795636097027,negative,0.05137776124746916
1430350797624201217,negative,0.0026823819654344556
1430350798094053379,negative,8.905500213129744e-07
1430350800094744584,negative,0.002698192440556149
1430350800879079426,neutral,0.5027646538510618
1430350801281732610,negative,0.06601848979090187
1430350801315241985,negative,0.07210376211110266
1430350801348800512,negative,0.034067399101283015
1430350802120552449,negative,0.002698192440556149
1430350804024762369,negative,0.00023835007374307934
1430350807757639682,negative,0.00016580011140510196
1430350807933886469,negative,0.00019603363316985183
1430350808143511565,negative,0.006156940675492151
1430350808185462785,negative,0.024317237430533125
1430350809724854277,negative,0.32700032425655196
1430350811612303364,negative,0.051988426031694665
1430350812149161986,negative,0.013056410424384228
1430350818679603203,negative,0.213377886121689
1430350822039240711,negative,0.012431191778843846
1430350824295776262,negative,0.0029667572049315895
1430350825268912131,neutral,0.41539665137696885
1430350826330116100,negative,0.1439591053554232
1430350827907174403,negative,0.006598541637434211
1430350830067240961,negative,0.012614932523516703
1430350830339756041,neutral,0.49789225920557484
1430350831065370626,positive,0.7564499908318857
1430350833242329094,negative,0.04570969931819914
1430350833523302402,negative,0.0674710141192282
1430350835356213260,negative,0.06692082588542778
1430350836358651905,negative,1.389299182616703e-07
1430350841677033478,negative,1.0630005752202176e-05
1430350842809442306,negative,0.026024492841013012
1430350844231364608,negative,0.013003264633793013
1430350844256456705,negative,8.756328176712908e-15
1430350845523206144,negative,0.0020290548905396934
1430350846525591559,negative,0.0005612894962486011
1430350847142158337,negative,0.06917005078293519
1430350848664633347,negative,0.14537218508627545
1430350850623426564,neutral,0.46790029342103856
1430350851256856576,negative,0.02129124451154466
1430350851348983811,negative,0.00018046888164415084
1430350851458142215,negative,0.012733965306920133
1430350852146016256,neutral,0.42017478441435474
1430350852162822152,negative,0.10310227302193009
1430350852636749829,positive,0.9604272320162871
1430350853093744642,negative,0.15480874163662972
1430350855086252041,negative,0.021808394260544206
1430350855300124672,negative,1.729817978975049e-09
1430350855690244101,negative,0.19063919986712685
1430350857200152578,negative,1.2119262832224166e-07
1430350857867075590,negative,2.3449553272763225e-05
1430350859947417600,negative,2.606297592361269e-07
1430350859947454466,negative,0.0007662779723572197
1430350860438196234,negative,1.6326462402486995e-14
1430350860798894080,negative,0.022615587914549904
1430350861029548034,negative,0.1439591053554232
1430350862178738178,negative,0.01600018912809608
1430350862887575555,negative,0.23049631391333644
1430350863785250825,negative,0.018753312141160442
1430350864246575108,negative,1.2119262832224166e-07
1430350864359829506,negative,3.5951312727179893e-07
1430350864817008642,positive,0.9964430171513299
1430350865886584838,negative,0.1439591053554232
1430350867052613632,negative,0.00019836351810244513
1430350872463220744,negative,0.0005700459510788234
1430350874241556486,negative,0.00498911476875434
1430350874703024138,neutral,0.5005903704003903
1430350875327926275,neutral,0.4047214283799102
1430350875789250563,positive,0.6746108756521773
1430350876288356352,negative,8.267909448559586e-05
1430350876510724099,negative,0.0006072519923404105
1430350877760569350,negative,0.01124531776284865
1430350877970374657,positive,0.8655740445226688
1430350878792429570,negative,0.00034231182476282735
1430350878901477378,negative,0.04649478570068118
1430350881728307200,negative,0.2249485115630689
1430350882084986883,negative,1.705212014604397e-06
1430350882546221060,negative,0.0013913781618843156
1430350883955609602,negative,0.004710169025039443
1430350884735635458,negative,3.5373105964181725e-08
1430350886530863105,negative,0.004710169025039443
1430350886757351425,negative,1.2119262832224166e-07
1430350887109672966,negative,0.13035032060757354
1430350887206195202,negative,0.20623823821051693
1430350887696965638,negative,0.0011645354025156165
1430350888359632904,negative,0.0036772477697738916
1430350889252966404,negative,8.39008307244916e-07
1430350890024722435,negative,0.04435973972959143
1430350891790577665,negative,0.031030969412076448
1430350894902747137,negative,0.12262022378352953
1430350895469015041,negative,0.15234087859064707
1430350895485685760,negative,0.004710169025039443
1430350896798605319,negative,2.8689693931993096e-06
1430350897901539334,negative,0.01742273292513592
1430350898182692871,negative,0.004710169025039443
1430350899172585472,negative,0.06353499681727007
1430350900284071943,negative,0.004116869142671532
1430350900959354887,negative,0.08082585552273223
1430350902372847621,negative,0.018315312204702484
1430350903358406660,negative,0.1006737026279635
1430350907326308353,negative,0.03126848849105296
1430350908118945792,negative,0.04366795360587324
1430350908387479557,negative,1.588253597427915e-05
1430350910094405634,negative,0.01600018912809608
1430350910417424387,negative,0.019552045773126712
1430350912053260291,negative,0.0008463731500872914
1430350912938299394,negative,0.006065718865882622
1430350913173082114,negative,0.0472297898696284
1430350913328357378,negative,0.002064586527903213
1430350915534524421,positive,0.9253975424772902
1430350915714928640,negative,0.0052282867398641296
1430350915798700037,negative,0.004706679031772663
1430350916000133121,negative,0.04237424094130999
1430350916037726209,negative,0.0002743442424629844
1430350916704772096,negative,0.14620152987291452
1430350916889288709,negative,0.0006911834245006714
1430350916910305285,negative,0.06145524509165816
1430350917879144448,positive,0.9900836267588929
1430350919443656714,negative,0.1366810178334358
1430350920076906497,neutral,0.4437421469008292
1430350921175912448,negative,3.888307479054854e-12
1430350921314312192,negative,0.11018837518688619
1430350923218436100,negative,0.00017393090416122485
1430350923801534469,negative,7.753316500335028e-05
1430350923965083649,negative,0.0002167755191523614
1430350927341445122,negative,0.0915796991391375
1430350928964726787,negative,0.001379217051552565
1430350929090555911,neutral,0.46790029342103856
1430350930315202568,negative,0.13473923758586712
1430350931351179272,negative,0.18865995707067154
1430350931514724361,negative,2.661404971092999e-05
1430350931862953984,negative,0.20537445868366933
1430350939223953409,negative,0.26946072723466363
1430350944705806340,negative,0.02387251284677864
1430350946211557380,negative,0.029084605322430918
1430350946517716992,negative,0.14172623073750992
1430350948350808067,negative,0.018818232840531947
1430350949068034053,negative,0.03550716156306508
1430350955007123459,negative,0.24051203593247364
1430350957066526730,negative,0.1439591053554232
1430350957083303936,positive,0.6835958799451118
1430350957544714241,negative,0.012733965306920133
1430350960136802306,negative,2.3743809338116833e-07
1430350961894117378,negative,2.2969362030748103e-10
1430350967946588161,neutral,0.3387874894858045
1430350970878320643,negative,0.09942184886734068
1430350971499073537,negative,0.15253900981666582
1430350972283412481,negative,0.001993952172878545
1430350972975464450,negative,0.0012976171996325887
1430350977450889220,negative,0.16176363966730578
1430350978377822210,negative,0.05226567086749556
1430350978742509570,negative,0.00024904251105430217
1430350981464788997,neutral,0.5288636399463092
1430350981926166530,negative,6.935252359970835e-16
1430350982333059077,negative,2.3818420450974317e-05
1430350983079489537,negative,0.32120439742908596
1430350984111443972,negative,0.0009427222018540094
1430350984643899392,neutral,0.3426638101355001
1430350987127136261,negative,3.632551501720433e-05
1430350989312266241,negative,0.02387251284677864
1430350990562189313,negative,0.1851761169481241
1430350991191334916,negative,0.06692082588542778
1430350991577210887,negative,8.52263258173854e-05
1430350993913438211,negative,0.10310227302193009
1430350996824276993,negative,6.014479591269272e-07
1430351000473378818,negative,2.43038242412175e-05
1430351003623305219,negative,0.029706199074935498
1430351005003272195,neutral,0.41539665137696885
1430351005506494468,negative,0.0005603877930639388
1430351005682708487,negative,4.184959444557086e-05
1430351007691812886,negative,0.05226567086749556
1430351008148901888,negative,0.04016190744806835
1430351010594234380,neutral,0.6580696364137677
1430351011563163649,negative,0.12146426141732296
1430351014058659841,negative,0.01655022480749108
1430351016508145671,negative,1.2119262832224166e-07
1430351018357927937,negative,0.0008455565641629747
1430351023999160320,negative,0.049619717662064314
1430351025525907456,negative,0.03880406629891849
1430351026545209347,negative,0.14991548800178608
1430351026700361728,negative,0.11410680166132349
1430351030051540992,negative,2.661404971092999e-05
1430351032794722306,positive,0.8125638580264768
1430351032840769538,negative,0.14167939342590805
1430351035525181440,negative,4.994368520532384e-05
1430351037773193218,negative,0.004648148210534928
1430351038050144260,negative,0.04605889773712507
1430351038352138240,negative,0.005126685659463643
1430351038440218626,negative,0.04843097996249303
1430351038889005064,negative,2.3449553272763225e-05
1430351041904656392,negative,0.006834859480122911
1430351042580041729,negative,1.9254388597713627e-06
1430351044136034307,negative,0.08658879597592531
1430351044429717505,negative,0.03126848849105296
1430351048288448512,negative,4.330363573003064e-05
1430351048456118277,negative,0.10893743244291845
1430351051425779717,negative,0.015011808310827228
1430351058597974019,negative,1.2119262832224166e-07
1430351058744889345,negative,0.0029282911755075867
1430351060544151565,negative,0.03982012979408541
1430351062914015234,negative,0.014035669573749956
1430351063190749187,negative,0.013272248684848695
1430351064226795522,negative,0.03880406629891849
1430351064365027330,neutral,0.5459126945397397
1430351069603840012,negative,0.00016733510091945943
1430351070325354498,negative,0.07754901053488461
1430351071499722755,negative,0.07491019750760737
1430351072216895491,negative,0.001551117516441921
1430351072615354371,negative,0.006834859480122911
1430351072699289605,neutral,0.3353500257179539
1430351075060637702,negative,4.117772339872e-10
1430351075496939521,negative,0.020027419510777175
1430351076499275783,negative,0.0014077772821074416
1430351076822327298,negative,2.340445360693688e-05
1430351078260883457,negative,0.011724737227430823
1430351079456362504,negative,0.11416083942319363
1430351079603060740,negative,0.004452545110731614
1430351079833841664,negative,0.3024027088783894
1430351080714604548,negative,0.1439591053554232
1430351080823611393,negative,0.013477567214163514
1430351081838727172,negative,1.9605049153991847e-05
1430351082002202624,negative,0.209038077222759
1430351082073493513,negative,0.2499904304336832
1430351084619452420,neutral,0.4922434542267056
1430351086234316802,negative,0.012431191778843846
1430351086771187716,negative,0.0013863619054879323
1430351086792200195,negative,0.0071425627841440985
1430351087287087109,negative,2.463980680276039e-05
1430351087475826688,negative,0.014035669573749956
1430351087790342146,negative,1.1605329383183432e-07
1430351088385941505,negative,6.088228187096988e-10
1430351088897626119,negative,0.23971593729986593
1430351088901885955,neutral,0.4922434542267056
1430351089371594761,negative,0.11154443292387338
1430351089883357195,negative,0.2499904304336832
1430351090722222086,negative,0.10113884140473946
1430351090814382081,negative,0.036077503215308664
1430351093524045827,neutral,0.5027646538510618
1430351093628915714,negative,0.09942184886734068
1430351094337654784,negative,3.3264501884698285e-07
1430351094669058054,positive,0.9326842412183404
1430351094773948418,negative,1.5368996393274125e-06
1430351094782341123,negative,0.10057999076286693
1430351095734358022,negative,0.00019836351810244513
1430351097915486223,negative,0.019552045773126712
1430351098339069958,negative,0.32209735538675927
1430351098439634949,negative,0.2639894079812694
1430351099131801603,negative,0.3055950302665505
1430351099333160961,negative,0.00012220266709744368
1430351099945492482,negative,0.0014827157647100046
1430351100243333121,neutral,0.3533189686424992
1430351101610663936,neutral,0.33149950431231145
1430351102952751104,negative,2.661404971092999e-05
1430351103200309250,negative,0.3029968537174699
1430351105901273092,negative,0.0006859403713845743
1430351106182426636,positive,0.7148678611600701
1430351107054833664,negative,0.07435055115943454
1430351107675590661,negative,0.0015999112307197017
1430351108271067139,negative,0.0006911834245006714
1430351112540856321,negative,0.0022685092967434537
1430351114436743171,negative,0.002698192440556149
1430351115011432453,positive,0.6854831016923071
1430351115661545477,positive,0.6835958799451118
1430351116571750405,negative,0.006834859480122911
1430351116936560647,negative,0.00016650328481743318
1430351118903693312,negative,1.2827379273215354e-05
1430351119369318405,negative,0.0007113437993762543
1430351122234023936,negative,0.11108997401887487
1430351122351509504,negative,0.16176363966730578
1430351123362324484,negative,1.6449875958259828e-06
1430351124276580358,negative,0.12354302554048087
1430351125224566787,negative,0.017813309709211606
1430351125509779456,negative,0.1439591053554232
1430351130093965313,negative,4.994368520532384e-05
1430351130811379717,negative,0.005753394115811916
1430351131666911234,negative,0.006834859480122911
1430351132891750402,neutral,0.33402218903110614
1430351133168504833,negative,0.1836347302225495
1430351134846328833,negative,0.10310227302193009
1430351135190179849,negative,0.1613162292850915
1430351135458701313,neutral,0.6301234559680013
1430351136624611328,negative,0.0008683764170862291
1430351137991925761,negative,0.25611095771320935
1430351138117672967,negative,0.021779444348456294
1430351139309072385,negative,2.3733280193418934e-09
1430351140466708481,negative,2.891744970845973e-09
1430351140542160899,negative,0.007876520187612169
1430351142987472898,negative,0.2615305379631084
1430351143452950529,negative,0.0008815046480037513
1430351145172672521,neutral,0.46790029342103856
1430351145239781376,negative,0.09701018081577242
1430351150725750794,negative,0.05688202555615441
1430351151636131840,negative,0.000602907457776655
1430351151787122692,negative,8.905500213129744e-07
1430351156069478403,negative,2.0102799119988846e-07
1430351156899889155,negative,1.2119262832224166e-07
1430351159332642821,negative,2.661404971092999e-05
1430351160939094018,negative,0.06447886428433687
1430351163724124160,negative,3.294735814822627e-06
1430351165028507658,positive,0.9502278052043225
1430351166462959622,negative,1.2119262832224166e-07
1430351167779971076,negative,6.711424060324298e-08
1430351168266452992,negative,0.09701018081577242
1430351169839304709,negative,9.499833158864952e-05
1430351171051458562,negative,0.04826599225086531
1430351171210854401,negative,0.02129124451154466
1430351172007874566,negative,0.03126848849105296
1430351176210518022,negative,0.0007896014748346315
1430351177116495876,negative,3.3264501884698285e-07
1430351180157304839,negative,0.08917286848381235
1430351181017141249,negative,0.1439591053554232
1430351182099357696,negative,0.05632518366686355
1430351182648811520,negative,0.0004610484814870856
1430351183433158661,negative,0.03880406629891849
1430351184611577858,neutral,0.33613531380964107
1430351186310410241,negative,0.000277056082399906
1430351186943746049,negative,1.2827379273215354e-05
1430351187497439235,neutral,0.6236367032017949
1430351188315320320,negative,2.661404971092999e-05
1430351189535830017,negative,0.006156940675492151
1430351195676286978,negative,0.005413442313989779
1430351195953061888,negative,0.01090869512701178
1430351196372471808,negative,0.1514308870078797
1430351197710569474,negative,2.0913983096511787e-06
1430351200126394374,negative,0.17349516800747566
1430351200214347781,negative,0.015543993729574644
1430351200575238145,negative,5.05388823270196e-06
1430351205079912448,negative,0.17093269947216677
1430351205146976256,negative,5.207738906908076e-05
1430351206090633216,negative,2.5637804617222224e-05
1430351206812168195,negative,4.0954885019665824e-05
1430351208716423177,negative,0.008178362527209763
1430351210222080000,negative,0.08196693296169402
1430351210780020744,negative,1.9072040273270924e-06
1430351211492937737,negative,0.11298213179383208
1430351212554199045,negative,0.03126848849105296
1430351212885520387,negative,0.029084605322430918
1430351215028842503,negative,0.002698192440556149
1430351215582453762,negative,0.00041965671180245755
1430351215980949507,negative,0.0050312542882099765
1430351217067167755,neutral,0.49789225920557484
1430351217184620545,negative,0.001805716603831504
1430351217876774916,negative,7.07600836172985e-07
1430351218308755459,negative,1.4278094513964075e-09
1430351218531094528,negative,0.006653063637625284
1430351219843899399,neutral,0.3318228626708164
1430351220250750976,negative,0.049930533040675386
1430351221613805574,negative,7.195698284976074e-05
1430351221987098626,negative,0.040698623474074075
1430351222129799170,negative,0.012431191778843846
1430351223572647938,negative,0.18011813426510112
1430351224323379204,negative,1.3295222369409445e-06
1430351224784687109,negative,0.03395811344781475
1430351227192320005,negative,7.753316500335028e-05
1430351227397844992,negative,0.08097924790491873
1430351230673563649,negative,4.067747457619324e-07
1430351231902355457,negative,0.03841842620596202
1430351234846896137,negative,0.0066568332430001435
1430351235052408835,negative,0.003911222105772592
1430351235396227074,neutral,0.6248753173236122
1430351236298121216,negative,2.661404971092999e-05
1430351236956446723,negative,0.001805716603831504
1430351238823034883,negative,0.05717459182522736
1430351239255105536,negative,1.0094245679582965e-06
1430351241192910849,negative,0.012431191778843846
1430351242472169474,negative,0.010447672508800803
1430351244133113860,negative,0.056477053014479715
1430351244384681986,negative,0.1439591053554232
1430351244867088384,negative,0.000789106643167648
1430351247291437061,negative,0.02129124451154466
1430351247983489025,negative,0.0006389977047754759
1430351251129184256,negative,0.12146426141732296
1430351253285085188,negative,0.1514308870078797
1430351253964394497,negative,0.04495302892391066
1430351254048448513,negative,9.186064450159611e-07
1430351255533142019,negative,0.1006737026279635
1430351257491759110,negative,0.05539400510361184
1430351262898327553,negative,0.012431191778843846
1430351265209495553,negative,1.5286060553042876e-06
1430351265385508870,negative,7.0534053999505835e-06
1430351268246081538,negative,0.0010061904181496556
1430351271660240899,negative,0.04944995414456298
1430351271828066312,negative,0.006813005813537137
1430351272054566917,negative,2.767352620307078e-05
1430351272167751681,negative,0.0005029104915264296
1430351273153413128,negative,0.16176363966730578
1430351275766521856,negative,0.28626879399025057
1430351275837726723,negative,0.1006737026279635
1430351276433346560,negative,0.0009939913867890197
1430351277544853504,negative,0.29250807005965934
1430351278086004739,negative,0.02268893488616508
1430351278094290945,negative,2.341190641877837e-05
1430351279503642626,negative,0.03744266634681711
1430351282527670277,negative,0.15480874163662972
1430351284947898368,neutral,0.38104707880945315
1430351288764534787,negative,0.011199235971232157
1430351289628692484,negative,0.02129124451154466
1430351291079921664,neutral,0.4282365445608911
1430351292354998282,negative,0.15480874163662972
1430351293353242625,negative,0.00010841013401255566
1430351294540230656,positive,0.8693535984142516
1430351295727259648,negative,0.005555735286369478
1430351297560129538,negative,0.011724737227430823
1430351297883090947,negative,1.0735694121021498e-09
1430351298260611072,negative,0.20537445868366933
1430351299019673603,negative,0.20627300819510563
1430351301607661573,negative,2.6211466983294634e-05
1430351302106693641,negative,0.002688575779948614
1430351305344696324,negative,0.011299048710030395
1430351306108112899,negative,0.2805901356360662
1430351311908835333,negative,0.0006679399158023113
1430351313188106242,negative,0.1439591053554232
1430351314337288199,negative,0.1788213806954451
1430351314643521536,negative,0.0011311508990195578
1430351316426047490,negative,0.001805716603831504
1430351317852119043,negative,0.002348258242876821
1430351318133231617,negative,0.002698192440556149
1430351318489702402,negative,0.03976226788119572
1430351319118716932,negative,0.0016410497400917846
1430351319458631683,neutral,0.6459567158672359
1430351322625150982,negative,0.029112619962128317
1430351322839191559,negative,2.661404971092999e-05
1430351323128598533,negative,0.16551724055211098
1430351324135231488,negative,0.003569033570129386
1430351324823052295,negative,0.1514308870078797
1430351329176731648,negative,0.001106748152862756
1430351331018018823,negative,3.3733738229910596e-05
1430351331190099972,positive,0.6746108756521773
1430351331987005442,negative,0.0003499261852097622
1430351334444879874,negative,0.010901289837050148
1430351335862505478,negative,0.13035032060757354
1430351336797843466,negative,2.387768187520229e-05
1430351337200537601,negative,0.325064571334268
1430351338777497602,negative,0.007034075106216088
1430351339033399297,neutral,0.49789225920557484
1430351339352215562,negative,0.00035240359230924787
1430351340144840707,negative,0.00341360342135034
1430351340211945478,negative,0.02129124451154466
1430351340212039682,negative,0.015781979609229127
1430351341675859971,negative,0.32626475440592845
1430351341730385921,negative,0.03736859209715203
1430351341919129602,negative,0.059968059080662106
1430351343374450692,negative,0.07351554910052585
1430351343508676614,negative,1.2119262832224166e-07
1430351343647133700,negative,0.1514308870078797
1430351343823343618,negative,0.0008463731500872914
1430351344926330881,negative,0.001241654216690324
1430351346310516738,negative,0.026926096156326636
1430351346633482244,negative,0.002698192440556149
1430351346797002752,neutral,0.40894589973255985
1430351346797096963,negative,0.05300418911723705
1430351347816271872,negative,0.20627300819510563
1430351350840401922,negative,2.8221585107700987e-08
1430351351301689346,negative,0.1514308870078797
1430351351503101957,negative,2.456211379558543e-05
1430351355483496450,neutral,0.6580696364137677
1430351359799406598,negative,0.024893009941815168
1430351360374054913,neutral,0.4922434542267056
1430351361120604165,negative,0.3021029494779044
1430351361582014477,negative,0.10048369792156107
1430351361594597379,negative,0.03976226788119572
1430351365457518592,negative,4.346895556055561e-06
1430351368154406912,negative,0.00041965671180245755
1430351371509796864,negative,2.6502936461037924e-05
1430351373221175302,neutral,0.4063521545737066
1430351373296623617,negative,0.015013086786737696
1430351373590220802,negative,0.0005138787049898115
1430351375620186112,negative,0.22513994270505325
1430351375792214016,negative,0.001735372815795834
1430351375804813315,negative,6.857522663845755e-10
1430351377767845895,negative,0.017813309709211606
1430351380607381512,neutral,0.6255248137969407
1430351380817002496,negative,2.606297592361269e-07
1430351381039304705,negative,0.00017087450768500193
1430351381446156294,negative,2.463980680276039e-05
1430351383895683072,negative,0.001106748152862756
1430351384604467202,negative,0.002515317722295464
1430351384914841600,neutral,0.5288636399463092
1430351385304895488,negative,0.0004488794915574065
1430351385732784133,negative,0.16909849095066395
1430351387859226626,negative,0.00796220823193602
1430351389843148804,negative,0.0011858874941619373
1430351389994196994,negative,0.015018858863836389
1430351393169215490,negative,0.034067399101283015
1430351395476099083,negative,0.1439591053554232
1430351395790721026,negative,0.007680087466661283
1430351395887230979,negative,0.06876785198088908
1430351398567358468,neutral,0.41539665137696885
1430351398940643330,negative,2.661404971092999e-05
1430351399221669893,neutral,0.44707712117680115
1430351399267745797,negative,0.015543993729574644
1430351400937136138,positive,0.6746108756521773
1430351401071169543,negative,0.000602907457776655
1430351401226588164,negative,4.219186060431663e-05
1430351406502977540,negative,0.22025490230766986
1430351407811469314,negative,0.23180143766032288
1430351408914649089,negative,0.0005273353135702977
1430351413385830405,positive,0.9058556076415677
1430351416384704514,negative,0.03126848849105296
1430351417949278209,negative,0.0007177288004068201
1430351418108616707,negative,0.10310227302193009
1430351421636030469,negative,0.16549857921009653
1430351422286094337,negative,0.08031955187691374
1430351423754096643,negative,0.01655022480749108
1430351426081939457,negative,0.1466728709177866
1430351426732109828,negative,0.02129124451154466
1430351426790871040,negative,0.32445607330426646
1430351434684502020,negative,0.3021029494779044
1430351434889850881,negative,0.045958589078364954
1430351435334574080,neutral,0.46790029342103856
1430351436529946625,neutral,0.4120935478464162
1430351436542533634,negative,0.0005612894962486011
1430351437159178246,negative,0.03126848849105296
1430351437175873545,negative,0.0002430882976163404
1430351439000481794,negative,0.26946072723466363
1430351442104225798,negative,1.1432941789150254e-05
1430351443341586432,positive,0.9954360962508451
1430351443567984642,negative,0.002413350826074324
1430351445245693952,negative,1.4944928295266145e-13
1430351445715529728,positive,0.9782855454789735
1430351446311120902,negative,0.0789787448062414
1430351446394933255,neutral,0.5734576952979002
1430351446751555584,negative,0.0016518621257436605
1430351446990639107,negative,0.1514308870078797
1430351449444265988,negative,0.10310227302193009
1430351449557553154,negative,0.008178362527209763
1430351450656419845,negative,0.04649478570068118
1430351450723528710,negative,2.341190641877837e-05
1430351453827252227,negative,0.06589923647266555
1430351456742350853,negative,0.0007177288004068201
1430351457883205636,negative,0.22543038840957136
1430351460978540552,negative,0.07838261686858392
1430351461771321348,negative,0.027560645203659414
1430351463021170690,negative,0.20537445868366933
1430351465248342020,negative,0.006473621459134749
1430351466636709889,negative,1.0094245679582965e-06
1430351468272443394,negative,0.22429837319013046
1430351468305993730,negative,0.002698192440556149
1430351469438406658,negative,0.27560367073527936
1430351470831050756,negative,0.20537445868366933
1430351470961041411,negative,0.032935120055120885
1430351472491909123,negative,1.5072876627702406e-07
1430351473272049671,negative,0.001106748152862756
1430351473397977088,negative,0.06589923647266555
1430351473507020804,negative,0.007176791971353284
1430351480347836422,negative,0.0005739371581949189
1430351480406618112,negative,0.0040069841903250525
1430351481455136768,positive,0.7010314658120373
1430351482482794498,negative,0.00016580011140510196
1430351483548147713,negative,0.1514308870078797
1430351483552346112,negative,0.1514308870078797
1430351483556478976,negative,0.1514308870078797
1430351486811312129,negative,0.00025007241196849296
1430351488631595011,negative,0.0004560057987810787
1430351490057572354,negative,5.442039427806189e-05
1430351490124746760,negative,0.00041965671180245755
1430351490514829313,negative,9.369259238456976e-06
1430351491110477827,negative,0.09475923411273379
1430351492075204618,negative,0.00020386840941631864
1430351492138082308,neutral,0.4922434542267056
1430351496198172674,negative,1.2119262832224166e-07
1430351497485815808,negative,0.00023430815911436773
1430351498131738625,negative,0.0040069841903250525
1430351500811849738,negative,0.21673248175936052
1430351501659189252,negative,0.02129124451154466
1430351504188354563,negative,6.258543744474871e-07
1430351504775462918,negative,0.0020192383389873894
1430351506633641986,negative,0.011567719258829537
1430351509062098947,negative,0.004104636229725481
1430351509254979586,negative,2.0102799119988846e-07
1430351510127484934,negative,0.1439591053554232
1430351511419117570,negative,0.002624524605817329
1430351514057465860,negative,1.723441949832053e-06
1430351515684855815,negative,1.61116122896025e-10
1430351516385349633,negative,0.01600018912809608
1430351518583099392,positive,0.9995982600329698
1430351519120044037,negative,0.0915796991391375
1430351519489069059,negative,0.14188711129653592
1430351519854047234,negative,0.004167972661659502
1430351520143400962,negative,3.837400992780181e-06
1430351521296830464,negative,0.06964515723976908
1430351521322000389,negative,0.30318712351897126
1430351524673335300,negative,0.00796220823193602
1430351528037076997,negative,0.19015472042235973
1430351530838806529,negative,0.01319145982028503
1430351531283558400,negative,2.43038242412175e-05
1430351533015711749,negative,0.14188711129653592
1430351533569363968,positive,0.7311396629216832
1430351534227927049,negative,0.0023566090282697454
1430351534429249537,negative,0.00014529935565731563
1430351535884673029,negative,0.1514308870078797
1430351536048201737,negative,0.001106748152862756
1430351536052391938,negative,0.019552045773126712
1430351537503674368,negative,0.029084605322430918
1430351539869204481,negative,0.003517926115353839
1430351546131357697,negative,0.03036687800571725
1430351547045752835,negative,0.2503620269031739
1430351548043964416,negative,0.002698192440556149
1430351548270403587,negative,0.05137776124746916
1430351548836720644,negative,0.01600018912809608
1430351550539513857,negative,0.008700050252895905
1430351551349002243,negative,0.21008354798384332
1430351551516663810,negative,0.05226567086749556
1430351553156747269,negative,0.06290726164708234
1430351554268307457,negative,2.2700726010303932e-08
1430351554280820740,neutral,0.5133838401969978
1430351554561912837,negative,1.2119262832224166e-07
1430351556608626690,negative,0.0003555221122634238
1430351557208444937,negative,0.2615305379631084
1430351561465622535,negative,7.733417873295257e-05
1430351561880969217,negative,1.3076584770335688e-06
1430351564036771843,negative,0.10113884140473946
1430351566175801344,negative,0.11428525782370799
1430351567580958724,negative,0.0016323074965782917
1430351567828488196,negative,0.11071802587454739
1430351569833267200,negative,1.4899210504528158e-06
1430351570256994305,negative,0.03276024959730541
1430351570688937991,positive,0.9867051646430967
1430351571917983746,negative,0.11146070614478108
1430351574178598916,negative,0.0005146910191014397
1430351575386578947,negative,0.012431191778843846
1430351575982161924,neutral,0.49789225920557484
1430351577253097476,negative,0.00016580011140510196
1430351578905694208,negative,0.25363444143598574
1430351580168077322,negative,0.05103729616935649
1430351581162184709,negative,1.9605049153991847e-05
1430351581552152579,negative,0.2249485115630689
1430351584123359233,negative,0.12981540930498373
1430351588569272323,negative,0.06279540671454846
1430351589437550595,negative,0.1794949987636975
1430351591656329219,negative,0.209038077222759
1430351595708063744,negative,0.10215297774881944
1430351596077072387,negative,0.0008089387996608466
1430351596098138124,negative,0.0009487168186341927
1430351598186901506,positive,0.6779618114383872
1430351598362845188,negative,0.00020386840941631864
1430351601097641986,neutral,0.59389029254544
1430351603589124096,negative,0.0005707478721527374
1430351603920474115,negative,0.14206552119176594
1430351603941445632,negative,0.009576278754664892
1430351604138582024,negative,0.013003264633793013
1430351607498035202,negative,0.03126848849105296
1430351607904997381,negative,0.02129124451154466
1430351608022437891,negative,5.05388823270196e-06
1430351608865509376,negative,0.02129124451154466
1430351611537149953,neutral,0.46127768308170247
1430351612795662337,negative,0.015543993729574644
1430351615433838592,negative,4.4885988447196524e-07
1430351615437987849,negative,0.00489916335287179
1430351616822190080,negative,6.344208340522895e-05
1430351618554335234,negative,0.1514308870078797
1430351621427535873,negative,5.05388823270196e-06
1430351621880520713,negative,1.2119262832224166e-07
1430351622656479234,negative,0.2607395287349741
1430351622954229765,negative,0.02129124451154466
1430351623210033155,negative,0.0018553408158144679
1430351623436517379,negative,0.0004804563505541635
1430351624250306561,negative,2.913593882113909e-05
1430351625143607298,negative,0.0029619205094553983
1430351626687156225,negative,2.463980680276039e-05
1430351627500797954,negative,0.05300418911723705
1430351627651796996,negative,0.0016766116542109258
1430351628549431303,neutral,0.4042041767695276
1430351629228728320,negative,5.65284283370434e-08
1430351631825178625,negative,7.976124708807446e-08
1430351632542224390,negative,0.10310227302193009
1430351632940683267,negative,0.09528420383281899
1430351635566505986,negative,0.2977175483828308
1430351636615024643,negative,0.32132486267703997
1430351636711440384,negative,0.14172623073750992
1430351636803768325,negative,4.0288139022629615e-06
1430351644508790785,negative,0.00012998851616578821
1430351644731092993,negative,0.0011705350659215602
1430351645507006469,negative,0.1514308870078797
1430351645825769472,negative,0.001805716603831504
1430351647415406593,negative,7.410301513856646e-05
1430351648124252160,negative,0.0010632926835963507
1430351654411513858,negative,0.1514308870078797
1430351654851948547,negative,0.0006017075594626341
1430351654864527363,negative,0.2336090753259584
1430351654986076162,neutral,0.4274047939449264
1430351655497728001,positive,0.7374210528254103
1430351655699165184,negative,0.024033318512949924
1430351656609320961,negative,0.1731709207895117
1430351656697438208,negative,0.2437808171069588
1430351658047971329,negative,4.994368520532384e-05
1430351658215739393,negative,0.02129124451154466
1430351658345590785,negative,0.1388118935659903
1430351661394968580,negative,0.025606385327558677
1430351665413115907,negative,2.536713354941636e-05
1430351665945841668,negative,0.007142341535843848
1430351668659560452,negative,3.3264501884698285e-07
1430351671893372928,negative,0.02538236614922146
1430351673151664133,neutral,0.35142958028614674
1430351673545875459,neutral,0.5416287469103049
1430351674300829698,negative,0.0015933382503997289
1430351676322553869,negative,0.07806621562641687
1430351678126100483,negative,0.005316432726242293
1430351679023718405,neutral,0.41945036369312033
1430351679988371456,negative,6.338204508480782e-08
1430351680835575816,negative,0.007768255050875105
1430351681183789064,negative,0.10899746894569472
1430351681561243656,negative,7.195698284976074e-05
1430351683192643584,negative,0.01600018912809608
1430351683406675975,negative,2.3101395610172638e-06
1430351685252157440,positive,0.9633894245446962
1430351687420629085,negative,0.002698192440556149
1430351688100102146,negative,0.01655022480749108
1430351689425502208,positive,0.9999340151344936
1430351689832439811,negative,0.00010841013401255566
1430351690063130625,negative,0.001106748152862756
1430351693460512772,neutral,0.3458223559484527
1430351694496509953,neutral,0.5773390767533527
1430351695519879172,negative,0.01418955412452842
1430351696027340802,negative,0.00023236669194986602
1430351696270606342,negative,0.005753394115811916
1430351696488771588,negative,4.174593539444792e-06
1430351698082500611,neutral,0.49789225920557484
1430351698242031619,negative,0.08666901676178254
1430351699999264768,neutral,0.33402218903110614
1430351700347523075,negative,0.012431191778843846
1430351700498464771,negative,0.005146114149258683
1430351703182913540,negative,0.02387251284677864
1430351704571187201,negative,1.2119262832224166e-07
1430351706160783360,negative,0.0003095998345007483
1430351706576068609,negative,0.10814324891058485
1430351709554024448,negative,0.006834859480122911
1430351711458234374,negative,0.1514308870078797
1430351712154529792,negative,3.689207438575634e-06
1430351712288653316,negative,6.815062549337895e-05
1430351714079723525,negative,0.0009487168186341927
1430351714247270402,negative,0.02387251284677864
1430351717690904580,negative,8.267909448559586e-05
1430351717707694089,negative,0.23049631391333644
1430351718542413830,negative,0.010304011846813926
1430351721465884672,negative,0.09500377599692902
1430351721465892869,negative,0.1514308870078797
1430351721558069252,negative,2.9425688359235522e-05
1430351722795487232,negative,0.005139728973283573
1430351723554611204,negative,0.0011941320976748375
1430351723571290120,negative,0.0011913000146133727
1430351723583840258,negative,0.010361320426468009
1430351723588034566,negative,0.004961332164177251
1430351723596501000,negative,0.29599161161198245
1430351723697037315,negative,0.12094456435155423
1430351723848110081,neutral,0.6451726305722741
1430351724628283402,negative,7.983752771397346e-09
1430351725580410884,negative,0.0040578452810625405
1430351726595477506,negative,0.16176363966730578
1430351727845429251,negative,0.1514308870078797
1430351728164184065,neutral,0.49789225920557484
1430351728642248705,positive,0.9633894245446962
1430351728864600065,negative,0.2271430083015546
1430351729338601481,negative,0.015018858863836389
1430351729455939587,negative,0.002698192440556149
1430351730613575685,neutral,0.37793792365477535
1430351731318272001,neutral,0.6367487266655436
1430351732375183365,negative,0.011245675747262535
1430351733100797957,negative,0.021808394260544206
1430351733792944131,negative,0.001106748152862756
1430351734644301828,negative,0.007322095171735297
1430351736380796932,negative,0.1514308870078797
1430351737219686402,negative,0.011199235971232157
1430351737961975811,negative,0.07013737979769336
1430351738096193536,negative,0.04283949933995793
1430351739132256257,negative,0.1514308870078797
1430351739459342337,negative,7.235239921897699e-06
1430351739987759109,negative,0.10893743244291845
1430351740184973316,negative,1.9019308111654675e-07
1430351740315049984,negative,1.1427010921495333e-09
1430351740709257217,negative,0.02129124451154466
1430351743930544135,negative,0.0007229893543185766
1430351748829437953,negative,0.0057495020827819454
1430351748904980483,negative,0.01655022480749108
1430351750347870212,negative,0.002698192440556149
1430351751174098946,negative,0.12262022378352953
1430351751979409408,negative,0.00012531217081418583
1430351752423956484,negative,0.012431191778843846
1430351755355766785,negative,0.013056410424384228
1430351757650059266,negative,0.2503620269031739
1430351757884932103,negative,0.0002213193658957381
1430351758551814145,negative,0.13473923758586712
1430351759684390917,neutral,0.46790029342103856
1430351760044924931,negative,0.002515317722295464
1430351762788175876,negative,1.637648712501471e-05
1430351763631067140,negative,0.05226567086749556
1430351763882795010,negative,0.19063919986712685
1430351764528697345,neutral,0.41539665137696885
1430351765019537411,negative,0.00033444949761198526
1430351765132693505,negative,0.31820487300311295
1430351767624163328,negative,0.00038418567990784427
1430351769306009607,neutral,0.5213869043621241
1430351769603870729,negative,0.00694418831405497
1430351770627235844,neutral,0.46127768308170247
1430351771147382784,negative,0.0006072519923404105
1430351771755483137,negative,0.0006684360665798942
1430351772141371393,negative,0.002515317722295464
1430351778445467649,negative,0.002935411137081108
1430351778810368002,negative,2.178387108237753e-06
1430351778814599169,negative,0.22493346794813412
1430351781859627010,neutral,0.4540676957388158
1430351782807486466,negative,0.1514308870078797
1430351787614212100,negative,0.001106748152862756
1430351790575341569,negative,2.3957170851779685e-08
1430351793033207812,negative,0.0007997574382558165
1430351794664771584,negative,0.03880406629891849
1430351794845229060,negative,0.001599276093233951
1430351796111912968,neutral,0.3509746120419536
1430351796573192196,neutral,0.41539665137696885
1430351796929769475,negative,0.22337789016410864
1430351801023352834,negative,0.013003264633793013
1430351803363778563,negative,0.025606385327558677
1430351803481313284,negative,0.20527343466564002
1430351805263847424,negative,0.1514308870078797
1430351807256174595,negative,0.0024445421031740033
1430351807428055042,negative,0.001106748152862756
1430351810556960770,negative,0.002718630437398066
1430351811320369155,negative,2.3743809338116833e-07
1430351812054429696,negative,1.2119262832224166e-07
1430351814591922176,negative,0.2503620269031739
1430351815669948419,negative,0.0014332493716771293
1430351816160686082,negative,0.06805850506718361
1430351816177426435,negative,0.13473923758586712
1430351817070809088,neutral,0.3385252644667176
1430351823056121860,negative,0.034067399101283015
1430351823915950091,negative,0.02129124451154466
1430351825413103618,negative,0.0006072519923404105
1430351826621194240,negative,8.510053671268295e-05
1430351827028127746,negative,0.15480874163662972
1430351827359444993,negative,0.12429440014212549
1430351828244443139,negative,0.08086863292991528
1430351828332515329,negative,0.04237424094130999
1430351829150359553,negative,0.1221322810399361
1430351829175607300,negative,1.605763304096781e-07
1430351830526173187,neutral,0.4516328696600589
1430351832065380354,positive,0.7564499908318857
1430351832338116608,negative,3.0238498491839953e-05
1430351832795209734,negative,0.0017318139226240546
1430351833420156931,negative,0.22559960282316432
1430351833986330628,positive,0.8245658823295701
1430351834565255172,negative,0.09475923411273379
1430351834653151232,negative,0.00012286834865925063
1430351834791690241,negative,0.03835596753954165
1430351834913386499,negative,0.06290068359662342
1430351834934390790,negative,6.003897554468664e-06
1430351835760582658,negative,3.3733738229910596e-05
1430351838285639685,neutral,0.5459126945397397
1430351838440742912,negative,0.0022522647209224375
1430351839048847363,neutral,0.49789225920557484
1430351839652978688,negative,0.006437552770425797
1430351840265359361,negative,0.03126848849105296
1430351841913606145,positive,0.7564499908318857
1430351843490684930,negative,0.01600018912809608
1430351844010864648,negative,0.0191687033133871
1430351846497992706,negative,0.0007807063029936024
1430351847169134592,negative,0.14705208453862376
1430351849035554825,negative,0.0070785429906917875
1430351852458151939,negative,0.04570969931819914
1430351852760141828,negative,0.05993770950769443
1430351853179609089,neutral,0.5136446707795853
1430351857076080642,negative,0.012733965306920133
1430351857323552772,negative,0.00035240359230924787
1430351859072577537,negative,0.02129124451154466
1430351859751931906,neutral,0.3385252644667176
1430351860817440772,negative,0.00013195743769939822
1430351861136113666,negative,0.001106748152862756
1430351861987651590,negative,0.06589923647266555
1430351862419578882,negative,0.009576278754664892
1430351862939664388,negative,3.124376641687979e-06
1430351868081885184,negative,0.002935411137081108
1430351868165754883,negative,7.305060368453947e-07
1430351869398892546,negative,0.0006126887558244411
1430351872276172800,negative,0.1439591053554232
1430351873681264640,positive,0.8852610657011085
1430351873949773825,negative,0.02129124451154466
1430351875702988801,neutral,0.5027646538510618
1430351875971461124,negative,0.006723081845233356
1430351876281683969,negative,0.22513994270505325
1430351879515615236,negative,1.2119262832224166e-07
1430351880815878147,negative,0.06589923647266555
1430351883265265670,negative,2.5170027380764952e-08
1430351885525979139,negative,0.14188711129653592
1430351886222336004,negative,0.02129124451154466
1430351887543332866,positive,0.9975740313192406
1430351888516587527,negative,1.2046391677709024e-05
1430351891096031234,negative,0.12060253184198749
1430351891699945474,negative,1.7354331647588038e-07
1430351893038051338,neutral,0.49796428651992986
1430351896766734337,negative,0.08666901676178254
1430351900428341258,negative,0.11154443292387338
1430351900784930817,negative,0.001106748152862756
1430351901439270915,negative,0.0002759245825769137
1430351902085206018,negative,0.010320231446011024
1430351902726836224,neutral,0.6563657612993743
1430351906065600514,negative,9.714526850831676e-05
1430351906749173767,negative,0.029084605322430918
1430351908632514560,negative,0.0022603087661115314
1430351908926070789,negative,0.005340776795513758
1430351909542633475,negative,0.1006737026279635
1430351913049067524,negative,0.016398141028876267
1430351916035362828,negative,2.43038242412175e-05
1430351916236689409,neutral,0.4922434542267056
1430351917432016902,negative,0.011673507395791092
1430351919021756418,negative,0.0011705350659215602
1430351921148219392,negative,0.06692082588542778
1430351921701965825,negative,9.129672316409522e-08
1430351922146562053,negative,0.04340333660254713
1430351926495961096,positive,0.8171463636466226
1430351926579843072,negative,5.9012572971071505e-05
1430351927284539393,negative,0.21921412548362115
1430351927414558723,neutral,0.3499352441185855
1430351927661977611,negative,0.0009487168186341927
1430351930493124608,negative,0.09942184886734068
1430351933081112576,negative,0.1439591053554232
1430351933286588420,negative,0.00038418567990784427
1430351933315985420,negative,2.341190641877837e-05
1430351934460997632,negative,0.014842244325524794
1430351934553305098,negative,0.13035032060757354
1430351934855155713,negative,9.369259238456976e-06
1430351935358619659,negative,0.040375942911500706
1430351938206371846,negative,6.340968675826561e-05
1430351938869149696,negative,0.001106748152862756
1430351939099787264,negative,0.008178362527209763
1430351941171822600,negative,0.03982012979408541
1430351942031757318,positive,0.9058556076415677
1430351943000543245,negative,0.003815794418523169
1430351946360238090,neutral,0.569610837096951
1430351946867634179,negative,0.15480874163662972
1430351948532813826,negative,0.0057495020827819454
1430351949178748928,negative,1.1427010921495333e-09
1430351949510037513,neutral,0.49789225920557484
1430351950659432449,negative,0.06692082588542778
1430351952211320836,positive,0.8655740445226688
1430351953121402882,negative,0.022282132490253168
1430351954711138305,negative,0.0005700459510788234
1430351955717545988,negative,0.05539400510361184
1430351957475090440,negative,0.006834859480122911
1430351959580504065,negative,0.00011765048370742934
1430351959966486528,negative,0.24301163007855106
1430351960272691203,negative,0.005753394115811916
1430351964978679809,negative,0.003940678547345907
1430351965209468934,negative,0.0003994559970448902
1430351966123737088,negative,2.8734671461784587e-05
1430351969424642050,negative,0.004541932974515283
1430351969504350210,negative,0.05481462195959274
1430351970443964421,negative,4.518395959787922e-06
1430351972184494087,negative,2.0519997025152323e-06
1430351973560176641,negative,0.029112619962128317
1430351974847889420,negative,3.124376641687979e-06
1430351975242215431,positive,0.774378866808659
1430351975837745155,negative,0.000477878304141372
1430351976219484160,negative,0.012733965306920133
1430351976525611009,neutral,0.5256393954772794
1430351977280593925,negative,1.1543261977774983e-05
1430351977465090052,negative,0.12523616661877174
1430351979084238848,negative,0.003688821092776121
1430351979369349121,negative,0.008564516524943045
1430351979516243969,negative,0.05891849316111055
1430351979742703627,negative,0.2557840326729794
1430351981017763842,negative,6.558860437970977e-06
1430351981546115075,negative,0.0004392080816650362
1430351982204706818,negative,0.000711164002988319
1430351984784199682,negative,0.305779366938349
1430351985597952007,negative,0.1514308870078797
1430351985786589187,negative,0.03406940716466931
1430351989054091268,negative,0.040698623474074075
1430351992933818373,negative,0.00023430815911436773
1430351994615644169,negative,0.15201492602933556
1430351998411591680,neutral,0.6134032199197422
1430352002765271044,negative,0.29872878942807074
1430352002786242562,negative,0.0031633684847828716
1430352003616628746,negative,0.1514308870078797
1430352005239918597,negative,9.647208870765728e-06
1430352005269270531,neutral,0.6599165001516701
1430352006133256193,negative,0.07435055115943454
1430352006162657280,neutral,0.46790029342103856
1430352006745579520,negative,0.016563585936320697
1430352009337704451,negative,0.002515317722295464
1430352010629558272,negative,0.1514308870078797
1430352010876964868,negative,2.225187898323689e-09
1430352011564920834,negative,0.012537253413884404
1430352015415287810,negative,0.005689463662400632
1430352015796973569,negative,8.58208850265296e-10
1430352016522502146,negative,0.23870151542171034
1430352018510540802,positive,0.774378866808659
1430352019559174146,negative,0.1514308870078797
1430352020469321728,negative,0.04188184715688815
1430352021908074505,negative,0.1405089439378115
1430352022860095488,negative,0.17632601764987182
1430352023275327493,negative,0.15480874163662972
1430352024965627914,positive,0.6746108756521773
1430352027377360904,negative,0.03126848849105296
1430352029948469249,negative,0.00010658053411483901
1430352030095200261,negative,0.013003264633793013
1430352030296576002,negative,0.007142341535843848
1430352031055818754,negative,0.02129124451154466
1430352032762941445,negative,0.012905584955553998
1430352033207443463,negative,0.1514308870078797
1430352033752752131,negative,9.129672316409522e-08
1430352037515087878,negative,0.1486968890731893
1430352037833760781,negative,2.0913983096511787e-06
1430352038832087043,negative,4.4936081705203073e-10
1430352044414672906,negative,0.20871705840796126
1430352044452425728,negative,0.04570969931819914
1430352045576495104,negative,0.005752048591455775
1430352049867087877,neutral,0.49789225920557484
1430352052031561730,negative,0.001805716603831504
1430352053172310017,negative,0.005753147252683174
1430352053247909889,neutral,0.46790029342103856
1430352053587546114,neutral,0.5810042938205321
1430352054329905155,negative,0.008178362527209763
1430352055953133571,negative,1.6636108927402296e-09
1430352056624336902,negative,0.00018260115273793106
1430352057656086530,negative,7.869646767392173e-05
1430352058750808068,negative,0.020675450248593307
1430352059715424261,negative,3.3733738229910596e-05
1430352061791621132,negative,0.00023188540887730566
1430352063016353792,negative,0.0005661475203624993
1430352063377125376,negative,0.01119498213345308
1430352067747516419,positive,0.7564499908318857
1430352068515143680,negative,0.0006072519923404105
1430352069349847041,negative,0.02129124451154466
1430352069869907972,negative,2.3449553272763225e-05
1430352071174332422,negative,0.0011705350659215602
1430352072344547329,negative,0.001241654216690324
1430352072579371013,negative,0.0008463731500872914
1430352076085809153,negative,0.0011663002811042932
1430352076111024140,negative,0.05864878090876936
1430352078304579584,neutral,0.49789225920557484
1430352079122571265,negative,0.02129124451154466
1430352079210520576,negative,0.019249732033977434
1430352079843889153,negative,0.06029888826499388
1430352083782356994,neutral,0.5099083712115579
1430352084788994050,negative,1.2119262832224166e-07
1430352085334245379,negative,5.113501258682682e-08
1430352087901167619,negative,0.0038748569777162763
1430352089465696256,negative,0.005753394115811916
1430352091214659587,negative,0.0041448779676996825
1430352094951792640,negative,0.2914278910997369
1430352095874404353,negative,0.0421136395120924
1430352097678172163,negative,9.004583580645819e-05
1430352103705284613,negative,0.012537253413884404
1430352104552607753,negative,0.05670334227622606
1430352104787480577,negative,0.1439591053554232
1430352107689975808,negative,0.07115450176965324
1430352107803131904,negative,1.2119262832224166e-07
1430352108461625345,negative,0.03989666661998369
1430352109325664258,negative,0.2282300318111815
1430352109900337152,negative,0.002935411137081108
1430352110747627521,negative,0.220598457441401
1430352112651849728,negative,0.06589923647266555
1430352112853032962,negative,0.01708365684069331
1430352113293529088,neutral,0.4538146206303498
1430352113364766721,negative,0.011448924975571501
1430352114648330249,negative,0.00909335869310267
1430352115990507521,negative,0.0009065030178654257
1430352118007795722,negative,0.2639894079812694
1430352118154674182,negative,0.00022422743206946787
1430352118762856451,positive,0.6835958799451118
1430352118817464331,negative,9.714526850831676e-05
1430352119333335041,neutral,0.33402218903110614
1430352119824109573,negative,1.9605049153991847e-05
1430352120767815685,negative,0.00035240359230924787
1430352123968040963,negative,0.08832838580269783
1430352125557628933,negative,0.018855869395554652
1430352126425829382,negative,0.32224213962738457
1430352126853713921,negative,0.01090869512701178
1430352129340977156,negative,0.012431191778843846
1430352131387764739,negative,0.0002213193658957381
1430352131412926467,negative,0.02129124451154466
1430352134650961921,negative,0.013003264633793013
1430352135485599748,negative,0.018109005380061653
1430352135665881092,negative,0.02129124451154466
1430352140128722946,negative,0.016563585936320697
1430352143312171014,negative,2.240183720644165e-05
1430352143563821057,negative,0.09976817135464787
1430352147237904384,negative,0.0038773215160286508
1430352147422535681,negative,0.0002456916823241116
1430352147959492611,negative,4.115004394194872e-17
1430352148353662978,neutral,0.46790029342103856
1430352148529778696,negative,0.011260820946901218
1430352148697583622,negative,0.00020876497398122196
1430352148777287680,negative,0.17758646260530822
1430352149536509956,negative,2.8221585107700987e-08
1430352149620404224,negative,0.10310227302193009
1430352149762949127,negative,0.01600018912809608
1430352151495249921,negative,2.463980680276039e-05
1430352154917806090,negative,0.02129124451154466
1430352155534368772,negative,0.0007807063029936024
1430352155832197121,negative,0.005753394115811916
1430352156146769922,neutral,0.33402218903110614
1430352157534998531,negative,0.05187869088837775
1430352158889742337,negative,0.08917286848381235
1430352159204384772,negative,0.02387251284677864
1430352159955197953,negative,0.00606172719422156
1430352161976770560,negative,0.09942184886734068
1430352162597580809,negative,1.2706463076234492e-06
1430352162681495554,negative,0.0014332493716771293
1430352164879220738,negative,0.0011325613260592005
1430352164971556867,negative,8.905500213129744e-07
1430352166066302986,neutral,0.38966083377267685
1430352167827877888,negative,0.022615587914549904
1430352168545136642,negative,1.9605049153991847e-05
1430352169019006985,negative,0.0029525951656120776
1430352170772320257,negative,0.004864044645588566
1430352171325927426,negative,0.10310227302193009
1430352171820851201,negative,3.5504915897418345e-07
1430352172575768577,negative,0.00010841013401255566
1430352173368492033,negative,0.00614801677846026
1430352173498609664,negative,2.3449553272763225e-05
1430352175839027203,negative,8.182803940759981e-07
1430352176220626945,neutral,0.3545378248343566
1430352177088892931,negative,0.00011017536256798537
1430352177814511619,negative,0.0007177288004068201
1430352178250670084,negative,0.0015322782696912368
1430352182361169925,neutral,0.49789225920557484
1430352183472570369,negative,0.20537445868366933
1430352185443950592,negative,0.12146426141732296
1430352186517692421,negative,0.001106748152862756
1430352187264282626,negative,0.0071741187537828184
1430352187763343365,negative,0.00023430815911436773
1430352192683208709,neutral,0.46790029342103856
1430352193148833792,negative,0.014035669573749956
1430352194637807623,negative,0.001805716603831504
1430352195405373446,negative,0.1514308870078797
1430352195787137031,negative,0.000926859349402777
1430352197947174919,negative,1.2887078175382644e-07
1430352198039265281,negative,0.06530096306345747
1430352198513401858,negative,0.10464179132294982
1430352198660202501,negative,0.10262713298735128
1430352198672818180,negative,0.20712744015756268
1430352199314546691,negative,0.09701018081577242
1430352201277399045,negative,2.661404971092999e-05
1430352203923996674,negative,1.0994258323467754e-12
1430352204456673280,negative,8.218226126542132e-07
1430352205081612295,negative,0.001805716603831504
1430352205140434951,negative,0.00694418831405497
1430352205803098116,negative,0.001429472151206684
1430352207455694853,negative,0.0034637541977218284
1430352207531106311,negative,0.32105817395043795
1430352209414340612,negative,0.1439591053554232
1430352209619955712,negative,0.03404470091385081
1430352209942876171,negative,0.002257995018698622
1430352210077130754,negative,0.00024305078141205507
1430352210416787457,neutral,0.6030333156637431
1430352210744025092,negative,0.12262022378352953
1430352215651196928,negative,0.0385069990571443
1430352217727504393,negative,7.00121622317144e-06
1430352221422555143,negative,0.06628564228289466
1430352222668345344,neutral,0.6563657612993743
1430352223255543810,negative,0.26946072723466363
1430352226132758530,negative,0.062384822128626206
1430352226183258120,negative,2.730490667551672e-06
1430352226824953857,negative,3.3733738229910596e-05
1430352227512823809,negative,0.007042482492309075
1430352228423016450,negative,0.00012107848905168243
1430352231216394243,negative,2.7829930427276624e-08
1430352232042618880,negative,0.02129124451154466
1430352234626260993,neutral,0.3962866269077351
1430352235364487175,negative,0.001250229937275148
1430352236148842501,negative,0.04237424094130999
1430352237671354368,negative,0.004961332164177251
1430352238766067714,negative,0.0009487168186341927
1430352240133345281,negative,0.00020386840941631864
1430352240573878272,negative,0.052096409062629814
1430352244587868161,negative,0.0011705350659215602
1430352248081502209,negative,0.15480874163662972
1430352249641910274,negative,0.04448185833479618
1430352249683841024,negative,0.00021481387105503044
1430352250061348867,negative,1.1034668799049961e-08
1430352251109969921,negative,0.006437552770425797
1430352251630014468,positive,0.9096099649172621
1430352252288610312,negative,0.011567719258829537
1430352254276562947,negative,0.10464179132294982
1430352255581134853,negative,0.28946687489069084
1430352257158205441,negative,3.9437077986987115e-08
1430352258013794304,negative,0.00024305078141205507
1430352260085714948,negative,2.3743809338116833e-07
1430352260836569088,negative,0.15480874163662972
1430352260899409920,negative,0.03157569605286502
1430352261943681028,negative,0.00019836351810244513
1430352262732390402,negative,0.26152266658433665
1430352264812716032,neutral,0.5529732566350166
1430352265089634306,negative,0.24323929342142406
1430352265139953669,negative,0.1439591053554232
1430352267841003524,negative,0.1514308870078797
1430352268705079308,negative,6.689848595822693e-08
1430352270693126146,negative,0.0010590510390344088
1430352272228294659,negative,0.015944636248692846
1430352273830408194,negative,0.26393368192156125
1430352275357249537,negative,0.00024305102343469195
1430352277919965185,negative,0.00041342082582244966
1430352278582665217,negative,0.17464200070743113
1430352281678098433,negative,2.43038242412175e-05
1430352282223366149,negative,1.0890690221217294e-06
1430352283758469122,negative,0.012537253413884404
1430352287160061953,negative,3.129121059477984e-05
1430352288598487044,negative,0.00020386840941631864
1430352289085132801,negative,0.06589923647266555
1430352290855141382,negative,0.00041342082582244966
1430352291849142274,negative,0.23180143766032288
1430352292063191047,negative,1.2119262832224166e-07
1430352294302859268,negative,0.002028546851597723
1430352296710451200,negative,0.0029619205094553983
1430352299029929985,negative,8.289425787635344e-07
1430352301378650114,negative,0.002515317722295464
1430352301982691329,negative,0.10330600649973323
1430352304188760077,positive,0.9915363656244783
1430352306801938432,neutral,0.547723817299082
1430352307053600770,negative,0.06589923647266555
1430352311918993410,negative,7.195698284976074e-05
1430352313567285248,negative,4.468940092676502e-10
1430352314116808704,negative,0.02129124451154466
1430352315404496896,negative,0.2745512644137985
1430352318218883074,negative,0.04826599225086531
1430352319556644864,negative,0.045958589078364954
1430352320894750721,neutral,0.41446332233625255
1430352322241175558,negative,0.0824965942812663
1430352322731909121,negative,0.0028841756126800726
1430352324065730563,neutral,0.3800287939213448
1430352324396929037,negative,0.03841842620596202
1430352325093347337,negative,0.2503620269031739
1430352325344960514,negative,0.2503620269031739
1430352326410358786,negative,0.001805716603831504
1430352327026823178,negative,0.020085270365599216
1430352327542726656,negative,2.7139318176674673e-05
1430352328398413824,negative,2.8221585107700987e-08
1430352329849647111,negative,0.04016190744806835
1430352330038419456,negative,0.0005581956827794303
1430352336191463424,neutral,0.5027646538510618
1430352338062127106,negative,2.1811530637624864e-06
1430352338829578245,negative,0.002413350826074324
1430352340025069582,negative,0.02129124451154466
1430352342134755334,negative,0.008594552041331178
1430352342461919234,negative,2.463980680276039e-05
1430352342805893120,negative,0.01119498213345308
1430352343820865541,negative,3.496163057443755e-05
1430352344990945285,neutral,0.5212990816196356
1430352345590808582,negative,0.2731328752017121
1430352347163672576,negative,0.019200155864368018
1430352349474791425,negative,1.712697098676008e-12
1430352350099779588,negative,0.007142341535843848
1430352350213021696,positive,0.8066604556041336
1430352350401765377,negative,1.2119262832224166e-07
1430352351840321539,negative,0.0007896014748346315
1430352352477855747,negative,0.0012206346813520834
1430352353568436232,negative,0.001551117516441921
1430352355095056386,negative,0.27560367073527936
1430352358815453185,negative,2.463980680276039e-05
1430352359360765952,negative,0.032961018130282065
1430352360040288256,negative,0.002688575779948614
1430352361688649729,neutral,0.49216840423431724
1430352362141626369,negative,0.16779329333113852
1430352362925957121,negative,0.0027416091026528488
1430352365081743360,negative,0.0038773215160286508
1430352365270482944,negative,0.0034637541977218284
1430352365715079174,neutral,0.6580696364137677
1430352366449037317,negative,0.1006737026279635
1430352366705029122,negative,0.0011705350659215602
1430352367237713920,negative,0.02129124451154466
1430352372019212291,positive,0.9782394526658568
1430352372522496000,negative,2.1587776979167927e-05
1430352374586019840,negative,0.001484448603806289
1430352376016289792,negative,0.0008463731500872914
1430352376125292546,negative,0.29227994377903493
1430352378520391683,negative,0.25695265593491035
1430352378855895041,negative,0.17093269947216677
1430352378985918467,neutral,0.38775651521565513
1430352379115831302,negative,0.000954478868336979
1430352379917094914,negative,8.397545713665836e-06
1430352381766688771,negative,0.019567262794853754
1430352381821267970,negative,0.012431191778843846
1430352382202990597,negative,0.09942184886734068
1430352384656506886,negative,0.002624524605817329
1430352384807559168,negative,1.0372377649992076e-07
1430352385671524361,negative,0.002515317722295464
1430352387068370947,negative,0.10395619680739443
1430352387428978693,negative,0.12981540930498373
1430352390981627904,negative,0.04237424094130999
1430352392307023872,neutral,0.4922434542267056
1430352394274148357,negative,0.012905584955553998
1430352395800879106,negative,0.009721864842086612
1430352398674022401,negative,4.216892555771234e-09
1430352400498536456,negative,0.0014688925717389523
1430352401131786241,negative,6.373017044590576e-05
1430352401152761857,negative,0.1514308870078797
1430352401295413249,negative,0.1514308870078797
1430352402318770179,neutral,0.3499352441185855
1430352403174502402,negative,0.0021393855499202176
1430352403187093508,negative,0.040698623474074075
1430352406915780614,neutral,0.3499352441185855
1430352407372832770,negative,0.001106748152862756
1430352408065056779,positive,0.7425238405100368
1430352409193324555,negative,0.00015784288552235629
1430352409633730564,neutral,0.46790029342103856
1430352410254393344,negative,0.08745763894686177
1430352411441471489,positive,0.7546592975548762
1430352411445583877,negative,0.002935411137081108
1430352412372619269,negative,0.31732489718339985
1430352413861482496,negative,0.0009111365580596565
1430352415191179265,negative,0.008169368031645956
1430352416239767553,negative,1.032487163151428e-05
1430352416407498754,negative,0.02129124451154466
1430352418806640642,negative,0.009329215466718931
1430352422514397193,negative,0.02129124451154466
1430352423290380293,negative,0.0027416091026528488
1430352425429438468,negative,0.016560343054722725
1430352425496547338,negative,0.02129124451154466
1430352426083700736,negative,0.0007662779723572197
1430352426234679296,negative,0.02094582980307623
1430352427472113666,negative,0.02129124451154466
1430352427627253768,neutral,0.49789225920557484
1430352428289961991,negative,0.05087013814350967
1430352428973662211,negative,0.0006545114562082459
1430352431087554564,negative,0.02129124451154466
1430352431255375879,negative,0.2557840326729794
1430352431611879431,negative,0.29684397598422413
1430352434208067588,negative,0.01193817646078369
1430352438524092420,negative,0.02129124451154466
1430352438536679426,negative,0.01600018912809608
1430352440168226820,negative,1.1458118256876986e-07
1430352443024551941,negative,0.001106748152862756
1430352443725033477,negative,0.0015494778547154606
1430352444207337482,negative,0.006818204833442838
1430352444928692227,negative,2.3449553272763225e-05
1430352445276921858,negative,3.496163057443755e-05
1430352445415333892,negative,0.0011123845906900376
1430352446048583683,neutral,0.5965278360888352
1430352447755767808,negative,0.004161646104909957
1430352453946445824,negative,0.021467618802718216
1430352453984296962,negative,0.004755310888990051
1430352454248505348,negative,0.005753394115811916
1430352457511677953,negative,0.012431191778843846
1430352461907349509,negative,0.09995775453232994
1430352464650326017,negative,0.012045754191321477
1430352466500014082,negative,0.011199235971232157
1430352467385008128,negative,0.08990434487298875
1430352467439415305,negative,0.267032546765841
1430352467716358155,negative,0.26946072723466363
1430352468181983242,negative,0.12116342783437875
1430352469092192256,negative,8.356389629010096e-05
1430352469507334144,negative,0.0011458493786857223
1430352471159881750,negative,0.00012159038611146789
1430352473286393856,negative,6.014479591269272e-07
1430352474020405248,neutral,0.4930927793465764
1430352475379351554,negative,1.2119262832224166e-07
1430352479229599747,negative,0.001106748152862756
1430352480706170890,negative,0.2510692636928282
1430352480886534144,negative,0.0008378507435311153
1430352481427525633,negative,6.824279112249405e-05
1430352482690125829,positive,0.8468614140403762
1430352483579154437,negative,5.1249223379379785e-12
1430352486775279620,negative,0.07475914823689277
1430352488482365450,negative,0.012431191778843846
1430352488629219338,negative,0.2745512644137985
1430352490411839488,negative,0.02129124451154466
1430352492039217156,negative,8.325264139677851e-07
1430352493586878464,negative,4.115004394194872e-17
1430352493758779394,negative,0.20329617756100382
1430352493880516609,negative,0.02129124451154466
1430352494161506305,negative,0.15480874163662972
1430352496799752193,negative,0.1514308870078797
1430352497059647488,neutral,0.49789225920557484
1430352498137632769,negative,0.011448924975571501
1430352498573946884,negative,3.093191916506744e-07
1430352498905255943,negative,0.15253900981666582
1430352499404283906,negative,1.9605049153991847e-05
1430352500419440647,negative,1.8794955075696412e-09
1430352500637503489,negative,0.019901972582437234
1430352501295943690,negative,1.7238513386360136e-08
1430352502306787333,negative,4.994368520532384e-05
1430352503644647424,negative,0.02561839672336434
1430352504026550275,negative,1.0094245679582965e-06
1430352507017080834,negative,0.17217119203601655
1430352508107563008,negative,0.16176363966730578
1430352508233396235,negative,4.214039714168246e-06
1430352508925448195,negative,0.005146114149258683
1430352511886630913,negative,0.10371060852510551
1430352512213831684,negative,0.014035669573749956
1430352513090347009,negative,0.022282132490253168
1430352515158138880,negative,0.015944636248692846
1430352516156436485,negative,0.01418955412452842
1430352516382871554,negative,0.10213343428621041
1430352517523808257,neutral,0.6330861191521205
1430352517884522496,negative,0.00014306028148759569
1430352518127792129,negative,0.024033318512949924
1430352518446342148,negative,0.11058219738689619
1430352518685528065,negative,0.022282132490253168
1430352521453768709,negative,0.02129124451154466
1430352522309476360,negative,0.12489892859616929
1430352522947043334,negative,0.03317065212961883
1430352523941060609,neutral,0.5755436691302463
1430352525144821760,neutral,0.4026668084781534
1430352526801580042,negative,0.09906850969663836
1430352527657213953,negative,1.9746753798823157e-14
1430352529347469322,neutral,0.4922434542267056
1430352531624919045,negative,2.6211466983294634e-05
1430352531683688449,negative,0.00023430815911436773
1430352535152439304,negative,2.0837322992688873e-05
1430352535416721413,negative,0.008178362527209763
1430352537480318976,negative,1.0094245679582965e-06
1430352540277907457,negative,0.005104701155794898
1430352541615800320,negative,0.0018721063285433155
1430352542693830658,negative,0.050115519833180744
1430352543570407427,negative,1.2119262832224166e-07
1430352544941977604,negative,0.026926096156326636
1430352545994715141,negative,0.185836707446288
1430352548754509826,neutral,0.5261668828151537
1430352549098500107,negative,0.002935411137081108
1430352550591598601,negative,4.657144907506282e-13
1430352550922887172,negative,4.3292564420719355e-06
1430352553036992515,negative,0.010479960633725471
1430352553800253444,negative,0.00013583913067842496
1430352554433646593,negative,4.115004394194872e-17
1430352555406729219,negative,0.06029888826499388
1430352557524803584,negative,0.02129124451154466
1430352557856145410,neutral,0.33402218903110614
1430352559236161542,negative,0.00045768304693667624
1430352559265439747,negative,0.26152266658433665
1430352563606589440,negative,0.033506445834195896
1430352563698905091,negative,0.09163726875534692
1430352563799461891,negative,0.1776055448666408
1430352565405986817,negative,1.3273253227098204e-07
1430352566974623746,negative,0.02129124451154466
1430352568622981128,negative,0.05675737282689313
1430352568878829571,negative,0.06692082588542778
1430352570741149697,negative,0.29782349942211744
1430352573341577227,negative,4.194733001299048e-05
1430352574713061376,negative,0.004961332164177251
1430352576038506498,negative,0.005706885393377824
1430352576239837186,negative,0.2759581373462494
1430352576290111488,negative,0.05226567086749556
1430352576973721600,negative,9.714526850831676e-05
1430352577439338501,negative,0.012431191778843846
1430352578315968513,negative,0.00019181208281192312
1430352579620478977,negative,0.02129124451154466
1430352579859517444,negative,0.02129124451154466
1430352581365227520,negative,0.0007662779723572197
1430352582380240899,negative,0.10246395329809246
1430352582850007040,negative,0.02672116297801798
1430352583986761732,negative,2.43038242412175e-05
1430352585224073217,negative,5.5327389846326804e-05
1430352587182727170,negative,0.013003264633793013
1430352588147412993,negative,1.9019308111654675e-07
1430352588667510786,negative,0.02129124451154466
1430352590340968452,negative,0.034116815500980606
1430352592626929664,negative,0.014334183542913544
1430352593662971904,negative,0.0004480084051673441
1430352597089726472,negative,0.1514308870078797
1430352598318698503,neutral,0.5881335639304368
1430352599484706816,negative,0.00032686230836621996
1430352600067624973,negative,9.923968755950283e-11
1430352601074192384,negative,0.03841842620596202
1430352603582435335,negative,0.1439591053554232
1430352604962467840,negative,0.033894181755389455
1430352605885120512,negative,0.0326842609874801
1430352607059615744,negative,1.192688001041041e-05
1430352607214804995,negative,0.05226567086749556
1430352608238227460,negative,0.007668558045616664
1430352611270660108,negative,0.12262022378352953
1430352611421609986,negative,0.051112222479177495
1430352612247867395,negative,0.021268339159208473
1430352615066451971,negative,0.1514308870078797
1430352615083184132,negative,0.15480874163662972
1430352615104294917,negative,0.02118959597580533
1430352615133564943,negative,0.09923058877725593
1430352618350649345,negative,0.1014119391381015
1430352621303386112,negative,0.0007323867279092353
1430352622674976769,negative,0.009487043787235822
1430352627850637317,negative,0.1439591053554232
1430352628500869122,positive,0.774378866808659
1430352628576305164,negative,2.341190641877837e-05
1430352630023430151,positive,0.699944969650638
1430352631512371202,negative,0.00193747547616344
1430352633022218240,negative,0.015618147196664003
1430352633521479680,positive,0.9954360962508451
1430352633689223175,neutral,0.3637502857005644
1430352634733604865,negative,0.03126848849105296
1430352636772028421,negative,0.09942184886734068
1430352636881088514,negative,1.2119262832224166e-07
1430352636969095171,negative,0.04949182905696934
1430352636985892865,negative,0.007416564217985527
1430352637359280129,negative,4.115004394194872e-17
1430352637841612810,neutral,0.35437773581661086
1430352638244184067,negative,0.002935411137081108
1430352641180282882,negative,3.231738179227671e-05
1430352641494765568,neutral,0.42654411273417087
1430352641666727939,negative,0.004803772906462803
1430352643357089793,negative,1.0954606653524113e-07
1430352644590166020,negative,0.003200323601875834
1430352645781434369,negative,0.011448924975571501
1430352651863183376,negative,0.18011813426510112
1430352653826023430,negative,0.0009044873031534761
1430352655294111745,negative,8.666236706517845e-10
1430352655478632452,negative,0.0003173737201305574
1430352656732729349,negative,0.008703418714980565
1430352657974185986,negative,0.00035240359230924787
1430352659396038664,negative,0.09359716867747028
1430352660314607618,positive,0.9913529432231066
1430352660742479873,negative,0.0009065030178654257
1430352661287735303,negative,0.0026149787800173003
1430352661925220352,negative,2.341190641877837e-05
1430352663061962754,negative,0.25152798395101605
1430352664857022467,negative,7.5576574177852e-05
1430352665456914434,negative,0.06695864543577425
1430352665515593728,negative,0.15480874163662972
1430352666908053508,negative,0.00016580011140510196
1430352667856023554,negative,0.006473621459134749
1430352669005156353,neutral,0.5926061722035659
1430352672482336768,negative,0.0017861431667136078
1430352672721354759,negative,0.2249485115630689
1430352673367371776,negative,0.001805716603831504
1430352674571100165,neutral,0.35226043817228225
1430352678102704129,negative,2.3743809338116833e-07
1430352678568222725,negative,2.606297592361269e-07
1430352679654633482,negative,0.0002430882976163404
1430352680745119744,negative,0.10736077321429292
1430352681294499845,negative,0.0004339880817014847
1430352681877573642,negative,7.800082459952215e-05
1430352682921996288,negative,0.15324129962496003
1430352683479838722,negative,0.18483523765012802
1430352685413306375,negative,0.0001598116730627367
1430352687934197760,negative,0.011199235971232157
1430352688009596928,negative,0.0006911834245006714
1430352688819146755,negative,0.0013002992123797793
1430352695613923337,negative,9.919811942546925e-05
1430352697593581575,negative,0.034067399101283015
1430352700693049344,neutral,0.4922434542267056
1430352701695709187,negative,0.09942184886734068
1430352703994093570,negative,0.08103779411162841
1430352705189519362,negative,1.2119262832224166e-07
1430352708653957121,negative,1.2119262832224166e-07
1430352711640305666,negative,0.005057456109990753
1430352712349192195,neutral,0.3357252857662367
1430352713003507712,neutral,0.37431019203433197
1430352713410392065,negative,1.784474904458185e-05
1430352714131771393,negative,0.008178362527209763
1430352716002381828,negative,0.01938420320011151
1430352716975509504,negative,0.013686190766720738
1430352717843767306,negative,0.06589923647266555
1430352717961211904,negative,0.02129124451154466
1430352722927235073,negative,0.007815315841820526
1430352723292168196,negative,1.0494147044229085e-07
1430352724567240704,negative,1.784474904458185e-05
1430352725015875586,negative,0.0006911834245006714
1430352728207728643,negative,2.0925276086593822e-08
1430352730271494148,negative,0.01708365684069331
1430352732632797189,negative,0.1006737026279635
1430352733748465666,negative,4.115004394194872e-17
1430352734620954630,negative,0.1439591053554232
1430352735396900866,negative,0.023229836180092812
1430352736164405249,negative,0.019552045773126712
1430352736592269314,neutral,0.5027646538510618
1430352737061978114,negative,0.32445607330426646
1430352738630635522,neutral,0.46511884455441777
1430352739142356996,negative,0.1439591053554232
1430352742166446083,negative,0.0013222501401868388
1430352743877812229,negative,0.10310227302193009
1430352746184646660,negative,6.014479591269272e-07
1430352746583142405,negative,0.011176170622398738
1430352746671181830,negative,0.1514308870078797
1430352750961963013,negative,0.04875933002355951
1430352752622850053,negative,6.433310726952945e-05
1430352753382002691,negative,0.05405860999318851
1430352754690641923,negative,0.007081530818892977
1430352755789635586,negative,0.005919281677943796
1430352756263505924,negative,2.661404971092999e-05
1430352757488226304,negative,0.10779337365754191
1430352761124687872,negative,0.019250823546273554
1430352762357825542,negative,0.0057495020827819454
1430352763704205315,negative,0.02129124451154466
1430352767315365891,negative,0.04283949933995793
1430352768179580928,negative,7.143164794306493e-08
1430352776425578502,negative,0.011199235971232157
1430352776530337794,negative,0.0003867785727802804
1430352777771839489,negative,4.2062422553434745e-06
1430352779781017600,negative,0.00016064523853962924
1430352782347939840,negative,1.0872497338762696e-06
1430352782486290436,negative,0.02129124451154466
1430352782532427777,negative,0.014035669573749956
1430352783002189831,negative,0.07412903169407278
1430352783165640705,neutral,0.4501270219482621
1430352783438487555,negative,0.0018752548845250227
1430352786101837828,negative,0.01655022480749108
1430352787225911301,negative,0.0003923199122024125
1430352787393720325,negative,2.3743809338116833e-07
1430352788823937024,negative,0.1006737026279635
1430352791843790851,negative,0.02129124451154466
1430352795450978309,negative,2.463980680276039e-05
1430352796667289601,negative,0.0018553408158144679
1430352799188013065,neutral,0.6330861191521205
1430352799246729216,negative,2.3743809338116833e-07
1430352799716581376,negative,0.26946072723466363
1430352799909437442,neutral,0.4453216829145092
1430352800165339136,negative,9.529844703141328e-05
1430352801876611076,negative,5.880338356672088e-05
1430352801901817861,negative,0.004969196548106342
1430352802036031491,negative,0.00022902581880657953
1430352803965382661,negative,0.006473621459134749
1430352804137287680,negative,0.14172623073750992
1430352805626269697,neutral,0.49789225920557484
1430352806045696000,negative,4.991327468967265e-06
1430352807094280194,negative,0.18658829712184824
1430352810823061507,negative,8.50770762968619e-06
1430352812257517568,negative,0.02129124451154466
1430352812504911875,negative,0.00024904251105430217
1430352813532585990,negative,0.09942184886734068
1430352813587062790,negative,0.013003264633793013
1430352814509809664,neutral,0.45455162633595536
1430352816544038924,negative,0.044754747370570114
1430352817450016768,negative,0.007034075106216088
1430352817923964930,negative,0.3029968537174699
1430352818901237764,negative,0.07210376211110266
1430352819576508418,negative,0.021268339159208473
1430352819979235329,negative,0.00031093771297326784
1430352823808630785,negative,2.8089388445089162e-05
1430352825473585152,negative,4.214039714168246e-06
1430352826459361286,negative,0.04395816641219974
1430352826732064775,negative,0.006965407331275211
1430352826786529280,negative,0.24675343613161016
1430352827814133766,negative,0.002300258311174363
1430352827822583809,negative,0.0027573567717875443
1430352831765155840,negative,5.0761113374268867e-05
1430352833052819460,negative,6.014479591269272e-07
1430352835951144962,negative,0.0040147262569166595
1430352836945141761,negative,0.0029667572049315895
1430352837045858305,negative,0.0057495020827819454
1430352837968601089,positive,0.9911536418964517
1430352838815748099,negative,0.19598250753171445
1430352839675678733,neutral,0.49789225920557484
1430352840871063559,negative,0.21008354798384332
1430352843014381568,negative,1.9605049153991847e-05
1430352844012457987,negative,0.00020386840941631864
1430352845547610127,negative,0.0024692730689043997
1430352845568577543,negative,0.021779444348456294
1430352847858774017,negative,0.002935411137081108
1430352848492142594,negative,0.012890558753072079
1430352848517271552,negative,0.02129124451154466
1430352851063160836,negative,0.02943433819244609
1430352852615000065,negative,0.02387251284677864
1430352853328146435,negative,0.05226567086749556
1430352853957292032,positive,0.7386563172620918
1430352854972313601,negative,0.12429440014212549
1430352856645779457,neutral,0.4538146206303498
1430352857262403584,negative,1.2119262832224166e-07
1430352859569213440,negative,0.00019836351810244513
1430352859900567556,negative,0.0005635464617575359
1430352860139515904,negative,0.007176791971353284
1430352864195579907,negative,0.209038077222759
1430352864673677315,positive,0.8998625740165253
1430352870210252801,negative,1.2119262832224166e-07
1430352870675726337,negative,0.017640378674842867
1430352871749529607,neutral,0.46790029342103856
1430352871866998786,negative,0.0013105670787070516
1430352872252846082,neutral,0.35226043817228225
1430352873662160902,negative,0.016424378012750807
1430352874148597761,negative,0.047570450650391075
1430352875268489217,negative,3.094884153693496e-05
1430352875671097345,negative,0.308199125160694
1430352878116511748,negative,0.002463431259848774
1430352880049995776,negative,0.027560645203659414
1430352880603648005,negative,0.27066274201924434
1430352881501319170,neutral,0.41487043792870404
1430352883342585856,positive,0.9633894245446962
1430352884026204163,negative,0.00010979785132865946
1430352884344971267,negative,0.012459858520806576
1430352884915388417,negative,0.1514308870078797
1430352884923777024,negative,0.1514308870078797
1430352885712310277,negative,0.004269103385683687
1430352885989130241,negative,1.588253597427915e-05
1430352887885058050,negative,1.031592648744083e-11
1430352888337997824,negative,0.04570446726466881
1430352890623823880,negative,0.024033318512949924
1430352891374620677,negative,0.0004392080816650362
1430352892897157120,negative,0.003569033570129386
1430352893186650117,negative,0.0024595869136879215
1430352895921246208,negative,4.281156181397702e-17
1430352896290430977,negative,1.9605049153991847e-05
1430352896361738241,negative,2.9481154168767434e-05
1430352897582280705,negative,0.006075030784539677
1430352897590677505,negative,0.008204020231282187
1430352898786004993,negative,2.765013074201878e-07
1430352900841250816,negative,0.02129124451154466
1430352901352919042,negative,1.450074561147329e-09
1430352902971969536,negative,3.0369890077017554e-07
1430352903609405440,negative,0.00016580011140510196
1430352904003719170,negative,0.008755534357849785
1430352907153575937,negative,0.016667614744188274
1430352908856569863,negative,0.27458073650797726
1430352909515075585,negative,0.02129124451154466
1430352911939350538,negative,0.015155991388246729
1430352915970019333,negative,0.0029619205094553983
1430352918964809728,negative,0.05226567086749556
1430352919484899329,negative,0.05226567086749556
1430352920495730691,positive,0.9954360962508451
1430352926355202050,negative,4.232310310255291e-05
1430352927789625348,negative,1.9605049153991847e-05
1430352929718943746,negative,0.01888840449156324
1430352930545283074,negative,0.02457183885497591
1430352931728105474,negative,0.3102432224329995
1430352934420758531,negative,0.007680087466661283
1430352935234555905,negative,4.115004394194872e-17
1430352935582683136,negative,0.00020386840941631864
1430352941324685318,negative,0.00042139650785553425
1430352942461120519,negative,9.129672316409522e-08
1430352943350484999,negative,9.420316019556647e-05
1430352944747139072,neutral,0.5612844714036209
1430352946622050304,negative,0.1514308870078797
1430352947565801472,positive,0.9454996142602224
1430352949843169289,negative,0.011199235971232157
1430352949906186243,negative,1.192688001041041e-05
1430352950904360965,negative,8.09537742610236e-06
1430352954020691969,negative,8.666236706517845e-10
1430352954830295049,negative,0.02129124451154466
1430352957061668866,negative,0.2196825429429466
1430352958143803393,neutral,0.5434116017769266
1430352960446414851,negative,1.763564790441965e-05
1430352960819695619,positive,0.9923820619702141
1430352961364967429,negative,0.03982012979408541
1430352961390235651,negative,0.13697022818332152
1430352961478213632,negative,0.04237424094130999
1430352963122470912,negative,0.0982968493737819
1430352965747941376,negative,0.08565594704330601
1430352968335994880,negative,0.00024904251105430217
1430352968872861700,negative,2.463980680276039e-05
1430352971611652096,negative,0.0001689756049803818
1430352973306138632,negative,0.001999055179237146
1430352973633314818,negative,0.30316650733548733
1430352975218843650,positive,0.9999941132459935
1430352975990562817,negative,0.013314628616832476
1430352976426770432,negative,0.0017922159252092044
1430352977483767812,negative,3.507623802888294e-05
1430352978263822336,negative,0.009708806738013663
1430352979018665984,positive,0.954165630888906
1430352979656314881,negative,9.444492002643781e-09
1430352981841518593,negative,3.38981242259977e-05
1430352981879267328,negative,0.2311023832962139
1430352981879296002,negative,0.025081267238513685
1430352981975732226,negative,0.04652097573407666
1430352982042808321,negative,0.0014915959706917664
1430352983829716995,negative,0.01913894980283667
1430352984827912200,negative,0.0024692730689043997
1430352985889071115,neutral,0.3921392596637016
1430352988053426182,negative,3.3264501884698285e-07
1430352988883849218,negative,0.025726104425478666
1430352989823320076,negative,0.012431191778843846
1430352989852737539,neutral,0.46511884455441777
1430352990167252996,negative,0.023405458527666286
1430352991991836676,negative,0.07435055115943454
1430352992235134976,negative,1.2119262832224166e-07
1430352993438912519,negative,0.006000414282260768
1430352993992380423,negative,0.1723300474289354
1430352994114097154,negative,0.00062619483649782
1430352994411991044,negative,0.04277728204804667
1430352996655943682,negative,0.2953580243372915
1430352996836196352,negative,3.1498647279576497e-06
1430352997528313857,negative,0.052105700145281854
1430352999860346885,negative,0.00029695752206272517
1430353000585965569,neutral,0.46790029342103856
1430353002406289409,negative,0.1514308870078797
1430353002653683717,negative,3.285557669293465e-06
1430353003714957312,negative,0.011199235971232157
1430353003782053895,negative,0.10459707035993664
1430353005421924353,neutral,0.4422768414395999
1430353008810934282,neutral,0.4948161302841318
1430353009477922818,negative,0.00041965671180245755
1430353010023088128,negative,1.588253597427915e-05
1430353010526461952,negative,0.0027619186686008365
1430353010866196481,negative,0.09701018081577242
1430353014712373249,negative,3.285557669293465e-06
1430353014976614404,negative,2.463980680276039e-05
1430353017023254535,negative,0.023487223017452045
1430353017249968131,negative,0.004961332164177251
1430353017270902784,positive,0.7640977602385857
1430353017690378244,negative,0.10893743244291845
1430353018877317129,neutral,0.46511884455441777
1430353020437606411,negative,0.1514308870078797
1430353020638797826,negative,0.04365915005365276
1430353022559956994,negative,0.0023700735569737856
1430353023096791043,negative,0.03404470091385081
1430353024363466756,neutral,0.46790029342103856
1430353026892500992,negative,0.11416083942319363
1430353027496620035,negative,0.1439591053554232
1430353028176044032,negative,7.723635019992432e-09
1430353030222909441,negative,1.2119262832224166e-07
1430353030927499265,negative,0.004222532424955791
1430353031023845378,negative,0.006232209827473498
1430353031368003589,negative,0.0017103576632825303
1430353031468621833,negative,0.305779366938349
1430353032043171841,negative,1.4525949632376575e-06
1430353032965988356,negative,0.004961332164177251
1430353033037107202,negative,0.15480874163662972
1430353033041436674,negative,4.253316041306802e-05
1430353034236866563,negative,0.004020505699739684
1430353034303791105,negative,0.01600018912809608
1430353034404634624,negative,0.03877549730610999
1430353037609127939,negative,0.10310227302193009
1430353038485688322,negative,0.025726104425478666
1430353038867406856,negative,0.002698192440556149
1430353039467204612,negative,0.1521266806530017
1430353040830312450,negative,0.11345785524505189
1430353042487062530,negative,0.000197694989096949
1430353042659020802,negative,5.570590840199017e-05
1430353044600987654,negative,0.0012258569913117354
1430353046467350536,negative,0.002803894617982534
1430353048451354634,negative,1.1427010921495333e-09
1430353050225491972,neutral,0.5459126945397397
1430353053551583236,negative,0.002935411137081108
1430353055162290179,negative,9.369259238456976e-06
1430353060249935874,negative,0.002969078151591674
1430353060488941571,negative,3.1900596059674e-06
1430353062523293698,negative,1.2119262832224166e-07
1430353063366234119,negative,0.0023040040490911297
1430353063471104000,negative,0.31295549136501427
1430353063471194113,negative,0.002874528822599138
1430353064117080070,negative,0.025608227057069458
1430353066486910978,negative,0.007053803797774884
1430353067313147904,negative,0.2503213121872892
1430353069963886595,positive,0.9969510510386065
1430353070031085569,negative,0.04221676224168745
1430353070253395972,negative,0.13697022818332152
1430353070660128775,negative,0.0002761717238840309
1430353071176040452,negative,0.04435973972959143
1430353071440343050,negative,0.0007229893543185766
1430353072585326592,negative,0.0004560057987810787
1430353073378111501,negative,0.013003264633793013
1430353076217647109,negative,0.002698192440556149
1430353076376985605,negative,0.00016580011140510196
1430353077706629123,negative,7.42270033342567e-12
1430353077765300226,negative,0.02129124451154466
1430353078029635593,negative,0.05416701196580648
1430353081284415491,negative,0.04907476437954909
1430353082395811843,negative,7.644507213170175e-05
1430353084715257867,negative,4.994368520532384e-05
1430353085138939906,negative,3.124376641687979e-06
1430353085805826056,negative,0.028066713730551158
1430353086661472256,negative,9.129672316409522e-08
1430353090360848393,negative,0.0008683764170862291
1430353090734170114,negative,0.2196825429429466
1430353091161952264,negative,0.2510692636928282
1430353091249983491,negative,0.07412903169407278
1430353091874988034,negative,0.04237424094130999
1430353092365721606,negative,0.006406864144630121
1430353092982284290,negative,0.03626826635259726
1430353093074558979,neutral,0.3748911760340227
1430353093611433985,neutral,0.4274047939449264
1430353095289196545,negative,0.002412621712651311
1430353098921463811,negative,0.002518166059047635
1430353100271915009,neutral,0.44707712117680115
1430353101341569028,negative,1.9605049153991847e-05
1430353101555486724,negative,7.733417873295257e-05
1430353107683262465,negative,2.43038242412175e-05
1430353109922942977,negative,0.1077123577227665
1430353110581616648,negative,8.151548590482193e-06
1430353111563087872,negative,0.01655022480749108
1430353111630196736,negative,3.496163057443755e-05
1430353113022668801,negative,2.021561146946387e-08
1430353114209701894,negative,0.16176363966730578
1430353114322907138,negative,0.02129124451154466
1430353114524172290,negative,0.1006737026279635
1430353114993942531,negative,0.0004210624576029799
1430353115551834112,negative,0.00193747547616344
1430353116751400962,negative,0.052403848598993795
1430353117665800192,negative,0.024033318512949924
1430353119037333505,negative,0.0008607508642300141
1430353119142154242,negative,4.439789983056308e-05
1430353119209218050,negative,0.2639894079812694
1430353119653908481,negative,0.06589923647266555
1430353119922245634,negative,1.0372377649992076e-07
1430353121650233344,negative,0.10459707035993664
1430353123550314501,negative,5.6983872397436006e-08
1430353123839815680,negative,1.1081866505145531e-10
1430353125647470592,negative,2.2912282268135423e-05
1430353126859673600,negative,0.0022632248731538386
1430353127618777095,negative,0.06702468813175695
1430353129095188487,negative,0.1006737026279635
1430353129653084172,negative,0.13697022818332152
1430353132496867330,negative,0.016892806665105665
1430353132740124675,negative,0.002688575779948614
1430353132824010754,negative,1.2119262832224166e-07
1430353134321344512,negative,0.0031655186296717097
1430353135059537923,negative,0.011199235971232157
1430353136439398402,negative,0.0021245241372909447
1430353137261596672,negative,2.0913983096511787e-06
1430353140021354497,negative,0.00011017536256798537
1430353143674642435,negative,0.008564516524943045
1430353144081440768,negative,0.14384775271232128
1430353144291086339,positive,0.9999983458035229
1430353144668725248,negative,0.02129124451154466
1430353145008463874,negative,0.11428525782370799
1430353149622210561,negative,0.025738063761756233
1430353150238732290,negative,0.013003264633793013
1430353150289010690,negative,0.025288156046084368
1430353150871961601,neutral,0.6580696364137677
1430353152914698242,neutral,0.46790029342103856
1430353154235842561,negative,0.015273427706506531
1430353155573878787,negative,0.001565777328229362
1430353161223540743,negative,1.4525949632376575e-06
1430353161378742272,negative,0.10568639822895264
1430353161945063425,neutral,0.49789225920557484
1430353165300477954,negative,0.00833195480571436
1430353168693665792,negative,0.08917286848381235
1430353169603723266,negative,0.005305820964786851
1430353169624801283,negative,0.055607018433144924
1430353169960341514,negative,2.3449553272763225e-05
1430353170677522432,negative,0.06589923647266555
1430353171298373635,neutral,0.4538146206303498
1430353171629625345,negative,0.04277728204804667
1430353173382893575,negative,0.0007807063029936024
1430353175702380546,negative,2.43038242412175e-05
1430353176138498050,negative,0.21921412548362115
1430353176537051141,neutral,0.46511884455441777
1430353177308766209,negative,0.014035669573749956
1430353177493258241,negative,0.03883206678590342
1430353178701279235,negative,0.0191687033133871
1430353179632361476,negative,0.15480874163662972
1430353180328665099,negative,0.04340333660254713
1430353186376851458,negative,0.00070362452254526
1430353186695561217,negative,1.4909361396304205e-05
1430353189803528193,negative,1.9605049153991847e-05
1430353191728734220,negative,1.5286060553042876e-06
1430353193100267520,negative,0.0076542902630523015
1430353198485839873,negative,0.006406864144630121
1430353201094660103,negative,0.001805716603831504
1430353201732145153,negative,0.03999496107581487
1430353202176827394,negative,0.19183871800402985
1430353203753799681,negative,0.01851891998488269
1430353206257856515,negative,6.772545697655112e-07
1430353209026088964,negative,2.8221585107700987e-08
1430353209277755397,negative,0.013003264633793013
1430353210166890499,negative,0.06240935867109201
1430353210556944387,negative,0.11416083942319363
1430353211051941890,negative,0.00016064523853962924
1430353211160940546,negative,0.17093269947216677
1430353211651678210,negative,0.051112222479177495
1430353211702009858,negative,0.0007370805709155339
1430353212276625411,negative,0.02129124451154466
1430353212570230785,negative,0.03126848849105296
1430353212582752258,negative,0.03841842620596202
1430353214860402693,negative,0.026926096156326636
1430353215283945477,neutral,0.3509746120419536
1430353216127049735,negative,0.08259276240336164
1430353216529649664,negative,0.0003735379101487396
1430353220057108482,negative,0.0002972057961471961
1430353221017538563,negative,0.00017173717706686335
1430353221634121731,negative,0.00035183940749159673
1430353221894217737,negative,0.0001433184915785129
1430353222003216394,negative,0.06767639947017874
1430353223190253571,negative,0.0005722164324255213
1430353228185616385,negative,1.0779631353284799e-08
1430353228391227392,negative,0.03706167031958127
1430353228575789062,negative,0.0017433900873911512
1430353229523701772,negative,9.438048045475525e-10
1430353230433853449,negative,0.09074687561550333
1430353231453036545,negative,0.01655022480749108
1430353233709604866,neutral,0.40509723049166263
1430353234695233542,negative,0.016675300139621263
1430353238511951877,negative,0.2454867282959764
1430353240336572416,negative,0.010579149796379538
1430353241640951810,negative,0.0012194778346275102
1430353243280973828,neutral,0.49789225920557484
1430353243314528264,negative,0.27031346463199996
1430353245688541185,negative,2.0284995434797554e-14
1430353245977841664,negative,0.002413350826074324
1430353247085154308,neutral,0.6118853836858785
1430353248280584192,negative,0.007176791971353284
1430353250218389512,negative,0.1439591053554232
1430353252290383875,negative,0.1316504256351873
1430353252462309379,negative,0.021143429589988345
1430353255121387522,negative,0.00048154562981454546
1430353255717015558,negative,0.008178362527209763
1430353255754780674,negative,3.344276235161324e-05
1430353256832770049,negative,0.0015999112307197017
1430353257180934147,negative,0.002515317722295464
1430353258393088001,negative,0.12548082294209545
1430353258883784705,negative,0.002515317722295464
1430353259357777925,negative,0.22543038840957136
1430353260657975304,negative,0.04570969931819914
1430353263141048328,neutral,0.5086552912907418
1430353263325483010,negative,0.05226567086749556
1430353265233891328,negative,0.10459707035993664
1430353265691144192,negative,0.026627199471601186
1430353267091968002,negative,0.15480874163662972
1430353268895535105,negative,1.2119262832224166e-07
1430353269126320138,negative,0.09959623770459634
1430353271445729284,negative,0.0664264764698215
1430353272175403012,negative,0.018256060224630253
1430353272351694850,negative,0.040554545722680226
1430353272750096387,negative,0.06589923647266555
1430353273299550217,negative,0.015155991388246729
1430353273970696193,negative,0.09977426282521906
1430353275430346757,neutral,0.4075926648349132
1430353275472187397,negative,6.785046996113771e-06
1430353276663369731,negative,0.002935411137081108
1430353276952891401,negative,0.029872947063838716
1430353281063194629,negative,0.001193012061950388
1430353281369399299,negative,0.006391737420647268
1430353282405445633,negative,2.0913983096511787e-06
1430353283839938562,neutral,0.6330861191521205
1430353284364177414,negative,0.09942184886734068
1430353284762570753,neutral,0.3560714704467315
1430353286180315138,negative,0.0004493918342676687
1430353287463718914,negative,0.09097565374605593
1430353287702798338,negative,0.0072728612674181955
1430353288713490435,negative,0.00046613975919235554
1430353289900666885,negative,5.03164450817331e-12
1430353293478408192,negative,0.00010979785132865946
1430353293537169409,negative,0.03141237231679964
1430353295110025220,negative,0.15253900981666582
1430353296758300674,negative,0.02129124451154466
1430353297802764295,negative,0.011981254154904397
1430353298629013505,negative,0.1006737026279635
1430353299178352644,negative,0.000909161543308512
1430353301250396161,negative,0.0002357049383820716
1430353301741125633,negative,0.024084557300551694
1430353302554910720,negative,1.754460724197165e-06
1430353302701682695,negative,0.105108169205089
1430353303242625028,negative,0.14943732078906324
1430353305616756738,negative,0.0007177288004068201
1430353308737318915,negative,0.0024692730689043997
1430353311828516874,negative,2.8221585107700987e-08
1430353311916609539,negative,0.0002972057961471961
1430353312281464839,negative,0.16176363966730578
1430353313791369216,negative,0.002935411137081108
1430353314261213186,negative,0.00016947403184162818
1430353315129331713,neutral,0.37231951514265965
1430353317859835908,negative,6.815062549337895e-05
1430353318178705411,positive,0.9954360962508451
1430353319160057865,positive,0.7564499908318857
1430353321995481089,negative,0.1439591053554232
1430353324616916992,negative,0.0018107127324038855
1430353324759523328,negative,0.10459707035993664
1430353328039399425,negative,0.00035240359230924787
1430353328047804417,neutral,0.3769626358888767
1430353328379154433,negative,9.714526850831676e-05
1430353328718950411,negative,0.0022666625048758547
1430353328895102980,negative,9.342293114661117e-06
1430353330501476354,positive,0.9999984981889207
1430353331134795778,negative,0.04237424094130999
1430353332573458435,negative,8.365216817920645e-17
1430353333118590976,negative,0.01873466978697474
1430353333919887360,negative,0.00019740470206906132
1430353336067399685,negative,0.16368671281213215
1430353336205725697,negative,0.02129124451154466
1430353337489240064,negative,0.005753394115811916
1430353338927915010,negative,0.12957774918871592
1430353339120771072,negative,0.0154414440573926
1430353342018908162,negative,0.001106748152862756
1430353342312685568,negative,0.03163819171507068
1430353343096950788,negative,0.26946072723466363
1430353346083295232,negative,0.000423722630707663
1430353346469187589,negative,0.003909549780600649
1430353349493334018,negative,0.10110647524587936
1430353351456088067,negative,0.0006911834245006714
1430353351775035396,negative,0.04340333660254713
1430353352567762948,negative,0.040698623474074075
1430353354119684099,negative,0.16985364131453873
1430353358343360512,negative,0.001106748152862756
1430353358414565378,negative,7.398446573198956e-05
1430353359429677056,negative,0.04340333660254713
1430353362772430848,negative,1.3076584770335688e-06
1430353362780758019,negative,3.523202323676466e-08
1430353363003224066,negative,0.1613162292850915
1430353363934269446,negative,0.015155991388246729
1430353364269912066,negative,0.03156820079324485
1430353364609650688,negative,0.05740630167378115
1430353365200932864,negative,0.0002972057961471961
1430353368086679553,negative,0.015543993729574644
1430353368845803521,negative,1.2920669550310616e-08
1430353370783502338,negative,0.1034548899631863
1430353371458854917,negative,0.02129124451154466
1430353371681247235,negative,3.756777151587537e-07
1430353374587854848,negative,0.07466010255461576
1430353377486118917,negative,0.19183871800402985
1430353378664755201,negative,0.03626826635259726
1430353379537080322,negative,0.036167919599648386
1430353381516787713,negative,0.06018955639756808
1430353387581812736,negative,0.01119498213345308
1430353390140276740,negative,0.03380739388063358
1430353391549550595,neutral,0.4521332392864445
1430353392266846209,negative,6.2515257911136e-06
1430353395014111235,negative,0.018818232840531947
1430353395664228359,negative,0.0915796991391375
1430353398956793858,negative,1.2119262832224166e-07
1430353401091706882,positive,0.9936491240336336
1430353402295459844,neutral,0.43275089126522487
1430353402538627076,negative,0.10088112718825391
1430353402568101892,negative,0.02387251284677864
1430353405688651779,negative,0.002935411137081108
1430353406057750532,negative,0.03156820079324485
1430353407748067332,neutral,0.3919068391247937
1430353409064984578,negative,0.0029282911755075867
1430353412001042436,negative,0.09810444681855067
1430353416430268419,negative,0.017606555841890498
1430353418112077825,negative,0.000999532416616085
1430353418904870914,negative,0.026837025157251997
1430353419336884227,negative,0.03156820079324485
1430353422725918725,negative,0.006022975541320012
1430353424013475842,negative,1.1034668799049961e-08
1430353427792531456,negative,2.463980680276039e-05
1430353431177441291,negative,0.013003264633793013
1430353431626227716,negative,1.9605049153991847e-05
1430353432230121473,negative,1.239506170090552e-06
1430353432397889539,neutral,0.3870882221309295
1430353435753320448,negative,0.0022756747408908913
1430353436478935040,negative,0.006834859480122911
1430353437347221508,negative,0.31732489718339985
1430353437363949568,negative,0.0009895138227167955
1430353438647492609,negative,0.10849820578823942
1430353439331061771,negative,8.397545713665836e-06
1430353442594250754,negative,0.16253731587582684
1430353442816544770,negative,0.013003264633793013
1430353443294691328,negative,0.0014309191715520938
1430353443324055553,negative,0.02129124451154466
1430353443877793792,negative,0.03676600924240424
1430353444850786304,negative,0.02064767233020969
1430353445169598467,negative,0.0024692730689043997
1430353446897692673,negative,0.05300418911723705
1430353448558600194,negative,2.661404971092999e-05
1430353450068594689,negative,0.0004804563505541635
1430353453050646529,negative,0.07412903169407278
1430353453595959304,positive,0.9999941132459935
1430353453918871557,negative,8.193010102430101e-05
1430353454275436545,negative,0.03156820079324485
1430353454833283072,neutral,0.504489028729147
1430353455458160650,negative,0.09032563315577524
1430353455818940416,negative,0.09475923411273379
1430353455969939457,positive,0.774378866808659
1430353457349857280,negative,0.04435973972959143
1430353457358192645,negative,0.0003095998345007483
1430353457718956037,negative,0.0001856577904651931
1430353458578829314,negative,0.15008909505444096
1430353461787480067,negative,0.1439591053554232
1430353462030708738,negative,0.10459707035993664
1430353463985192961,negative,0.07936844235735807
1430353465079861251,negative,0.01600018912809608
1430353466770264065,positive,0.9098669533161869
1430353468347330564,negative,7.5576574177852e-05
1430353470184464388,negative,0.06018955639756808
1430353470503231490,negative,0.03126848849105296
1430353472071811074,negative,0.002874528822599138
1430353473682427907,negative,7.990396367444597e-05
1430353474487791619,negative,0.10310227302193009
1430353476161204224,negative,0.010056265421544348
1430353477021077514,negative,0.07867088671338252
1430353480061947907,negative,0.03156820079324485
1430353481186021383,negative,0.011724737227430823
1430353484751130626,neutral,0.49789225920557484
1430353484818395138,neutral,0.40509723049166263
1430353486600888323,negative,0.00777779594623073
1430353487443943424,negative,0.04340333660254713
1430353487662129158,negative,0.015836906110604933
1430353488454815744,negative,0.2271430083015546
1430353489440526336,negative,0.0048488183864916256
1430353490803572736,negative,0.14188711129653592
1430353490958770179,negative,0.17228257777781514
1430353492317704192,negative,1.943489392788809e-05
1430353493248954370,negative,0.08958859156813195
1430353493437542402,neutral,0.46790029342103856
1430353493785726981,negative,0.06018955639756808
1430353494163087361,negative,0.04389835102142455
1430353495501144068,negative,0.04389835102142455
1430353495757033472,negative,0.10459707035993664
1430353496101081089,negative,0.15480874163662972
1430353496549871620,negative,0.14384775271232128
1430353496742760452,negative,0.1439591053554232
1430353496914612225,negative,0.04389835102142455
1430353497136959499,negative,0.02129124451154466
1430353497644576775,neutral,0.6387765042918215
1430353497820631040,negative,0.007176791971353284
1430353498038751232,negative,0.004961332164177251
1430353498932228103,negative,0.0012445358171549632
1430353503927644164,negative,0.11154443292387338
1430353504934285318,negative,0.03156820079324485
1430353506964279305,negative,0.3183298649738053
1430353508235100167,negative,0.03156820079324485
1430353508377710597,negative,0.03156820079324485
1430353508654632961,negative,2.169885526907012e-05
1430353508998451201,negative,0.23772847371748154
1430353510068019200,negative,3.124376641687979e-06
1430353510999240705,negative,0.0018721063285433155
1430353511338987525,negative,0.16968484777649073
1430353511699599360,negative,0.0023566090282697454
1430353513033392131,neutral,0.5443042361324889
1430353513289326598,negative,7.650008265276624e-05
1430353513410961408,positive,0.9999941132459935
1430353514778169347,negative,0.3263905330884209
1430353515105464321,positive,0.9297833602486092
1430353515105464330,negative,0.029084605322430918
1430353516003012608,negative,0.03156820079324485
1430353520729931781,positive,0.7768294255807383
1430353522109911041,negative,0.22375466543368244
1430353522474852358,negative,0.06029888826499388
1430353526299971586,negative,9.369259238456976e-06
1430353527289827330,negative,0.02129124451154466
1430353527319183369,neutral,0.3923119750405995
1430353527747002369,neutral,0.4922434542267056
1430353531001782275,negative,0.02555029963411535
1430353533220622339,negative,0.15614833477066983
1430353537146540036,neutral,0.46511884455441777
1430353538274693124,positive,0.8104091380325739
1430353538538934273,negative,0.012431191778843846
1430353540397084678,positive,0.9985440300343411
1430353540816547844,negative,0.02129124451154466
1430353541017833473,negative,0.001183780955679153
1430353542095773699,negative,0.32132486267703997
1430353543714811904,negative,3.124376641687979e-06
1430353544935354369,negative,0.011199235971232157
1430353545253953541,negative,0.0008550258579482524
1430353547166683137,negative,0.17612975799695404
1430353549159026690,negative,0.03967382231145224
1430353549179998211,negative,0.26946072723466363
1430353551830786052,negative,0.001565777328229362
1430353553281982466,negative,0.00033154820124937337
1430353554020225026,negative,0.22422371596542287
1430353559959314434,negative,0.012105242214284068
1430353560538079235,negative,8.871737124877053e-07
1430353560726908929,negative,0.0002972057961471961
1430353560743653383,negative,0.012431191778843846
1430353562408833027,negative,0.14332774400437603
1430353566733148167,negative,4.66349164515179e-05
1430353567056072713,neutral,0.5027646538510618
1430353567148384261,negative,1.2119262832224166e-07
1430353567370645506,negative,0.1006737026279635
1430353568448589829,negative,9.129672316409522e-08
1430353568524025858,negative,0.0955079072193121
1430353569270665216,negative,0.1439591053554232
1430353573213261826,positive,0.7578712788733418
1430353574504980480,neutral,0.46127768308170247
1430353575876599809,positive,0.9954360962508451
1430353576707215366,negative,0.01248712930650757
1430353577021693952,negative,0.002935411137081108
1430353577034330115,negative,0.0029619205094553983
1430353577185357826,negative,1.540513512408507e-05
1430353577512480769,negative,0.15480874163662972
1430353580125528065,negative,0.019298947454276676
1430353583606751239,negative,0.18893748366850777
1430353589516521473,negative,0.0403502002549569
1430353589684379649,negative,0.016598058087275467
1430353591278051330,negative,0.07584400605427216
1430353591919947779,negative,0.0012925517857288887
1430353592129662985,negative,0.04237424094130999
1430353592200859651,negative,0.0030555327068591607
1430353592507117572,negative,0.0204599567555194
1430353593534660610,negative,2.8221585107700987e-08
1430353593585086466,negative,0.0876624639195395
1430353594381918210,negative,0.13447393354941076
1430353594663022596,negative,0.002935411137081108
1430353594784571398,negative,5.924504244943155e-11
1430353595522822146,neutral,0.3696556049682052
1430353596852412423,negative,3.461658015507541e-05
1430353597909422090,negative,0.0008815046480037513
1430353598584557573,neutral,0.46790029342103856
1430353601105432582,negative,0.017589793233056282
1430353601482854400,negative,0.006834859480122911
1430353601726197760,negative,0.0003815879176332705
1430353603131322376,negative,5.570590840199017e-05
1430353603521359874,negative,0.00887954944321639
1430353603865231366,negative,0.20083921320861464
1430353604783841284,negative,9.454201796533808e-06
1430353607019352065,negative,4.82301578443223e-08
1430353608302862339,negative,0.305779366938349
1430353608785211397,positive,0.7122285767199921
1430353609020121094,negative,0.03156820079324485
1430353609196191749,negative,0.03156820079324485
1430353610374799363,negative,0.0002678253256070833
1430353611612110850,negative,0.09847083458068166
1430353611847000064,positive,0.704057014336795
1430353612559949832,negative,0.005753394115811916
1430353613113733121,negative,0.023066641506162833
1430353613835091968,negative,8.666236706517845e-10
1430353616200769542,positive,0.8998625740165253
1430353616305541121,negative,0.0010201227354255137
1430353616494342146,negative,0.2856918214238652
1430353617446375425,negative,0.015179160345477366
1430353617727410178,negative,0.10310227302193009
1430353620579536901,negative,1.872024917904881e-05
1430353621074407428,negative,0.03064621151281909
1430353622433353728,negative,0.0616784049820193
1430353624023064577,negative,0.28791690594841485
1430353626246094851,negative,0.10395619680739443
1430353626623524868,negative,0.0002357049383820716
1430353628536217601,negative,0.008204020231282187
1430353628838105091,negative,0.07838261686858392
1430353629119135745,negative,0.0004392080816650362
1430353630662692867,negative,4.658809802007939e-05
1430353630901805057,negative,0.0013115587060210329
1430353632529166338,negative,0.31820487300311295
1430353632608886789,negative,0.006834859480122911
1430353633447645184,negative,0.28846627521656093
1430353633808429056,negative,0.03156820079324485
1430353633820954626,negative,0.14384775271232128
1430353634680791041,negative,3.817109759926801e-05
1430353635532320772,negative,0.0024832470006420702
1430353635838414850,negative,0.004682056059969758
1430353636178251779,negative,0.011357373402310904
1430353637667180545,negative,0.008640709512307453
1430353640926154759,negative,0.10310227302193009
1430353641370750977,negative,0.0013009554459250704
1430353641588862977,negative,2.1044907988309678e-11
1430353643233062917,negative,0.0005090141210172882
1430353643417505797,negative,0.0002972057961471961
1430353645556666373,negative,0.03752974177418859
1430353646819151872,negative,0.00777779594623073
1430353647645433856,negative,0.025606385327558677
1430353647809056773,negative,2.536713354941636e-05
1430353650916986882,negative,0.018927761701806035
1430353653940973571,negative,6.230203994426881e-05
1430353653987266562,negative,1.9466248504559934e-05
1430353654154997760,negative,0.002935411137081108
1430353654574428165,neutral,0.49789225920557484
1430353656172486659,neutral,0.4737554465528978
1430353658160549891,negative,0.014602697752073474
1430353659263692801,negative,0.00026548635714104395
1430353660052135939,negative,0.11878569332368277
1430353660345667586,negative,0.015543993729574644
1430353660727398402,negative,0.01090869512701178
1430353660727500802,negative,2.341190641877837e-05
1430353661750923264,negative,0.02129124451154466
1430353662656880645,negative,0.04944995414456298
1430353663856365568,negative,0.03156820079324485
1430353665760563201,negative,0.05226567086749556
1430353669145440259,neutral,0.37186591212131864
1430353670420500480,negative,0.007533905737227892
1430353670668005380,negative,6.815062549337895e-05
1430353670928011264,negative,0.007176791971353284
1430353671225806848,negative,7.5576574177852e-05
1430353671418744838,negative,0.057763171123184937
1430353674040221703,negative,0.005992305361183227
1430353675441037312,negative,0.10113884140473946
1430353677303402498,negative,1.1427010921495333e-09
1430353678687510528,negative,0.0005700459510788234
1430353679765303305,negative,1.9605049153991847e-05
1430353680520421377,negative,0.32120439742908596
1430353681380171778,negative,0.1439591053554232
1430353681489272837,negative,0.2668457875575591
1430353682244190208,negative,0.26946072723466363
1430353682651090944,negative,0.011199235971232157
1430353682730733571,negative,0.17451439967382845
1430353682869243906,negative,0.03126848849105296
1430353683888447488,negative,0.007596011108392996
1430353684211380227,negative,0.002935411137081108
1430353684374896644,negative,0.0002972057961471961
1430353684521697284,negative,3.588473155932294e-05
1430353684920160258,negative,0.3053825313723964
1430353690527944704,negative,0.06692082588542778
1430353692247658496,negative,0.1439591053554232
1430353693929582593,negative,2.418964596203358e-07
1430353694252470275,negative,0.029913913419610926
1430353696802680839,negative,7.738684195904095e-06
1430353699344371717,negative,0.0016967677542761074
1430353701290524674,negative,1.46318904578236e-05
1430353701496045573,negative,1.2119262832224166e-07
1430353702066479106,negative,0.029698567152643164
1430353703538733058,negative,0.00010841013401255566
1430353705212256262,negative,0.011849440624449264
1430353707707867146,negative,0.0951318021375529
1430353710539018246,neutral,0.49789225920557484
1430353711797358594,negative,3.817109759926801e-05
1430353713001115650,negative,0.0022156994811404823
1430353713189826562,negative,0.1439591053554232
1430353714213236742,negative,0.0057495020827819454
1430353716230692864,negative,0.02129124451154466
1430353716297748486,negative,0.00020386840941631864
1430353717954555906,positive,0.7564499908318857
1430353721599406083,negative,0.12118315310551082
1430353722094260224,negative,0.11506164217744308
1430353722366906375,negative,1.0994258323467754e-12
1430353723050676224,negative,0.003877625480331631
1430353724057214977,negative,0.17988747792951723
1430353725978202116,negative,1.8628973050792683e-05
1430353729354620934,negative,2.3743809338116833e-07
1430353731825057794,neutral,0.4948161302841318
1430353734790492163,neutral,0.4637341883504556
1430353735327223809,negative,0.04944995414456298
1430353737390907400,negative,0.025606385327558677
1430353740977131520,neutral,0.4215791884160396
1430353741182603269,negative,0.001106748152862756
1430353741224501252,neutral,0.6457423802859142
1430353741996306433,negative,2.990013162645797e-06
1430353742075924483,negative,0.3282419999848567
1430353742474399753,negative,0.15480874163662972
1430353743837544459,negative,0.1439591053554232
1430353744839983107,neutral,0.46790029342103856
1430353745326616582,negative,2.0131825208366178e-07
1430353746178023427,negative,0.0012445358171549632
1430353747604086785,negative,0.00022924612527611043
1430353749021806593,negative,0.002463431259848774
1430353750003122176,neutral,0.46790029342103856
1430353751500599299,negative,9.369259238456976e-06
1430353752796635140,negative,0.012431191778843846
1430353753241235460,negative,2.661404971092999e-05
1430353755606814722,negative,0.3231774527521787
1430353757045469186,neutral,0.49789225920557484
1430353757494255617,negative,0.011199235971232157
1430353757842378755,negative,0.002607057172957348
1430353758593110016,negative,0.03156820079324485
1430353759247421441,negative,0.00031093771297326784
1430353760384131083,neutral,0.49789225920557484
1430353762762231808,negative,0.03156820079324485
1430353762858807300,neutral,0.6563657612993743
1430353764020535298,neutral,0.49789225920557484
1430353764393885704,neutral,0.6244059477025278
1430353766650351616,negative,0.04975415241564185
1430353767837360129,negative,0.0015314426657507432
1430353770047807489,neutral,0.49789225920557484
1430353770710552584,negative,0.10022403530174905
1430353772555931653,negative,0.03156820079324485
1430353772799275010,negative,0.003936164268816056
1430353776846704641,negative,0.019756231339062385
1430353783117262849,negative,0.06702468813175695
1430353785994584067,negative,9.923968755950283e-11
1430353786334289927,negative,0.03156820079324485
1430353787366019078,negative,0.03073208766424981
1430353788544634880,negative,0.00478751605605526
1430353789106667520,neutral,0.46364466503952073
1430353789471662088,neutral,0.5619982774542102
1430353790155296778,negative,7.922367198099717e-05
1430353790209859588,negative,4.994368520532384e-05
1430353790373335041,negative,0.004165811924199189
1430353791119933444,negative,0.011199235971232157
1430353792940265473,negative,0.011130153788438776
1430353794492141570,negative,0.002163666029462027
1430353794915872768,neutral,0.6134032199197422
1430353797499559939,negative,0.007142341535843848
1430353797939924992,negative,0.022282132490253168
1430353797952557057,negative,0.007034075106216088
1430353799533809671,negative,0.012431191778843846
1430353801416953856,positive,0.8339366290980347
1430353803275034628,negative,0.0007662779723572197
1430353804713762816,negative,0.0006649231948770456
1430353805389008897,negative,0.10310227302193009
1430353805938511876,negative,0.0006911834245006714
1430353807293169669,negative,0.00011518489151883235
1430353807465193482,negative,0.0819549604341469
1430353807754416132,negative,0.03676600924240424
1430353809021227018,negative,0.014035669573749956
1430353809881157632,negative,1.2554227156533682e-07
1430353810459856899,negative,0.04435973972959143
1430353811059744768,negative,0.0005911000101620713
1430353812443832326,negative,7.817421417274415e-09
1430353812569477123,negative,0.008228561234537685
1430353812615802880,negative,0.001805716603831504
1430353813807026180,negative,0.0002972057961471961
1430353813869838336,negative,0.0021245241372909447
1430353815975432192,negative,7.195698284976074e-05
1430353816625483778,negative,0.03156820079324485
1430353816965242884,negative,0.00796220823193602
1430353818978590720,negative,0.07250657536302631
1430353821482590210,negative,0.0204599567555194
1430353822145261569,negative,0.14384775271232128
1430353823105683456,negative,0.0024559464232479073
1430353825517510657,negative,0.00014411301079354674
1430353827455197186,negative,0.02129124451154466
1430353827950206980,negative,0.29470533275235344
1430353827987869701,negative,0.03626826635259726
1430353831179735041,negative,0.0005928880948433106
1430353831293071364,positive,0.9253975424772902
1430353832891011076,negative,0.0009895138227167955
1430353833188810752,negative,0.0005700459510788234
1430353834828836865,negative,0.0023700735569737856
1430353835151740928,negative,0.06589923647266555
1430353836640714763,negative,0.02403184841211229
1430353838012256257,negative,2.4584855751948255e-09
1430353841292300297,negative,0.06589923647266555
1430353843582291974,negative,0.002437437397613482
1430353844022689793,negative,0.20537445868366933
1430353845201342466,negative,2.8089388445089162e-05
1430353847931768833,negative,0.002688575779948614
1430353848149872643,negative,0.00017256978810892496
1430353849466884099,negative,0.16775861835549244
1430353850502983686,negative,0.0011134207670139315
1430353850943348740,negative,0.1006737026279635
1430353851073376266,negative,2.6211466983294634e-05
1430353851228508162,negative,0.00013986248134045364
1430353852100919304,negative,0.1288972171832048
1430353854667706373,negative,0.15480874163662972
1430353857067077634,negative,0.0023160634433286673
1430353857322889217,negative,4.880533316242359e-06
1430353857658249220,negative,0.002874528822599138
1430353857712844800,negative,1.2119262832224166e-07
1430353857977143298,negative,0.02822526737942932
1430353858526646278,neutral,0.48439634580644964
1430353859495485442,negative,0.012431191778843846
1430353861206843398,negative,0.15935539925354103
1430353862234312706,positive,0.9999932233011578
1430353863320784901,negative,0.02129124451154466
1430353863882719234,neutral,0.3403391890910929
1430353866973921285,negative,0.2271430083015546
1430353867347267593,negative,8.4779417282847e-06
1430353868987248643,negative,1.239506170090552e-06
1430353869314347010,negative,0.0001154193347811913
1430353869939298304,negative,0.021149922986511527
1430353873487683593,negative,0.19979368532477537
1430353873886191616,negative,0.0076542902630523015
1430353874532151296,negative,0.07741101552673647
1430353875270254592,negative,0.05239877936089857
1430353875685584896,negative,0.00014533309710845034
1430353875920379906,negative,0.00033224465618093515
1430353878084689923,negative,2.341190641877837e-05
1430353880118923265,negative,0.2552029623519141
1430353880446083074,positive,0.9022526088202889
1430353881364668425,negative,0.0006282143171711764
1430353881389748226,negative,1.0372377649992076e-07
1430353881851117573,negative,0.0017357838648924969
1430353882069221376,negative,0.00015868225611721895
1430353882606149632,negative,7.611772413358672e-05
1430353882681647114,positive,0.6825191789297772
1430353884632031237,negative,0.004961332164177251
1430353888151052290,neutral,0.5719501739269441
1430353888658399232,negative,0.2498137469497023
1430353889614835716,negative,0.2854724493000858
1430353891078574084,negative,0.03351721339856738
1430353892680912899,negative,9.129672316409522e-08
1430353897353359363,negative,0.051112222479177495
1430353897600786434,neutral,0.4922434542267056
1430353900578693120,negative,0.02129124451154466
1430353903372185606,negative,0.021260915855066682
1430353903971934214,negative,0.004544100841742674
1430353904957599746,neutral,0.4595243164363211
1430353905720963072,negative,0.042733376294224995
1430353908002603015,negative,0.011578824282650124
1430353908694724609,neutral,0.4507454498615163
1430353912582836224,negative,0.010088343800279618
1430353913505587202,neutral,0.49789225920557484
1430353913698418690,neutral,0.5935457426141375
1430353917330735109,negative,1.2119262832224166e-07
1430353917536313346,negative,0.2854724493000858
1430353919201456128,neutral,0.46511884455441777
1430353920094781440,positive,0.9999941132459935
1430353920421990401,positive,0.8007266922775306
1430353922590482434,negative,0.3078929705908665
1430353923110588418,negative,0.13473923758586712
1430353924700188677,negative,0.2503620269031739
1430353924821712896,positive,0.7877332844858808
1430353928282062849,negative,4.1910194838198415e-05
1430353928986693634,negative,0.00041965671180245755
1430353930802847751,negative,0.001380049203526442
1430353933030014978,negative,0.002515317722295464
1430353935873761280,negative,1.3323384807571689e-08
1430353936012152834,negative,0.08304856315317496
1430353937102786565,negative,0.0005700459510788234
1430353937605947395,negative,0.008538554969211142
1430353937996173317,negative,2.536713354941636e-05
1430353938067435529,negative,1.2119262832224166e-07
1430353940550492160,positive,0.7578712788733418
1430353941024452608,negative,0.005753394115811916
1430353947643023366,negative,3.0222698793391935e-06
1430353948674756613,negative,0.09942184886734068
1430353949731835906,negative,0.0008853416111700005
1430353949907898372,neutral,0.33314803897800704
1430353950868389891,negative,0.021779444348456294
1430353951539539972,negative,0.019552045773126712
1430353952600698881,positive,0.7126859996903592
1430353954462965760,negative,5.292211774983056e-06
1430353957600305158,negative,3.7314560755390405e-06
1430353959546413056,neutral,0.5156755366154803
1430353959835869187,negative,0.0006460611335702205
1430353961874337793,negative,0.21921412548362115
1430353963010994177,negative,0.051112222479177495
1430353966425165830,negative,0.0019324202809819985
1430353967251431429,negative,0.005992305361183227
1430353969361129477,negative,0.00020194887684697998
1430353969956671489,negative,0.0008463731500872914
1430353970820788227,negative,0.19979368532477537
1430353971323965442,negative,0.00011518489151883235
1430353973844840448,negative,0.1439591053554232
1430353975640039426,neutral,0.5320260000721615
1430353975698677762,negative,0.012431191778843846
1430353976533336066,negative,0.02129124451154466
1430353978546692100,positive,0.9847830092629449
1430353978861277184,negative,0.04396360605248663
1430353980039778311,negative,0.1221322810399361
1430353982950629376,negative,1.2204785889949153e-05
1430353983311384576,negative,0.15480874163662972
1430353987232878592,negative,0.06345778466920732
1430353989690920961,negative,0.17285967711175743
1430353993272762368,negative,8.51410031418699e-09
1430353993650384896,negative,0.0026037641791072227
1430353995361619968,positive,0.7557103338120345
1430353995927900161,negative,1.2119262832224166e-07
1430353997211262979,negative,0.00024904251105430217
1430353998448562177,negative,0.15480874163662972
1430354000617033728,negative,0.02129124451154466
1430354000650686467,negative,0.001523290060293953
1430354004308017155,negative,0.0204599567555194
1430354005914312710,negative,7.530549911914346e-09
1430354007931953158,negative,0.0005637408390602972
1430354008925949954,negative,0.06663795419187844
1430354010771542018,negative,0.09701018081577242
1430354011153211398,negative,0.02129124451154466
1430354011367133190,negative,0.27593737693920467
1430354011870449677,positive,0.6974465156945517
1430354014395371520,negative,0.03156820079324485
1430354014739259395,negative,0.057763171123184937
1430354016832299008,negative,0.01090869512701178
1430354017255837699,negative,0.10310227302193009
1430354017977344006,negative,0.048195994969713114
1430354019319521280,negative,2.341190641877837e-05
1430354020187713539,negative,0.30127459869889245
1430354021299245056,negative,7.249977293972592e-05
1430354025615081479,negative,0.09000317731526603
1430354025967349763,negative,0.0029282911755075867
1430354026936274944,negative,0.03156820079324485
1430354027032809473,negative,6.576766424373044e-05
1430354027598991365,negative,0.012431191778843846
1430354028026761220,negative,0.00035240359230924787
1430354028060241921,negative,0.09912645749764705
1430354032133087232,negative,0.20527343466564002
1430354034246967296,negative,0.025606385327558677
1430354035685707778,negative,0.007876520187612169
1430354035849183233,negative,0.0038293972091621624
1430354036457418756,negative,0.15253900981666582
1430354037791248392,negative,0.002560723495383756
1430354039875768322,negative,4.955820445693471e-07
1430354043805880325,negative,4.675156820595054e-05
1430354043935727619,negative,4.299803995065265e-06
1430354046842458115,negative,0.31820487300311295
1430354047995764738,negative,0.00038418567990784427
1430354048201502720,negative,0.002935411137081108
1430354050206273539,negative,2.661404971092999e-05
1430354050625724422,negative,0.056477053014479715
1430354053150777345,neutral,0.5077488492087571
1430354053226246148,negative,0.0045916335246790506
1430354053813481474,negative,4.658809802007939e-05
1430354054035775490,negative,0.03156820079324485
1430354057286328322,positive,0.8949933181832114
1430354059610017795,negative,0.2454867282959764
1430354059740041217,negative,2.2417882359867035e-05
1430354060528349190,negative,0.0006911834245006714
1430354060578721794,negative,0.00015109410086454892
1430354061308665856,negative,0.0007662779723572197
1430354061698740226,negative,0.05622388786036661
1430354064727027712,negative,6.856302118300166e-07
1430354065041641472,neutral,0.37431019203433197
1430354069978292224,negative,2.3101395610172638e-06
1430354071773458437,negative,0.0026824166798156334
1430354073501450240,negative,0.1439591053554232
1430354074625531904,negative,0.15480874163662972
1430354075204395014,negative,0.3024027088783894
1430354077624455169,negative,2.3743809338116833e-07
1430354079881089033,negative,0.03156820079324485
1430354081160306688,negative,1.2119262832224166e-07
1430354082036846600,negative,0.012500913808854701
1430354082582212610,negative,2.456211379558543e-05
1430354083089633281,negative,0.0024770991892168305
1430354083244818433,negative,0.07591040959142155
1430354083244912643,negative,0.007134098726712102
1430354084910059522,negative,3.817109759926801e-05
1430354085191036936,negative,0.10723047240333068
1430354088789749760,negative,0.04237424094130999
1430354090501066758,negative,0.05226567086749556
1430354090660442117,negative,0.02457183885497591
1430354091448934402,negative,2.2242837410862878e-18
1430354092174553093,negative,0.04237424094130999
1430354093936103426,positive,0.8661049563894521
1430354097052561413,negative,0.024033318512949924
1430354098109534209,negative,0.2503620269031739
1430354099191656453,negative,0.0007896014748346315
1430354100168925186,negative,0.00035638143294152927
1430354104254177282,negative,0.10330600649973323
1430354105604706306,negative,1.2119262832224166e-07
1430354107399819265,negative,9.353522439377971e-05
1430354108029014019,negative,0.04944995414456298
1430354108565925889,negative,0.2031218527706539
1430354109324926977,negative,0.007142341535843848
1430354110285598727,neutral,0.5907547793804688
1430354110574960643,negative,0.010901289837050148
1430354111912976384,negative,2.536713354941636e-05
1430354112437276676,negative,2.9561065569636873e-08
1430354113125101568,negative,1.588253597427915e-05
1430354113485840391,negative,0.001542238908607904
1430354114861584388,negative,0.15811420259467657
1430354116212142082,negative,1.565724760496225e-08
1430354119072657416,negative,0.003625529143928132
1430354119231954947,negative,0.0012262606136426491
1430354120838303750,positive,0.7097925554427753
1430354121253601280,negative,0.02129124451154466
1430354123182985229,negative,0.0012017638638617796
1430354125087256582,negative,0.001106748152862756
1430354126874062852,negative,0.006834859480122911
1430354128740491267,negative,0.08731090438759569
1430354129373782016,negative,2.995581020372644e-08
1430354130518908932,negative,7.800082459952215e-05
1430354130694967298,negative,0.059371854367166486
1430354130695073798,negative,0.10698648332839612
1430354131307401219,negative,8.666236706517845e-10
1430354131508682759,negative,0.005027033291376472
1430354135518437381,negative,8.150800901526544e-06
1430354138223816706,negative,0.04340333660254713
1430354139247222789,negative,0.006295863371521923
1430354139326951435,neutral,0.36053863538597225
1430354139561738244,positive,0.9528516170617136
1430354141516345346,negative,0.006707317666419423
1430354142707523591,negative,0.08636468522124051
1430354143688941575,negative,1.0439712269701933e-07
1430354145056329732,neutral,0.4965737714128878
1430354146796965889,negative,0.2779956004557392
1430354150353686531,negative,0.02129124451154466
1430354151750479873,negative,4.658809802007939e-05
1430354152069206017,negative,1.9605049153991847e-05
1430354154594177025,negative,0.02129124451154466
1430354155131056136,negative,0.19663814163873344
1430354155193917441,negative,0.14384775271232128
1430354155277856775,negative,5.7187664110567544e-05
1430354158322864130,negative,1.5648718398895915e-06
1430354158549413889,negative,0.03156820079324485
1430354163137925122,negative,0.0005112178651575809
1430354167508389894,negative,0.056477053014479715
1430354170209570819,negative,0.0029619205094553983
1430354170268225545,positive,0.9850532779340462
1430354176203235328,negative,0.00014251006212729248
1430354176211628033,negative,0.002935411137081108
1430354176282857475,negative,0.10498143044748331
1430354179147583489,positive,0.7564499908318857
1430354179286048776,negative,8.947849746641823e-06
1430354180380807175,negative,0.040698623474074075
1430354181949431809,negative,0.025606385327558677
1430354181995601920,negative,0.015155991388246729
1430354183132176391,negative,0.0010061904181496556
1430354183593644033,negative,0.0058937285100777595
1430354183849447429,negative,0.02293445612689222
1430354184570871812,negative,0.002935411137081108
1430354186160443400,negative,0.007142341535843848
1430354187972489225,neutral,0.38708398226898644
1430354187980873732,positive,0.9986085352871189
1430354188949757955,negative,0.00020172550539743024
1430354190547701767,negative,2.1856997924199129e-07
1430354191000563714,negative,0.00016733510091945943
1430354192170901513,neutral,0.39176062930416417
1430354192888119297,negative,0.0026824166798156334
1430354193148256256,negative,0.01090869512701178
1430354193286586368,negative,3.445204450012789e-05
1430354195094417408,negative,0.0012597076564119264
1430354196843335681,negative,0.12852390160237528
1430354197262766084,negative,0.03156820079324485
1430354198814773248,negative,0.004096843329000252
1430354202321117184,negative,0.16265246850178164
1430354203013173251,negative,0.0024249184905828715
1430354203805892608,negative,0.022282132490253168
1430354206070874119,negative,0.05891849316111055
1430354214446714880,neutral,0.5021757927138695
1430354214497050625,negative,0.15480874163662972
1430354215810084867,negative,1.2138308128605668e-07
1430354218196611076,negative,0.012431191778843846
1430354218980884482,negative,0.17818481709933517
1430354221195567105,negative,0.1006737026279635
1430354222449561607,negative,0.22339051263354967
1430354222755762181,negative,0.0039030350166849304
1430354222856478722,negative,0.011130153788438776
1430354223863058436,negative,0.02457183885497591
1430354223863107584,negative,0.29484446145440235
1430354227008872448,negative,0.019980532894814645
1430354228023808007,negative,2.3101395610172638e-06
1430354228523020289,negative,0.002743622310530251
1430354231777759235,negative,0.0905078595392865
1430354233992298498,positive,0.9999941132459935
1430354234818584576,negative,0.0036719810854231884
1430354236185919490,negative,0.015080611164657726
1430354237133889540,neutral,0.35395670805365914
1430354237196804096,negative,0.21921412548362115
1430354237402320903,negative,0.03337741556591068
1430354239017062401,negative,0.1006737026279635
1430354240157978630,neutral,0.4338862132606424
1430354240183148546,negative,0.1505667471440696
1430354240204165121,negative,0.01600018912809608
1430354240258461699,negative,9.852243572598006e-08
1430354240262721540,negative,0.06910880645873725
1430354240292147203,neutral,0.4156043704922058
1430354240308846595,negative,0.00053627130387028
1430354240631943168,negative,0.08600500512923376
1430354244826189824,negative,1.2732747489295435e-09
1430354245447032834,neutral,0.49789225920557484
1430354245610528772,negative,0.0015314426657507432
1430354245665103880,negative,6.816004512648806e-05
1430354246008979458,negative,0.0002972057961471961
1430354246302674947,negative,0.00016761390735579602
1430354246512295941,negative,2.688135857989321e-06
1430354247011471361,negative,0.02129124451154466
1430354247070142466,negative,5.7037944969307884e-05
1430354247120457728,negative,2.8915478135149508e-08
1430354248051613697,negative,0.0915796991391375
1430354249553039360,negative,0.05923818552687399
1430354250232696837,negative,0.001805716603831504
1430354250882854912,negative,8.666236706517845e-10
1430354251600048133,negative,0.17285967711175743
1430354253806284803,negative,0.04237424094130999
1430354254309609473,negative,0.15467132508923268
1430354258772254722,negative,6.19091155075042e-07
1430354259896410112,negative,0.006406864144630121
1430354261368582151,negative,1.2119262832224166e-07
1430354261423046656,negative,0.03156820079324485
1430354264283656192,negative,0.129373264643482
1430354266305216520,negative,0.30949162078289394
1430354267584536577,negative,0.06692082588542778
1430354267894951942,negative,0.000769546628218717
1430354270105309185,negative,0.0021245241372909447
1430354270470160384,negative,3.348856567527904e-07
1430354271082532866,negative,0.05226567086749556
1430354272466743300,neutral,0.5162152689687943
1430354273397846021,negative,3.817109759926801e-05
1430354274672861186,negative,2.9481154168767434e-05
1430354275633336327,negative,0.10459707035993664
1430354275956297732,negative,0.00010841013401255566
1430354277751480321,negative,0.003934139300013207
1430354278762352646,negative,0.0015352294644547003
1430354279731236868,positive,0.7078855302152476
1430354281291517956,negative,0.08786737462402619
1430354281538932737,negative,0.0191687033133871
1430354282533036036,negative,0.000769315630044033
1430354284571471877,negative,3.353080218024061e-07
1430354285917884417,negative,0.0004493918342676687
1430354286622425088,negative,0.06910880645873725
1430354287423545350,negative,0.20439966089722336
1430354287536877568,neutral,0.547723817299082
1430354290003128321,neutral,0.47337658434173246
1430354293945683970,negative,0.05846238949888584
1430354296646819845,negative,0.003665727130973316
1430354297804443657,negative,0.01655022480749108
1430354298110713862,negative,0.07394374167849627
1430354299058589698,negative,0.12664828407500592
1430354299276644352,negative,0.06589923647266555
1430354299335421957,neutral,0.4184888632202746
1430354299339616259,negative,3.3733738229910596e-05
1430354299997933568,negative,0.04508346565630752
1430354306071470081,negative,0.04512415364680735
1430354310961975299,negative,0.0016423629363628183
1430354311872188417,negative,1.192688001041041e-05
1430354312320864256,negative,2.606297592361269e-07
1430354313147203588,negative,0.012537253413884404
1430354313646383106,negative,0.00011518489151883235
1430354317077274638,negative,0.0017850114482822785
1430354318545326089,negative,0.17149597227128152
1430354319732248578,negative,0.22543038840957136
1430354320386576384,negative,0.0002456916823241116
1430354321363939330,negative,0.009906014964107444
1430354321993043971,negative,0.001805716603831504
1430354322643169280,neutral,0.49789225920557484
1430354323872047106,negative,2.3190891073486412e-06
1430354326686507015,negative,1.2119262832224166e-07
1430354326858444803,negative,0.002688575779948614
1430354327542157314,negative,2.934485812589703e-06
1430354328037085194,negative,0.07475914823689277
1430354328234102790,negative,0.003754714945993709
1430354329484107776,negative,0.26211601905000176
1430354331405017090,neutral,0.46790029342103856
1430354331916771329,negative,0.056797943646800714
1430354332004782084,negative,0.000370365799033262
1430354333271568386,negative,1.0372377649992076e-07
1430354333409894400,neutral,0.46790029342103856
1430354333489586176,negative,0.0014827157647100046
1430354333669920773,negative,0.015155991388246729
1430354333938462721,negative,0.007142341535843848
1430354336182329345,negative,5.81760576586445e-07
1430354336220131334,negative,0.02555029963411535
1430354337079963652,positive,0.7640977602385857
1430354341035184131,negative,0.0011705350659215602
1430354341907599360,negative,0.0058937285100777595
1430354342499004419,negative,2.3743809338116833e-07
1430354343564353539,neutral,0.506685318273694
1430354346244513793,negative,0.0011705350659215602
1430354346471006219,negative,5.373789067734851e-05
1430354348492656644,neutral,0.3923119750405995
1430354351969681411,negative,0.040698623474074075
1430354352808468486,neutral,0.3902247919979119
1430354353836199939,positive,0.9999941132459935
1430354355086057472,neutral,0.3499352441185855
1430354357334298624,negative,0.02129124451154466
1430354357929848838,negative,0.07207660726962185
1430354362958761985,negative,0.004257591249498513
1430354363088871428,negative,0.0002972057961471961
1430354365848723461,negative,0.18096810764196905
1430354367006322690,negative,0.003596335983795157
1430354367023099904,negative,5.570590840199017e-05
1430354368222666753,negative,0.08786737462402619
1430354368516313088,negative,3.217572357758867e-05
1430354370714079234,negative,0.014035669573749956
1430354373536882695,negative,0.20537148558331467
1430354373666918400,negative,0.001106748152862756
1430354375629840386,neutral,0.49789225920557484
1430354376959397891,negative,0.07277010903294014
1430354377462722561,negative,0.006834859480122911
1430354378276450304,negative,2.552446163727648e-06
1430354378679066624,negative,9.129672316409522e-08
1430354381191401474,neutral,0.6563657612993743
1430354381447340039,negative,0.1439591053554232
1430354381451501571,negative,0.049431864111110786
1430354382110052352,positive,0.8839287994115164
1430354382353178624,negative,0.013572552119476465
1430354382781026309,negative,0.02641093554343015
1430354382873321475,negative,5.487001049755896e-09
1430354384727257088,negative,0.002515317722295464
1430354384848920579,neutral,0.495377779129209
1430354385264123906,negative,0.2733635335229966
1430354387071905792,negative,0.015225310967370906
1430354392520151044,neutral,0.6580696364137677
1430354393057140737,neutral,0.48728019602140255
1430354395565264896,negative,0.0005011481990107299
1430354396928479232,negative,0.11157345563744352
1430354397448622084,negative,6.815062549337895e-05
1430354397721137154,negative,0.02129124451154466
1430354400023912451,negative,0.019619064339783096
1430354402406277121,negative,0.0057495020827819454
1430354402716655619,negative,0.0002357049383820716
1430354402976620548,negative,0.02129124451154466
1430354403190579204,negative,0.0011501631082287626
1430354404385951746,negative,0.11115965122005769
1430354408542511106,neutral,0.46580524513006194
1430354410161557506,negative,1.0588019752110059e-05
1430354414041174016,positive,0.7229876549532868
1430354415744081921,negative,0.15480874163662972
1430354417228865536,positive,0.9954360962508451
1430354419611230213,negative,2.661404971092999e-05
1430354419653169159,negative,0.06648771998435156
1430354420856987651,negative,0.12060253184198749
1430354423402881025,negative,0.06589923647266555
1430354424497573890,negative,0.3231774527521787
1430354425047040001,neutral,0.4184888632202746
1430354427148390402,negative,0.06223488404687426
1430354427811143683,positive,0.9954360962508451
1430354428981305346,neutral,0.44139977080825393
1430354429212045312,negative,0.2955169024694946
1430354433536372746,negative,0.00909335869310267
1430354434903756806,negative,0.06018955639756808
1430354436577189890,neutral,0.4507454498615163
1430354436962983940,negative,0.007540646016049865
1430354437437018118,negative,0.0008463731500872914
1430354438154301440,negative,0.02129124451154466
1430354444038950916,negative,0.02129124451154466
1430354444827467777,neutral,0.6486425011625336
1430354445129424897,negative,0.08968274938813012
1430354445544665097,negative,0.13723454616453923
1430354447302119428,negative,0.05223552883494814
1430354448459702273,neutral,0.48728019602140255
1430354449785147394,negative,0.024281263848569785
1430354449940115456,negative,0.07737969900408402
1430354450087038978,negative,0.02129124451154466
1430354452997869572,negative,0.028731376372509637
1430354453576753152,negative,4.994368520532384e-05
1430354455669714951,negative,0.006576805558396303
1430354457141948420,neutral,0.6394766247101445
1430354459239108610,negative,0.0002972057961471961
1430354460258316291,neutral,0.5320260000721615
1430354460811927553,negative,0.03156820079324485
1430354464238616578,negative,0.029002634862700213
1430354464930623488,negative,0.04512415364680735
1430354464964288513,negative,0.02129124451154466
1430354465022939140,negative,0.015543993729574644
1430354466675601412,negative,0.060903283617357196
1430354467925286913,negative,2.3743809338116833e-07
1430354469900804096,negative,0.0002357049383820716
1430354470601428996,negative,0.002935411137081108
1430354471826120706,neutral,0.48728019602140255
1430354472442679299,negative,0.00905030772821337
1430354473969459201,negative,7.181047312910396e-09
1430354474074247171,neutral,0.6255248137969407
1430354474879623169,negative,0.1729076867245154
1430354479711412229,positive,0.9986085352871189
1430354481351438337,negative,0.003754714945993709
1430354481917669376,negative,0.11913440378692794
1430354483322753024,neutral,0.35207276548047667
1430354484077764616,negative,0.19618955979954988
1430354484996329476,negative,0.2745512644137985
1430354485227008000,negative,0.10057999076286693
1430354486627872770,negative,1.2119262832224166e-07
1430354491824644100,negative,0.00606172719422156
1430354495129722882,negative,0.0011439099806913535
1430354495519739904,positive,0.7877332844858808
1430354495901470721,negative,3.3788992062277117e-07
1430354497398874114,negative,0.1439591053554232
1430354497830850562,neutral,0.48728019602140255
1430354502025101312,negative,0.02129124451154466
1430354502624808973,neutral,0.46790029342103856
1430354502666833932,negative,0.013003264633793013
1430354504046850048,negative,0.002698192440556149
1430354505879617540,neutral,0.38141458554352287
1430354507142254595,negative,0.04944995414456298
1430354507364503554,negative,0.00905030772821337
1430354508333338624,negative,0.0005700459510788234
1430354509503647747,negative,0.0048488183864916256
1430354510875176960,negative,1.1200981144776927e-07
1430354511391039490,negative,0.00035240359230924787
1430354512108085251,negative,0.013042965451028319
1430354512208879616,negative,0.08786737462402619
1430354512670306306,negative,5.587993353248951e-05
1430354513710440452,negative,1.7119825230757804e-11
1430354514318663681,negative,0.00024904251105430217
1430354515086172162,negative,6.014479591269272e-07
1430354515346268160,negative,0.07641825906743083
1430354516852019207,negative,0.00029251397342086935
1430354517392953345,negative,0.057772583349183365
1430354517653180425,neutral,0.5300094326897601
1430354518634606594,negative,0.0005990726681226837
1430354518802325508,negative,0.00887954944321639
1430354520559792131,neutral,0.48728019602140255
1430354522384347140,negative,0.01787253551287825
1430354523130720257,negative,0.21002656504263725
1430354523239895044,positive,0.6746108756521773
1430354526712782848,negative,0.00016953035525988858
1430354527287447556,negative,0.011674778740682627
1430354527971065860,negative,0.05226567086749556
1430354529510436869,negative,0.003546177050561109
1430354530361913346,negative,0.23723710094832215
1430354530454102017,negative,0.015332662056161976
1430354530948972549,negative,0.15480874163662972
1430354531641135106,negative,0.002935411137081108
1430354531825725441,negative,0.002413350826074324
1430354534220640262,negative,6.808371388719132e-05
1430354535873142787,neutral,0.4922340655629032
1430354537391575046,negative,0.04570969931819914
1430354538540806146,negative,0.17315878899466872
1430354539820032006,negative,0.02721274929257932
1430354540096888835,neutral,0.3870882221309295
1430354541787197444,negative,0.22366113284727743
1430354542693081092,negative,0.006834859480122911
1430354543745904640,negative,0.03899018823755049
1430354545050361857,negative,0.013003264633793013
1430354545486581761,negative,0.0002972057961471961
1430354546446974982,negative,1.0094245679582965e-06
1430354550121287684,negative,0.0015314426657507432
1430354550700089346,negative,0.1006737026279635
1430354551148843014,negative,1.9761408323165762e-05
1430354552465809408,negative,0.00013349135225617943
1430354552688156673,negative,0.31792255692971555
1430354558706929669,negative,0.012537253413884404
1430354560024027143,negative,0.004165811924199189
1430354560095334400,positive,0.738970956739977
1430354560149868544,negative,0.03578565058035012
1430354561198329860,negative,8.905500213129744e-07
1430354561861046272,negative,0.1439591053554232
1430354562574135298,negative,0.13697022818332152
1430354565367402503,negative,0.012905584955553998
1430354565648551939,negative,0.001618640310760702
1430354568139792387,negative,0.1006737026279635
1430354568181960705,negative,0.05672575908786857
1430354568517410817,negative,0.02129124451154466
1430354568592961540,negative,0.04436289424467023
1430354571386396676,positive,0.9999941132459935
1430354573105979397,negative,0.012431191778843846
1430354574074843136,negative,0.08872207814284318
1430354574838312968,negative,0.00015820991930176503
1430354575035359233,negative,9.714526850831676e-05
1430354575987466242,neutral,0.48728019602140255
1430354576952147968,neutral,0.49789225920557484
1430354578676011011,negative,5.353753867478429e-07
1430354579275792387,negative,0.00011518489151883235
1430354580043354113,negative,0.03126848849105296
1430354581708550152,negative,0.13697022818332152
1430354582673178630,negative,0.002698192440556149
1430354583424020480,negative,0.007142341535843848
1430354583935672325,negative,5.487001049755896e-09
1430354584438988804,negative,1.0295590810688904e-07
1430354584493506562,negative,0.03701022202343697
1430354585307262978,negative,0.2503620269031739
1430354585642840290,negative,7.195698284976074e-05
1430354586032918529,positive,0.9998080303460412
1430354586800361472,neutral,0.5320260000721615
1430354588893286400,negative,0.10310227302193009
1430354589430304770,negative,0.07250657536302631
1430354590143287298,negative,0.013003264633793013
1430354591191912452,negative,0.28846627521656093
1430354593280626694,neutral,0.3347033189721552
1430354594358509573,neutral,0.6021402482138403
1430354595558137859,negative,0.011814532018294422
1430354597000925190,negative,0.0006911834245006714
1430354597063843840,negative,2.463980680276039e-05
1430354598280286214,negative,1.4525949632376575e-06
1430354601690247170,negative,1.3600105662714684e-07
1430354605246922755,negative,0.0020187592687087503
1430354607885144068,negative,4.115004394194872e-17
1430354608371732483,negative,1.9518256449432198e-07
1430354608996687873,neutral,0.5320260000721615
1430354609692889096,negative,2.0102799119988846e-07
1430354610535993348,positive,0.9924027781693339
1430354611152506881,negative,6.685018149300523e-05
1430354611177668609,negative,0.02129124451154466
1430354611446091779,neutral,0.4259715908900575
1430354613203439617,neutral,0.6545489607744799
1430354614277132293,neutral,0.46790029342103856
1430354614566756352,negative,0.0004883687510385779
1430354616546385926,negative,7.997980873226486e-05
1430354617267900417,negative,0.02129124451154466
1430354619373441027,neutral,0.48728019602140255
1430354619813728261,negative,1.2119262832224166e-07
1430354620111630347,neutral,0.547723817299082
1430354620191322115,negative,0.2745512644137985
1430354620329627653,negative,0.0002972057961471961
1430354621898399748,negative,4.1910194838198415e-05
1430354625874518016,negative,0.08268680303634479
1430354626281414661,neutral,0.49789225920557484
1430354627128696833,negative,0.00019548758608286284
1430354628219129864,negative,0.0017922159252092044
1430354628613443585,neutral,0.5027646538510618
1430354628848279556,negative,0.11913440378692794
1430354630546972672,neutral,0.48728019602140255
1430354631574573057,negative,0.015499589687202487
1430354631792726020,negative,2.8734671461784587e-05
1430354635886313481,negative,4.2330708134109584e-06
1430354637597593604,negative,5.926802725647634e-06
1430354640713945091,negative,0.31792255692971555
1430354640961421313,negative,0.0008083793664055597
1430354641225662466,negative,2.7577036237272044e-05
1430354641431183361,negative,3.039137678328667e-06
1430354642005893122,negative,1.7020817818549617e-06
1430354642500792324,negative,0.02129124451154466
1430354642622312451,negative,0.26946072723466363
1430354643457085442,negative,0.04512415364680735
1430354646191808519,negative,0.305779366938349
1430354648230158336,negative,5.841280179270859e-09
1430354648536207365,neutral,0.3826519025313255
1430354649727619074,negative,0.023226945264787534
1430354651925422080,neutral,0.495377779129209
1430354652747517955,negative,0.02721274929257932
1430354655993815040,negative,0.3219053602486251
1430354657071730690,positive,0.699944969650638
1430354657717755905,negative,0.03156820079324485
1430354659668004873,negative,0.2626062570643734
1430354660473413633,negative,0.17612975799695404
1430354661077307393,negative,0.06578333652938091
1430354664550174727,negative,0.005663457670422148
1430354666131542017,negative,0.004409767193870959
1430354667595354113,negative,0.19139264597014827
1430354667876323332,negative,0.04944995414456298
1430354667914080259,negative,0.043850203308971554
1430354668245356549,negative,7.181047312910396e-09
1430354668291596296,neutral,0.36413225911073666
1430354668656513026,neutral,0.5230271910277728
1430354668937531394,negative,0.0245779884463219
1430354669520445440,neutral,0.3525348100883744
1430354671357644806,neutral,0.46790029342103856
1430354675572822023,negative,2.341190641877837e-05
1430354676151689216,negative,0.06578333652938091
1430354677720403968,negative,0.12938315078467383
1430354679750352896,negative,0.15480874163662972
1430354679964348423,negative,0.008178362527209763
1430354680266244099,negative,0.01600018912809608
1430354682065694722,negative,1.2119262832224166e-07
1430354682086559747,neutral,0.5320260000721615
1430354685450465281,negative,0.0009657540527583788
1430354686360662022,negative,0.0002357049383820716
1430354687161782278,negative,0.01222370874478043
1430354688868855808,negative,0.044875378066389825
1430354689325862913,negative,0.005099871092229208
1430354689506283526,negative,0.00010185598960654345
1430354689875382274,negative,0.003936164268816056
1430354691519664128,negative,0.15608868916466107
1430354691691622402,negative,0.13888156116414957
1430354694946369539,neutral,0.49789225920557484
1430354696993230852,negative,0.11551743567808735
1430354698104709121,negative,0.03156820079324485
1430354698347950082,negative,0.03156820079324485
1430354699467776000,negative,2.341190641877837e-05
1430354699476250625,negative,0.09942184886734068
1430354699824386051,negative,9.625629138950063e-05
1430354699895574530,negative,0.18011813426510112
1430354701246103552,positive,0.6746108756521773
1430354701300772869,negative,0.0006072519923404105
1430354701963481089,negative,0.0008705768900021965
1430354703829852166,positive,0.7374210528254103
1430354703968256004,neutral,0.6543095366919728
1430354704219918340,negative,9.714526850831676e-05
1430354705876652032,positive,0.8655740445226688
1430354706006740992,negative,1.3674058468817286e-12
1430354706333900801,neutral,0.42707781946063295
1430354707843854336,negative,0.0010201227354255137
1430354711333404675,negative,0.0421136395120924
1430354711581020168,negative,0.00034734909337997617
1430354711841067010,negative,3.930756788349223e-09
1430354712059162626,negative,0.05384885330526493
1430354715901153281,negative,0.1439591053554232
1430354718115737601,negative,0.012370543703302391
1430354720758112257,negative,7.1950470843798806e-06
1430354722440073216,neutral,0.44234412603702444
1430354724398813187,negative,0.02129124451154466
1430354725657104386,negative,1.2119262832224166e-07
1430354727196319750,positive,0.9927455655942193
1430354727598964736,negative,0.0105383624470891
1430354727708024832,negative,0.18795859623648656
1430354728156909568,negative,6.941999060544883e-05
1430354729549254660,neutral,0.49789225920557484
1430354730606288903,negative,0.01090869512701178
1430354732191735808,negative,0.019552045773126712
1430354736205680640,negative,0.015155991388246729
1430354737015267333,negative,0.02129124451154466
1430354738542006277,negative,0.05226567086749556
1430354743105314818,negative,0.014672895986811695
1430354743428325377,negative,0.00046607087203279343
1430354743453528066,negative,0.06705879738963702
1430354745101799427,negative,3.0412482930900027e-06
1430354745470951426,neutral,0.5027646538510618
1430354746083262471,negative,0.002935411137081108
1430354749195489282,neutral,0.49789225920557484
1430354749669482497,negative,0.08071134423700915
1430354750504153089,negative,0.0027569349922103746
1430354754455097349,negative,0.024695302114672288
1430354755415576578,negative,1.0372377649992076e-07
1430354755633700869,negative,0.17269155523801363
1430354755809857536,negative,0.19444888132752772
1430354755834970118,neutral,0.6459567158672359
1430354757613404173,negative,1.4297414103982649e-07
1430354761157591045,negative,0.06018955639756808
1430354763804299269,negative,0.0464250318134094
1430354763942617088,negative,0.057078491338045635
1430354765280645121,negative,0.04532904709837561
1430354770284498953,negative,3.4436582104639264e-05
1430354770456424450,negative,0.037194548783398104
1430354771349749764,negative,0.0020195479906453626
1430354771538481157,negative,0.015332662056161976
1430354773631459328,negative,0.011936624695438658
1430354774646480896,negative,0.03798973246177446
1430354776802353155,negative,5.05388823270196e-06
1430354777758633986,neutral,0.364194069891011
1430354777846829058,negative,0.29150453131543796
1430354780782792706,negative,0.0054322588175418195
1430354780879265795,negative,0.12545629875969805
1430354782393409537,negative,0.0019384057161045002
1430354782833811463,negative,4.994368520532384e-05
1430354784599556096,negative,9.097294706652668e-05
1430354786382135298,negative,0.02129124451154466
1430354786780598274,neutral,0.48728019602140255
1430354788521287682,negative,0.00547525714722396
1430354789079126017,negative,0.04570969931819914
1430354792149360641,negative,0.002030685452370504
1430354792824541189,negative,0.3074402872636826
1430354794556821506,negative,0.0006072519923404105
1430354794913349634,negative,0.17612975799695404
1430354799325814786,negative,0.00016953035525988858
1430354800143634435,negative,0.06578333652938091
1430354803473932288,negative,0.007680087466661283
1430354805990563842,negative,0.08917286848381235
1430354807840182279,negative,0.0004883687510385779
1430354811896090625,negative,0.0002378493612663427
1430354815171837952,negative,0.15480874163662972
1430354815293530114,negative,0.001102798071240501
1430354817902387200,negative,0.016838935570644222
1430354818078547968,negative,9.912829277804508e-08
1430354819592642562,negative,0.03804324982647503
1430354820175699970,negative,0.03156820079324485
1430354820972662788,negative,0.08872207814284318
1430354821345853440,negative,9.606976831793806e-13
1430354822621024256,negative,0.04512415364680735
1430354822709055495,negative,0.00010841013401255566
1430354823002656770,negative,0.2745512644137985
1430354826131648513,negative,1.2119262832224166e-07
1430354826400083970,negative,3.965408648638845e-13
1430354826504900618,positive,0.9999941132459935
1430354827243032576,negative,0.015155991388246729
1430354828182663168,negative,0.006834859480122911
1430354828329377792,negative,0.0808488908549182
1430354828585230336,negative,0.0007662779723572197
1430354829432532998,negative,0.0028361627691578543
1430354830338441216,neutral,0.5320260000721615
1430354831437402112,negative,0.17834129973323448
1430354831659708422,negative,0.01920247364420426
1430354831722565633,negative,6.914315822418878e-06
1430354831986860034,negative,0.07027949701785517
1430354832066596869,negative,1.1307594204332162e-10
1430354833899331586,negative,2.8734671461784587e-05
1430354836973891593,negative,9.342293114661117e-06
1430354837535961092,negative,0.16199960575379269
1430354839138078728,negative,0.00019548758608286284
1430354841860288517,negative,0.03143826290989732
1430354842577477635,negative,0.04982858185284777
1430354842598346758,negative,0.007142341535843848
1430354842841722881,negative,0.0027416091026528488
1430354843256991745,negative,0.0008787376639933897
1430354844510994434,negative,0.004085638391686336
1430354845735833600,negative,0.02129124451154466
1430354846234906625,negative,4.7791692562187595e-05
1430354846683643904,negative,0.05226567086749556
1430354846985736193,negative,1.476829889188226e-07
1430354848374042625,negative,0.01812194838692935
1430354849032544265,negative,0.002698192440556149
1430354849993052161,negative,1.2119262832224166e-07
1430354850181681157,negative,0.02129124451154466
1430354852857647110,negative,7.750537749799e-06
1430354858670952448,neutral,0.6452628128093549
1430354862634582022,negative,0.1519712171075099
1430354862856806401,negative,0.0076542902630523015
1430354864085901315,negative,2.5157323088867685e-08
1430354864182370309,negative,0.03128365296906122
1430354864421457921,negative,0.12959428818805677
1430354865943949312,negative,4.304289147965405e-06
1430354866023669762,negative,0.028387754637568395
1430354866577289224,negative,0.0001029769703868938
1430354867462279171,positive,0.6816583400780095
1430354868573769729,negative,0.0015314426657507432
1430354868787728386,negative,5.292211774983056e-06
1430354869064454148,negative,0.0119229969746892
1430354870033428482,negative,5.487001049755896e-09
1430354870826147841,negative,0.005690051440770498
1430354872277291012,negative,0.1017957749767395
1430354872717791234,negative,0.08714941241851876
1430354873363664898,negative,0.0007089010084722881
1430354875364298757,negative,0.0010673375102603273
1430354875565498381,negative,0.013701396319816019
1430354875636981769,positive,0.7265299845545224
1430354876316463104,neutral,0.49789225920557484
1430354876588953604,negative,7.487638596389026e-07
1430354877692227584,negative,0.012431191778843846
1430354877776121856,negative,0.0061124311959622835
1430354878119952386,negative,0.00024305078141205507
1430354880984756234,negative,0.037822935790464945
1430354881953607685,negative,0.011374361434652765
1430354882838605830,negative,0.04944995414456298
1430354883585134596,negative,0.0002972057961471961
1430354887901159425,negative,5.570590840199017e-05
1430354889973149698,negative,0.09942184886734068
1430354892539977728,negative,0.0061124311959622835
1430354892648902656,negative,0.044415180691566435
1430354895106936840,negative,0.17093269947216677
1430354896398819330,neutral,0.42204805230933656
1430354897971650560,positive,0.9986085352871189
1430354898231742464,negative,0.12664828407500592
1430354898785247233,neutral,0.46790029342103856
1430354902560251907,positive,0.8583506420623949
1430354905160724484,negative,0.0021245241372909447
1430354905223426049,negative,0.003934139300013207
1430354905961799682,negative,0.1006737026279635
1430354906850942978,negative,0.13035032060757354
1430354908465844226,negative,0.1260614305678829
1430354908889423875,negative,0.002935411137081108
1430354909183062022,negative,0.0032215603073960665
1430354910214819845,negative,0.0006853400352967818
1430354912689410048,negative,0.00905030772821337
1430354912966320132,negative,5.387029727823064e-05
1430354913658277891,negative,1.385424200709998e-05
1430354915440869383,neutral,0.3836635418185923
1430354915537338370,negative,0.04627271593460425
1430354917315710976,negative,1.3076584770335688e-06
1430354917626191875,negative,0.290359589975033
1430354918850932738,negative,2.9496483599410707e-05
1430354919979159557,negative,0.015543993729574644
1430354920247549960,negative,0.0002972057961471961
1430354920578899969,negative,1.9350229673144748e-08
1430354922860597249,negative,5.05388823270196e-06
1430354923179462656,neutral,0.5679395413631003
1430354924437741569,negative,0.015543993729574644
1430354928581677063,negative,0.02387251284677864
1430354931748323328,negative,2.403694261019155e-11
1430354932943753216,negative,0.12852390160237528
1430354936425074690,negative,0.025738063761756233
1430354937217748998,negative,0.00020386840941631864
1430354937628798979,neutral,0.495377779129209
1430354939923025925,negative,2.3743809338116833e-07
1430354940107558917,negative,0.18795859623648656
1430354941147811841,negative,0.03156820079324485
1430354943521742850,negative,0.2503620269031739
1430354944515784704,neutral,0.49789225920557484
1430354946998865923,negative,4.994368520532384e-05
1430354947288145922,negative,0.0002972057961471961
1430354947862900751,negative,0.2454867282959764
1430354948781453315,negative,0.2042517137896546
1430354949859430404,negative,0.012431191778843846
1430354953143570441,negative,0.059619687289984166
1430354953558712327,negative,0.006834859480122911
1430354953994919936,negative,1.1342022762392747e-09
1430354955546894337,negative,0.09942184886734068
1430354956608024578,negative,0.10310227302193009
1430354957497143298,negative,0.04277728204804667
1430354957904097286,negative,0.06578333652938091
1430354958038224898,negative,0.006770572580198259
1430354958239637508,negative,2.3743809338116833e-07
1430354958281494535,negative,0.0014227286240138981
1430354959074275337,negative,1.9605049153991847e-05
1430354959619477505,negative,2.463980680276039e-05
1430354962089926656,negative,0.3027926613479361
1430354962240970759,negative,0.04711601722516929
1430354962253484033,negative,0.0002972057961471961
1430354962341638145,negative,0.0012017638638617796
1430354963054702594,positive,0.8504710390976549
1430354965319532551,neutral,0.35112540950552606
1430354966712102916,neutral,0.46790029342103856
1430354967764873217,negative,4.009239043999854e-09
1430354968037429250,negative,0.32120439742908596
1430354968645668868,negative,0.00016049425928851214
1430354971439009794,negative,0.0020192383389873894
1430354972596654084,negative,0.004457846607349125
1430354972898729993,negative,0.000954478868336979
1430354975146881024,neutral,0.35785643069366135
1430354975859806215,negative,4.856725411606435e-07
1430354975927021575,negative,9.342293114661117e-06
1430354977944387584,negative,0.06578333652938091
1430354980314169344,negative,0.2271430083015546
1430354983535403009,negative,0.002935411137081108
1430354984395214850,negative,0.0009994706965925206
1430354986056224774,neutral,0.3567367955549203
1430354987687759873,negative,0.0018275801931489587
1430354989675945986,neutral,0.4609990033007611
1430354990594498561,negative,0.26946072723466363
1430354990774853636,negative,0.04982858185284777
1430354991341096962,neutral,0.46127768308170247
1430354992133820416,neutral,0.51463418157745
1430354994423865347,negative,0.03835596753954165
1430354994776186880,neutral,0.6236367032017949
1430354996105723908,negative,0.06578333652938091
1430354997271740420,negative,0.000516588836948297
1430354997380853761,negative,0.0007666058456208332
1430354999016624128,negative,8.285322638750236e-06
1430355002309103620,negative,0.0029619205094553983
1430355004326612993,neutral,0.6255248137969407
1430355004385284102,negative,0.00015404046397865176
1430355006633431044,negative,0.1006737026279635
1430355006943805440,negative,0.26893883182628114
1430355007824613379,negative,0.00016580011140510196
1430355007904354311,positive,0.7010314658120373
1430355008692891654,negative,0.0009681760242640872
1430355009053630466,negative,0.040698623474074075
1430355012392259589,negative,0.2864145558920463
1430355012744630272,negative,0.15480874163662972
1430355013931515905,negative,0.06448186343934942
1430355014212542464,negative,0.026641304877119232
1430355014506135555,negative,0.00038418567990784427
1430355015395315712,negative,0.015332662056161976
1430355016418664454,negative,0.11416083942319363
1430355018947907586,negative,0.00218185358679922
1430355020097130503,negative,0.007142341535843848
1430355020424306694,negative,2.2067282214092292e-05
1430355021703655425,negative,0.00015701483862427644
1430355021846261760,negative,0.006156940675492151
1430355022316023809,negative,0.007491983687194151
1430355026841583619,negative,0.0014332493716771293
1430355030939508736,negative,0.011448248709624197
1430355033678393348,negative,0.20439966089722336
1430355034294849541,negative,0.07144677620927005
1430355035553140742,negative,0.001767185363358066
1430355036673032195,negative,0.00031093771297326784
1430355036819841027,negative,0.006437552770425797
1430355039466528774,negative,0.0005661475203624993
1430355040548569088,negative,3.8578211121922074e-07
1430355041727156229,negative,0.008564516524943045
1430355042935230466,negative,0.05891849316111055
1430355043836903425,neutral,0.49789225920557484
1430355044650692611,negative,0.004068597459929944
1430355045061627905,negative,0.02129124451154466
1430355046261211150,negative,0.025606385327558677
1430355046299013123,negative,0.011410148393024254
1430355046475210757,negative,3.3264501884698285e-07
1430355046483599360,negative,9.80436869976312e-10
1430355047871823872,negative,6.296096384627278e-05
1430355048891039750,neutral,0.49789225920557484
1430355050019364866,negative,0.000998129817033191
1430355051013414912,negative,0.00018972744716519292
1430355053337001989,negative,0.00694418831405497
1430355054255558663,negative,0.03521224885338995
1430355054322765825,negative,0.042038093992788926
1430355055631347717,negative,0.000516588836948297
1430355057959182342,positive,0.8055631323005478
1430355058214981632,negative,0.12469925846261458
1430355058508681218,negative,0.024745117727663357
1430355060358369284,negative,0.005385395880030206
1430355063013355523,negative,0.006799963923124116
1430355063042625536,negative,0.030836353065234058
1430355063885676552,negative,3.4436582104639264e-05
1430355064821096455,negative,0.0004883965996906786
1430355065420800002,negative,0.08304856315317496
1430355069606694918,negative,5.60884985144302e-05
1430355070340767751,negative,0.16176363966730578
1430355070605053957,negative,0.025248310054134686
1430355074098864135,negative,0.0004588548480905999
1430355074321092609,negative,0.011199235971232157
1430355081170460675,negative,9.736952080959382e-05
1430355084915916800,negative,0.025738063761756233
1430355086455234561,negative,0.00492934455869864
1430355092843212801,negative,0.006303933906200648
1430355097284976641,negative,0.2907743183837448
1430355097410809856,negative,0.01600018912809608
1430355098039955462,negative,0.002803894617982534
1430355098488741890,negative,0.1439591053554232
1430355099461857281,negative,4.483023901627786e-08
1430355099465957378,negative,0.019319000863826884
1430355102280429571,negative,0.0011493598569348447
1430355103043788802,negative,0.013477567214163514
1430355103584817153,negative,2.456211379558543e-05
1430355104625004545,negative,0.013619936963944668
1430355105577115649,negative,9.275489403119058e-05
1430355106155966466,negative,3.3733738229910596e-05
1430355107707772929,negative,0.01090869512701178
1430355108995420169,negative,0.0038773215160286508
1430355112380207107,negative,0.006167801447664731
1430355114523598849,negative,0.001805716603831504
1430355115089801218,negative,0.00014913582408411643
1430355115643482112,negative,0.0041448779676996825
1430355116893298696,neutral,0.6255248137969407
1430355119019790341,negative,0.0018275801931489587
1430355120030633989,negative,0.26946072723466363
1430355120580177920,neutral,0.37793792365477535
1430355127102234624,negative,1.2119262832224166e-07
1430355128062824459,negative,0.0008424143296179866
1430355128280887300,negative,0.01920247364420426
1430355130046636033,negative,0.01935058902458523
1430355132089311235,neutral,0.46511884455441777
1430355132475219968,negative,1.2304615279214984e-08
1430355132886126602,neutral,0.4662169283079212
1430355134849200132,negative,0.002219676167772756
1430355135000104964,negative,0.00014880858525467974
1430355135402815491,negative,0.06589923647266555
1430355137780928516,neutral,0.4144721264893641
1430355137911005196,neutral,0.34204090801782494
1430355138338869254,positive,0.8722741481768461
1430355139102130187,negative,0.040698623474074075
1430355139261501442,positive,0.6746108756521773
1430355141618712578,negative,0.006799963923124116
1430355141887238144,negative,0.0029667572049315895
1430355146681225216,negative,0.10459707035993664
1430355149411786754,negative,0.0006072519923404105
1430355151420809220,negative,1.3548451186330913e-05
1430355151471132676,negative,0.02129124451154466
1430355153891303424,positive,0.9999941132459935
1430355154201681921,negative,0.00905030772821337
1430355154394570757,negative,0.005753394115811916
1430355155116040200,negative,0.01655022480749108
1430355155929731076,negative,1.2119262832224166e-07
1430355158827941894,negative,0.1006737026279635
1430355161705242629,neutral,0.4641805704844933
1430355162724438019,negative,4.044204943789936e-09
1430355166746845187,negative,0.12664828407500592
1430355168038694912,negative,0.012905584955553998
1430355169326223364,negative,7.5576574177852e-05
1430355170161008640,negative,0.24557031004393629
1430355170211164164,negative,9.129672316409522e-08
1430355174246076416,negative,0.00020386840941631864
1430355177891115011,negative,0.32195147969670806
1430355177954058243,negative,0.15480874163662972
1430355178272735234,negative,0.008043410504919983
1430355178784530434,negative,0.0915796991391375
1430355180516638723,negative,0.2733635335229966
1430355184002154500,negative,0.3051861673271232
1430355184484556803,neutral,0.33101244659040174
1430355185377947648,negative,0.09971833124197496
1430355187210887172,neutral,0.35207276548047667
1430355187835809793,negative,9.714526850831676e-05
1430355188871831553,negative,2.504216877542026e-09
1430355189685538818,neutral,0.37231951514265965
1430355192722112513,negative,0.00016440224768036598
1430355192818585606,negative,0.07485746359006522
1430355194785771528,negative,0.07618346246346684
1430355194785800194,negative,0.02129124451154466
1430355195368775685,negative,0.02129124451154466
1430355195909840897,negative,0.007142341535843848
1430355196115361795,positive,0.9705142469716526
1430355197944074240,negative,0.08981929967679646
1430355198749384704,negative,0.08786737462402619
1430355199168765955,negative,0.001106748152862756
1430355199172960256,negative,2.9425688359235522e-05
1430355199223291907,negative,0.14188711129653592
1430355199252643846,neutral,0.6580696364137677
1430355199428861956,negative,0.12981540930498373
1430355200481574913,negative,0.1006737026279635
1430355200955588614,negative,0.002698192440556149
1430355201068765189,positive,0.6835958799451118
1430355201484115977,negative,0.2503620269031739
1430355201496543232,negative,0.05032598962772611
1430355201790201861,negative,0.010694486277279262
1430355202197045253,neutral,0.437369725752128
1430355202729709568,negative,0.05226567086749556
1430355203027578883,negative,0.15253900981666582
1430355204646612992,negative,0.20926275073122352
1430355205292494849,negative,0.00016064523853962924
1430355205481189377,negative,0.12789742310947758
1430355206303363083,negative,1.9872292513221956e-07
1430355208555671567,negative,0.0019411365450586284
1430355209155497985,negative,0.15480874163662972
1430355209574883331,negative,0.19690338094745746
1430355211562987522,negative,0.15480874163662972
1430355211776892937,negative,0.0003365005079350464
1430355211873366016,negative,0.003569033570129386
1430355212364042241,negative,2.730490667551672e-06
1430355212427042823,negative,0.25581042421126
1430355212892577799,negative,1.2119262832224166e-07
1430355215396581377,positive,0.9988415120127574
1430355216541659136,negative,0.0006853400352967818
1430355216633847815,negative,0.004161646104909957
1430355217758015494,negative,0.10459707035993664
1430355218437341187,negative,0.023487223017452045
1430355219825766404,negative,0.06337784355706214
1430355220639453184,negative,0.1180832794056664
1430355220865892355,negative,0.016410853386730335
1430355222262603786,negative,0.005099871092229208
1430355222426120193,negative,0.08751938962426363
1430355222568783873,negative,1.312343430296567e-05
1430355224183648260,neutral,0.5027646538510618
1430355224313565188,negative,0.08786737462402619
1430355224355643397,negative,0.0007750817603957007
1430355224418455552,negative,3.084419161692192e-05
1430355226897403907,negative,0.10459707035993664
1430355227606233092,negative,2.3083819048996512e-07
1430355228218494982,negative,0.00023511378364827833
1430355228638027782,negative,0.09906850969663836
1430355229606879235,negative,0.06018955639756808
1430355230949056512,negative,0.03648862942117571
1430355231125164034,negative,0.0011705350659215602
1430355233914380291,negative,0.1006737026279635
1430355235181056003,negative,1.9605049153991847e-05
1430355236183547907,negative,2.606297592361269e-07
1430355238574301194,negative,0.012905584955553998
1430355242143686656,negative,0.0191687033133871
1430355246040195076,negative,0.012431191778843846
1430355248602882048,negative,0.23721754540003537
1430355249123008512,negative,1.2119262832224166e-07
1430355249731092487,positive,0.9964430171513299
1430355250213539844,negative,1.4525949632376575e-06
1430355250481860609,negative,0.006834859480122911
1430355251333320708,negative,0.0008109292575581528
1430355252058931200,negative,2.789460084268789e-07
1430355254261043200,negative,0.14384775271232128
1430355256555315203,negative,0.002515317722295464
1430355256563564545,negative,1.5286060553042876e-06
1430355257398341635,negative,9.129672316409522e-08
1430355257419354112,negative,7.388036368826492e-05
1430355257813516288,negative,6.480263778962673e-10
1430355258488852485,negative,1.0094245679582965e-06
1430355259562549250,negative,0.001278503335434978
1430355260493557766,negative,0.004961332164177251
1430355260917362696,negative,0.0006911834245006714
1430355261789704199,neutral,0.49789225920557484
1430355262880292865,negative,0.25401421255941126
1430355264230805507,positive,0.9999941132459935
1430355265321422848,negative,0.030671253634993675
1430355268261588994,negative,0.12239827232910852
1430355268739731458,negative,9.129672316409522e-08
1430355272757821441,negative,0.02129124451154466
1430355273093468167,negative,0.16908683820064974
1430355273282162690,negative,3.124376641687979e-06
1430355277249974273,negative,0.10310227302193009
1430355277484806145,negative,4.115004394194872e-17
1430355281582690305,negative,4.115004394194872e-17
1430355282127986691,negative,0.05226567086749556
1430355282153066500,negative,0.23568651887278078
1430355282706771979,negative,0.0027416091026528488
1430355286662000642,negative,1.2119262832224166e-07
1430355287723085825,negative,0.01489911218423979
1430355288721395716,negative,5.865706909325573e-07
1430355289937563659,negative,0.17476310577994789
1430355290537566215,negative,3.9881152441543437e-10
1430355290860437504,negative,0.028692111461762693
1430355290931748866,negative,0.26428984502970165
1430355293536411651,negative,0.02129124451154466
1430355296141053952,neutral,0.6452628128093549
1430355297902776321,negative,0.15009249410920394
1430355299672678407,negative,0.02129124451154466
1430355299806892036,negative,3.124376641687979e-06
1430355299957936136,negative,0.3040290389589005
1430355300138295302,negative,0.1318497751676165
1430355300373221376,negative,0.157828013080286
1430355300574539776,negative,0.025726104425478666
1430355305767047169,negative,0.011012428865796602
1430355306417213440,neutral,0.4063521545737066
1430355307981508613,negative,1.3798112737865574e-06
1430355309432905739,negative,0.03126848849105296
1430355309718028288,negative,1.1427010921495333e-09
1430355310015881216,negative,1.7467507473767893e-05
1430355312108789762,negative,0.12545629875969805
1430355312687648768,negative,0.2615305379631084
1430355314516316162,negative,0.04340333660254713
1430355315950768132,negative,0.0005454269970149627
1430355315992580097,negative,0.00020386840941631864
1430355316378685445,negative,0.0029619205094553983
1430355316747771910,negative,5.169798930263049e-07
1430355318748426240,negative,1.2119262832224166e-07
1430355319570505737,negative,2.463980680276039e-05
1430355319633420288,negative,0.003916504064875806
1430355321411809281,negative,0.015332662056161976
1430355322422562817,negative,0.01600018912809608
1430355323714408455,negative,0.09466699865262238
1430355324729442304,negative,0.0977636915213106
1430355326084202499,negative,0.004376581336871745
1430355327514521605,negative,0.06343146639371998
1430355328160391172,neutral,0.49789225920557484
1430355329812992002,negative,0.015155991388246729
1430355329913655299,negative,3.084419161692192e-05
1430355335034834945,negative,0.0005700459510788234
1430355336930766856,negative,0.05248732554738
1430355338222575620,negative,9.181831744311058e-06
1430355338285420547,negative,0.0005922271163098608
1430355338331574275,negative,1.2119262832224166e-07
1430355341938733058,negative,0.0002474458272594306
1430355345424195588,negative,0.0018275801931489587
1430355346195980291,negative,0.00019836351810244513
1430355348645466112,negative,1.5671441328110476e-05
1430355349014556675,negative,0.0017686337183670687
1430355349463240704,negative,0.0011705350659215602
1430355349685612545,negative,0.004161646104909957
1430355352252473352,negative,0.007176791971353284
1430355354819325953,negative,0.05226567086749556
1430355355792515079,negative,0.10641189803526314
1430355358623559681,negative,0.01600018912809608
1430355358640492546,neutral,0.49789225920557484
1430355360276168714,negative,0.15480874163662972
1430355360519438336,neutral,0.49789225920557484
1430355365300998148,negative,0.06578333652938091
1430355365816905728,negative,0.02129124451154466
1430355366810955781,negative,0.011968827199124454
1430355369134632962,negative,0.06589923647266555
1430355370392838144,neutral,0.41539665137696885
1430355370489393154,negative,0.0006072519923404105
1430355371781148674,negative,0.2059383043642109
1430355371940630530,negative,5.675096971004718e-06
1430355372322213888,negative,0.06457257417936291
1430355373991596040,negative,9.342293114661117e-06
1430355374897573888,negative,0.03804586481165363
1430355376671756288,positive,0.9889137376967101
1430355379813240835,negative,2.9425688359235522e-05
1430355379913953282,negative,0.00035240359230924787
1430355380006121472,negative,0.00919845725707663
1430355382120108036,negative,0.06589923647266555
1430355382845812740,negative,0.0009487168186341927
1430355384011796486,negative,0.04237424094130999
1430355385244950531,negative,0.012431191778843846
1430355386188632065,neutral,0.49789225920557484
1430355392534568961,negative,0.0007662779723572197
1430355394820513793,negative,0.0007229893543185766
1430355396070453259,negative,0.08786737462402619
1430355399136382978,negative,0.03726055931927432
1430355402353434632,negative,0.15480874163662972
1430355404740042754,neutral,0.49789225920557484
1430355405142691843,negative,0.02129124451154466
1430355405859852294,negative,0.06578333652938091
1430355405939560451,negative,0.0008305091383882296
1430355407092989959,negative,0.016498534467237588
1430355407277600779,negative,0.0015058425361385807
1430355407709609986,neutral,0.447074314059894
1430355408334561284,negative,0.051112222479177495
1430355410343665670,negative,0.10459707035993664
1430355412067524609,negative,0.0037773605441816013
1430355415100006406,negative,0.0010673375102603273
1430355415347433472,negative,2.7305771380494774e-07
1430355418287644672,negative,3.82410939408992e-05
1430355420082704386,negative,0.00016064523853962924
1430355420141477889,negative,0.01655022480749108
1430355420997169152,positive,0.939933900115424
1430355421592760322,neutral,0.49789225920557484
1430355421710147585,negative,0.15480874163662972
1430355424553930760,negative,0.13473923758586712
1430355426491736067,positive,0.6825191789297772
1430355427804565505,negative,0.027904391608000165
1430355428295204869,negative,0.0905078595392865
1430355430509842434,negative,0.01090869512701178
1430355432938393601,negative,0.07983752777306279
1430355435391946752,negative,0.02129124451154466
1430355437996683266,neutral,0.4948161302841318
1430355440437760004,negative,8.905500213129744e-07
1430355441494761475,neutral,0.3996580091506196
1430355441834397696,negative,8.023167838672624e-05
1430355444527075329,negative,0.2808657038350134
1430355445621821440,negative,7.019926494278295e-08
1430355446196580354,positive,0.8059853759301663
1430355448063012870,negative,0.005192878144354511
1430355448629276673,negative,0.2503620269031739
1430355448843100161,negative,1.2119262832224166e-07
1430355455415554051,neutral,0.49789225920557484
1430355457877610497,negative,0.15233828143250966
1430355460843053056,negative,0.03759187123201036
1430355465972637696,neutral,0.4737554465528978
1430355467625185282,negative,7.591131732121595e-07
1430355468216672257,negative,0.03156820079324485
1430355468963221511,negative,0.0011960721725559845
1430355470263492610,negative,1.2887078175382644e-07
1430355470993305603,neutral,0.3652588722451559
1430355471743995906,negative,0.2913427358740741
1430355474592014342,negative,0.022282132490253168
1430355475632168963,negative,0.0015058425361385807
1430355476026437632,negative,0.010361320426468009
1430355478744285184,negative,1.2119262832224166e-07
1430355479079817216,negative,2.706568572692485e-09
1430355479939649539,negative,0.0005395188060595945
1430355480975708162,negative,0.003934139300013207
1430355482812850179,negative,0.03156820079324485
1430355486419914753,negative,0.0006301581479421443
1430355487892115466,negative,0.0011439099806913535
1430355488751951875,negative,0.11286153636166249
1430355488839979010,negative,0.015321006609517683
1430355488990957573,negative,0.009877948016936549
1430355491973210113,neutral,0.33001289349221025
1430355492937818117,negative,0.025738063761756233
1430355494770823176,negative,0.0006072519923404105
1430355495282413569,negative,9.284072482555732e-05
1430355495999709189,negative,0.047825535336265684
1430355496519798785,negative,1.2119262832224166e-07
1430355497144754176,neutral,0.49789225920557484
1430355497882894340,negative,0.044875378066389825
1430355497979367426,negative,9.342293114661117e-06
1430355498126266371,negative,0.11913440378692794
1430355498533015552,negative,0.07207281152846857
1430355498545688578,negative,5.1814107646448744e-08
1430355500546265088,negative,0.040023300474258956
1430355502018482181,negative,0.08295377885719349
1430355503377387521,negative,0.0014436597681825012
1430355506128900096,neutral,0.3499352441185855
1430355506225459200,negative,5.8018917645647084e-05
1430355506254815233,negative,0.08657602893798168
1430355508419043328,positive,0.9637109366636879
1430355508981075977,negative,2.0913983096511787e-06
1430355509979328513,negative,0.006834859480122911
1430355510025494530,negative,0.1041088717066649
1430355511371784193,negative,0.017663896876771164
1430355512877592581,negative,0.0003341340052599902
1430355513422893059,neutral,0.4922434542267056
1430355514190438407,negative,0.11410680166132349
1430355514198827010,negative,0.0019348497396938524
1430355515230629889,neutral,0.4538146206303498
1430355517336076293,negative,0.002413350826074324
1430355517453516805,negative,1.2119262832224166e-07
1430355517608714246,negative,1.8051810650266144e-09
1430355518112116740,negative,2.2248969436237514e-06
1430355518506295303,negative,0.00023032621722716916
1430355520037261315,negative,0.02129124451154466
1430355520205070337,negative,0.013920742333946357
1430355520502779912,neutral,0.4538146206303498
1430355520934744065,negative,0.05226567086749556
1430355521442304002,negative,0.020026066886656188
1430355521811320841,negative,3.084419161692192e-05
1430355522121777154,negative,0.05103002002804824
1430355522692263936,negative,0.003569033570129386
1430355522734247939,negative,0.23192854404652644
1430355524399235074,negative,0.1439591053554232
1430355524709715969,negative,3.90227458667681e-09
1430355528174145539,positive,0.9995845597596971
1430355531064020992,negative,0.25003713100916747
1430355534050385922,negative,0.0191687033133871
1430355535220539395,neutral,0.46127768308170247
1430355536067899393,negative,0.003934139300013207
1430355536948641802,negative,0.01090869512701178
1430355537628209156,negative,0.01643650692431863
1430355540052529153,neutral,0.3870882221309295
1430355540975276037,negative,0.0009280828460763222
1430355543164690434,negative,0.004961332164177251
1430355543336656898,negative,0.017589793233056282
1430355545261813763,neutral,0.45755261521171786
1430355547681804290,negative,0.3074402872636826
1430355548478840838,negative,0.012431191778843846
1430355549087019008,negative,0.00015868225611721895
1430355549405777923,negative,0.01708365684069331
1430355553377730563,negative,0.02129124451154466
1430355554740883457,negative,0.2503620269031739
1430355554946404354,negative,0.025606385327558677
1430355561384759297,negative,0.10330600649973323
1430355564324868098,negative,0.004961332164177251
1430355569123250188,negative,6.971853860162064e-06
1430355569903378436,negative,1.1427010921495333e-09
1430355572503744516,negative,0.0008815046480037513
1430355573095153665,negative,0.32654530867092363
1430355578669445128,negative,0.00022319289238659326
1430355580103893004,negative,2.536713354941636e-05
1430355580489805832,negative,3.312023420546405e-05
1430355582687526914,negative,3.946221737927412e-09
1430355582897250304,negative,0.08400885802840916
1430355584805638146,negative,0.00038418567990784427
1430355586428833792,negative,0.0026419978879443154
1430355588823896068,negative,0.02129124451154466
1430355590258307075,negative,0.0905078595392865
1430355593223720967,negative,0.01655022480749108
1430355593865347072,negative,0.1439591053554232
1430355594217725959,neutral,0.38763454845707884
1430355594494595073,negative,0.10310227302193009
1430355595656302593,negative,0.002744372886926177
1430355597115883522,negative,0.11345785524505189
1430355597405343749,negative,0.011956471674303635
1430355601763209220,negative,9.926164756092898e-05
1430355605588520961,neutral,0.4459709038730395
1430355608516153348,negative,0.01090869512701178
1430355610940448773,negative,0.16271675217075648
1430355612521611274,negative,0.02129124451154466
1430355612890800130,negative,0.19183871800402985
1430355614971072516,negative,0.00013029880451315812
1430355616002985989,neutral,0.4538146206303498
1430355618515271685,negative,9.13695136608764e-09
1430355619761074179,negative,2.3206677652690456e-05
1430355619836530690,negative,2.606297592361269e-07
1430355620209725440,negative,0.015489078415320276
1430355620222455810,negative,0.01090869512701178
1430355623951179780,negative,0.00013195743769939822
1430355624160907267,negative,2.661404971092999e-05
1430355629089165313,negative,0.01600018912809608
1430355630880169984,negative,3.294735814822627e-06
1430355631328960517,negative,0.0015314426657507432
1430355631861600266,negative,1.2111018464571689e-05
1430355632234840065,neutral,0.588790272650388
1430355632658518017,negative,0.01090869512701178
1430355633178611713,negative,0.06514552054824409
1430355635015663621,negative,1.2119262832224166e-07
1430355636978700290,neutral,0.49789225920557484
1430355639730163712,negative,4.170696334883482e-06
1430355641294639106,negative,0.19618955979954988
1430355643349745670,positive,0.790957573167523
1430355643832180736,negative,0.10213343428621041
1430355644117360648,positive,0.9999932233011578
1430355653726453761,negative,0.03706167031958127
1430355655756484611,neutral,0.6394766247101445
1430355656444416006,negative,0.09475923411273379
1430355657627217921,negative,0.0004392080816650362
1430355661347594249,negative,0.02129124451154466
1430355661506875394,negative,0.00020386840941631864
1430355665931878406,negative,0.0018721063285433155
1430355668083556354,negative,0.16176363966730578
1430355668259721217,neutral,0.6108940430538221
1430355668545032194,negative,0.004729297573719276
1430355669966798852,negative,0.016675300139621263
1430355670252064775,negative,0.006834859480122911
1430355673527816193,negative,0.1017957749767395
1430355675033612292,negative,0.06029888826499388
1430355678653292549,neutral,0.46790029342103856
1430355680192614408,negative,0.17093269947216677
1430355681345949696,neutral,0.37874993579954885
1430355684781174785,negative,0.02129124451154466
1430355685804593156,negative,0.00018189705370818851
1430355689604517891,negative,9.342293114661117e-06
1430355695677972480,negative,2.8734671461784587e-05
1430355697393360896,negative,0.11235322569708923
1430355697473052672,negative,0.002698192440556149
1430355698400047104,negative,0.0003577466216648747
1430355698559422469,negative,1.2355789265567593e-05
1430355700056723457,negative,0.02129124451154466
1430355702745284609,negative,2.6479849458290155e-09
1430355706130149388,neutral,0.4507454498615163
1430355706205642754,negative,0.0004171095708554635
1430355707367407617,negative,0.0057495020827819454
1430355710576054275,negative,0.0014332493716771293
1430355711947587584,negative,0.09942184886734068
1430355712102715402,neutral,0.4922434542267056
1430355712971001858,negative,0.10330600649973323
1430355715227627520,negative,2.3449553272763225e-05
1430355717496705027,negative,0.000977257648255508
1430355719325356033,negative,0.13697022818332152
1430355720432664576,neutral,0.6330861191521205
1430355720868962304,negative,0.03962082695944333
1430355722253053955,negative,0.00014657854317752644
1430355723234562050,neutral,0.4922434542267056
1430355723364573185,negative,0.011199235971232157
1430355724975149065,negative,2.576007831092369e-06
1430355727290445826,negative,0.00020386840941631864
1430355727428644868,negative,0.002874528822599138
1430355730201255936,negative,0.008205277056710114
1430355731589566464,negative,1.103118428787403e-05
1430355734185840641,negative,3.4436582104639264e-05
1430355734513004548,negative,0.18544207142234975
1430355734517018632,negative,0.09224654189416755
1430355734605221890,negative,0.019250823546273554
1430355735502893067,negative,0.0011705350659215602
1430355736375316485,neutral,0.37895253782273386
1430355738153701376,positive,0.8722741481768461
1430355738833170438,positive,0.7074556060582539
1430355738837323776,negative,0.22375466543368244
1430355741760659460,negative,0.0371421165164555
1430355742754738182,negative,0.0008815046480037513
1430355743102885893,negative,0.03316211978361413
1430355745967681542,negative,1.2887078175382644e-07
1430355747620204544,negative,0.11154443292387338
1430355747787902986,negative,1.2119262832224166e-07
1430355749541236740,negative,0.02129124451154466
1430355749935456261,negative,0.0009487168186341927
1430355750262480899,negative,0.15599867314555932
1430355751126589441,neutral,0.41539665137696885
1430355755631251461,negative,0.03650735867566924
1430355756856090628,negative,0.008228561234537685
1430355757518700547,negative,0.004957135769061265
1430355759200497671,negative,0.18865995707067154
1430355759632691210,negative,0.1439591053554232
1430355761557803012,negative,0.11918425576978922
1430355763151659010,negative,0.018698613966866624
1430355764162539521,negative,0.017589793233056282
1430355764762353670,negative,4.543657971531177e-08
1430355765194280960,negative,4.179452697078166e-06
1430355766184194049,neutral,0.5539857812828292
1430355767694135297,negative,0.006437552770425797
1430355770894336011,negative,0.1439591053554232
1430355772815388676,negative,0.14188711129653592
1430355774870544389,positive,0.958142299688991
1430355777756221440,negative,1.9605049153991847e-05
1430355780331622406,negative,0.004266141935080304
1430355780461645828,negative,0.00043959756426189455
1430355783565381635,negative,0.0017850114482822785
1430355786144878592,negative,0.26322505497670157
1430355786157461504,negative,0.1562331035758467
1430355786581090309,negative,0.14537218508627545
1430355787206037509,negative,0.00012907016435956744
1430355787310841857,negative,1.9605049153991847e-05
1430355787784888322,negative,0.015321006609517683
1430355788145569799,negative,3.5951312727179893e-07
1430355788552409088,neutral,0.4018893497238315
1430355791010320384,negative,0.017425539236648194
1430355793635913728,negative,0.03126848849105296
1430355794659262464,negative,2.359062658663331e-06
1430355797616336898,negative,0.0011705350659215602
1430355798065127427,neutral,0.46118849569307946
1430355799021391874,negative,0.03438939324338456
1430355801378598915,negative,5.05388823270196e-06
1430355803383517187,negative,0.006547517518980054
1430355805304463362,negative,0.00025007241196849296
1430355805639876610,positive,0.9326842412183404
1430355805866532874,negative,0.011724737227430823
1430355807703547905,negative,0.04435973972959143
1430355807716225025,negative,0.00909335869310267
1430355807858790401,negative,0.006903571634300788
1430355807875502086,negative,7.59441280152712e-06
1430355807980466176,negative,1.4440817461538934e-05
1430355809620434947,negative,0.0004142535351021038
1430355810555777030,negative,0.0004365608437493926
1430355812543774721,negative,0.013003264633793013
1430355812967399424,neutral,0.6459567158672359
1430355813412052994,neutral,0.37231951514265965
1430355814393552896,negative,0.08917286848381235
1430355814670295040,negative,0.0937970799722083
1430355814984912896,neutral,0.5780604860771336
1430355815957938176,negative,0.00034734909337997617
1430355817170079744,negative,0.10057999076286693
1430355817325162501,negative,1.192688001041041e-05
1430355817971212291,positive,0.7704927801065807
1430355818906624003,negative,0.10492301840929258
1430355820890447874,negative,0.015155991388246729
1430355821548826626,negative,7.733417873295257e-05
1430355823558017030,negative,0.0023700735569737856
1430355823813963777,negative,0.02441975357315392
1430355825474871297,neutral,0.41539665137696885
1430355825919397889,negative,0.02129124451154466
1430355826007543813,negative,0.0002972057961471961
1430355827924389891,negative,0.005192878144354511
1430355829056851970,negative,0.02129124451154466
1430355830881275913,negative,0.04190251462051186
1430355831510507521,negative,0.00020386840941631864
1430355831640449029,negative,0.015343479456137574
1430355832940765187,negative,0.0010633362757900243
1430355835981545473,negative,0.0016557597899917477
1430355836761747460,negative,0.10057999076286693
1430355840968527881,negative,0.0601429696669607
1430355842365280259,negative,4.009239043999854e-09
1430355842377867264,negative,0.00016870585886881434
1430355842449252356,negative,0.01677293716383821
1430355844655370242,negative,0.0037844282473387036
1430355845590749185,negative,0.10310227302193009
1430355846307926026,negative,0.02129124451154466
1430355846324699142,negative,0.0033495502463474955
1430355848837087234,neutral,0.3794434373490297
1430355851265650692,negative,0.03550480887167121
1430355851362115587,neutral,0.4922434542267056
1430355852557438979,negative,8.223200318251006e-06
1430355854709121026,negative,0.004961332164177251
1430355854767894529,negative,0.0015058425361385807
1430355855921369094,negative,0.00014924305326750417
1430355857120931845,negative,0.03218651252017043
1430355857582268424,negative,0.02129124451154466
1430355857737408513,negative,0.01490168124270115
1430355858081284100,positive,0.7640977602385857
1430355859297669122,negative,4.485860329182101e-06
1430355859301863426,neutral,0.46127768308170247
1430355862628020227,negative,0.0704146635824403
1430355862963605507,negative,0.03156820079324485
1430355866847416320,negative,0.0002357049383820716
1430355868671954944,negative,0.00887954944321639
1430355870278377473,negative,0.23603946872788029
1430355871406641153,negative,4.439789983056308e-05
1430355874724339712,negative,0.025606385327558677
1430355874724433927,negative,0.01090869512701178
1430355875131281408,negative,0.0392455208343767
1430355876481802244,negative,0.0003358880456038629
1430355877911990279,negative,9.736952080959382e-05
1430355878176301056,negative,0.01418955412452842
1430355879564566533,negative,0.10013245749096392
1430355882559352832,negative,0.007176791971353284
1430355883528228869,negative,0.0002972057961471961
1430355884614590466,negative,1.9844226998046337e-07
1430355884685897729,negative,0.15600427707101822
1430355885218570241,negative,0.03156820079324485
1430355886757892096,negative,0.007176791971353284
1430355888439767047,negative,0.26946072723466363
1430355889886740480,negative,0.0005700459510788234
1430355890121609216,negative,2.3627737638581543e-05
1430355890843041796,negative,0.011448924975571501
1430355890868084738,negative,0.0654598412776863
1430355892436877319,negative,0.20365358898821256
1430355893904887810,negative,0.00016064523853962924
1430355895112769553,negative,0.001805716603831504
1430355895419088899,negative,0.011199235971232157
1430355896035647489,negative,0.010422052898752369
1430355896526376962,negative,0.00887954944321639
1430355898669600771,positive,0.9742955388026452
1430355900536066049,negative,0.0023141779702323313
1430355901743976448,negative,0.01600018912809608
1430355901882507267,negative,0.012431191778843846
1430355901957955588,negative,0.1697901408750748
1430355903287541762,negative,0.007382515129645755
1430355903706918914,positive,0.8185940827113565
1430355905686773763,negative,0.00019836351810244513
1430355906047483905,positive,0.7425671266814359
1430355907607683072,negative,0.0007662779723572197
1430355907926495239,negative,0.075158816967495
1430355908052373509,negative,0.12664828407500592
1430355909037920256,negative,2.6310073483855333e-05
1430355911231647745,negative,9.674902469186046e-06
1430355912477261825,neutral,0.3840703748238843
1430355914977075200,negative,0.004364477005204744
1430355918747754496,negative,0.26946072723466363
1430355919045529600,negative,0.0010232527225752326
1430355920920449030,negative,0.015155991388246729
1430355922531061762,negative,0.05891849316111055
1430355923130855427,negative,0.000516588836948297
1430355923575492613,negative,0.017589793233056282
1430355925546774532,negative,0.0002972057961471961
1430355926544965637,negative,0.15467132508923268
1430355926863712256,negative,0.20060968914697147
1430355929275510784,negative,1.3486953084432797e-08
1430355929384595459,negative,2.6479849458290155e-09
1430355929732636672,negative,0.12981540930498373
1430355930735054852,neutral,0.5595818181668669
1430355931171368962,negative,0.0020192383389873894
1430355931221487618,negative,0.0005454269970149627
1430355934086324237,negative,9.881623352231858e-08
1430355936003112965,negative,0.02129124451154466
1430355938226155530,negative,0.060870625170369286
1430355938788184067,negative,0.04690778361119919
1430355940805652481,negative,0.19537682288738586
1430355942709792768,negative,0.0002456916823241116
1430355945050214405,negative,0.06663668783824335
1430355948565110788,negative,8.319327626878005e-09
1430355949836017665,negative,0.12082102787111167
1430355951601737730,negative,0.056423423215831194
1430355952356691970,negative,0.0006859403713845743
1430355953845784577,negative,0.11018837518688619
1430355957884796930,negative,0.06514552054824409
1430355959336034304,negative,2.4831509502682964e-05
1430355962787999747,negative,0.021503512483480553
1430355963958239241,negative,1.605763304096781e-07
1430355964914552837,neutral,0.46127768308170247
1430355966982303750,negative,0.01119498213345308
1430355967376568323,negative,0.001805716603831504
1430355971264626690,negative,0.10459707035993664
1430355973223469060,negative,0.0019411365450586284
1430355974251065347,negative,0.05163428880083096
1430355974737567750,neutral,0.37231951514265965
1430355975651872776,negative,0.010783800845152748
1430355979875622915,negative,0.00019836351810244513
1430355982358654976,negative,3.4234317886501445e-10
1430355983914647553,negative,0.03539040767123696
1430355984720044035,negative,0.06589923647266555
1430355985630179328,negative,0.0012258569913117354
1430355986204688385,negative,0.1613162292850915
1430355989224697856,negative,3.174633264114454e-06
1430355989870616576,neutral,0.38019679021634445
1430355990709420034,negative,3.489761849922694e-07
1430355992701808640,negative,0.001805716603831504
1430355993196630018,negative,0.00014130530686140794
1430355993930653697,negative,2.2700726010303932e-08
1430355994618519553,negative,0.0076900740768444525
1430355996686360581,negative,0.14672669728274013
1430355996808028160,negative,0.04538951220399582
1430355997374226440,negative,0.017813309709211606
1430356000398319622,negative,0.03156820079324485
1430356003443388417,negative,8.666236706517845e-10
1430356003460104194,negative,0.1613162292850915
1430356003959214086,negative,0.020203971716678225
1430356004248694785,negative,0.03934267862102795
1430356005301391361,negative,0.15480874163662972
1430356005548867588,negative,0.0013163086845885631
1430356005762764805,negative,0.05679014407400947
1430356006006034436,negative,3.294735814822627e-06
1430356007700553728,negative,0.002196400212004428
1430356008098992134,negative,0.19663814163873344
1430356009835503616,negative,0.000494374124458236
1430356010145882113,negative,0.004222532424955791
1430356010716303361,negative,0.020675450248593307
1430356010993131521,negative,4.232310310255291e-05
1430356011332874251,negative,3.124376641687979e-06
1430356012914065410,negative,0.0016878760308314932
1430356014038147072,negative,0.007250035138941875
1430356014885388290,negative,0.03646976975352191
1430356015514533889,negative,0.10281233894295454
1430356016500285442,negative,0.022282132490253168
1430356016554774534,negative,3.958728355803292e-06
1430356016655446024,negative,0.09773386792945811
1430356017112666113,negative,0.0034518374204810507
1430356019608264709,negative,0.0007662779723572197
1430356019763367937,negative,4.424429657857606e-09
1430356020321296385,negative,0.0030292325684276606
1430356023156609027,negative,0.00021481387105503044
1430356023785795584,negative,1.2119262832224166e-07
1430356024742055936,negative,0.2659387160401671
1430356026662871044,negative,7.733417873295257e-05
1430356030677032966,positive,0.8804915897902333
1430356031834451968,neutral,0.4228443154073876
1430356032283463687,negative,0.009274910141866977
1430356032379883521,neutral,0.41023892186897476
1430356036024741890,negative,0.001805716603831504
1430356036104466433,negative,0.003117759017069118
1430356036167380999,negative,0.01600018912809608
1430356036536373249,negative,0.15600427707101822
1430356037526302720,negative,3.124376641687979e-06
1430356038830673920,negative,1.1034668799049961e-08
1430356041615790080,negative,0.011056509517814377
1430356043356332034,negative,2.661404971092999e-05
1430356043696013316,negative,0.001106748152862756
1430356044195241984,negative,0.02129124451154466
1430356044358762505,negative,0.002382264643804765
1430356045499715585,negative,0.0003095998345007483
1430356045549953029,negative,9.019524490342408e-05
1430356047059955713,negative,0.004863676120911115
1430356049136082953,negative,0.019250823546273554
1430356049836511232,negative,0.05864878090876936
1430356050427981826,negative,0.0007584371312473493
1430356050448945156,negative,0.03835596753954165
1430356051702943750,negative,0.0027416091026528488
1430356052491612162,negative,0.0006244211522572574
1430356052516741120,negative,0.09800925138435515
1430356056010543109,negative,0.01920247364420426
1430356057029763075,negative,0.07060100122276118
1430356057306583041,negative,0.02129124451154466
1430356058011275265,negative,0.0023566090282697454
1430356058254499841,negative,0.06949704273856323
1430356061639389185,positive,0.9297833602486092
1430356062583017480,negative,0.02129124451154466
1430356064726364160,negative,0.00011127517150528737
1430356066051690498,neutral,0.41023892186897476
1430356068387987458,negative,0.1323210766360517
1430356069142904833,negative,0.0008683764170862291
1430356071403724801,negative,4.241891287753701e-05
1430356072158711810,negative,0.0020167447119432106
1430356074377404423,negative,0.006156940675492151
1430356076432695301,negative,0.18011813426510112
1430356077170860035,positive,0.7768294255807383
1430356079096090626,negative,5.131808644291202e-05
1430356079679004675,positive,0.8673113465814476
1430356080421478402,negative,0.1381409785300404
1430356081272819719,negative,0.02129124451154466
1430356081872711685,negative,0.09942184886734068
1430356083848196097,neutral,0.4259715908900575
1430356084305195016,negative,0.08751938962426363
1430356084640960512,negative,0.07412903169407278
1430356084842172422,negative,0.03156820079324485
1430356084963909635,negative,9.019524490342408e-05
1430356085043605514,negative,0.019250823546273554
1430356086494842880,negative,0.012431191778843846
1430356093390270471,negative,0.03126848849105296
1430356094350733313,negative,0.15480874163662972
1430356094359060486,negative,1.2119262832224166e-07
1430356095139303425,positive,0.7765905617120943
1430356097282592768,negative,0.03156820079324485
1430356097576099847,negative,1.2119262832224166e-07
1430356098289127425,negative,5.0030531315422425e-05
1430356098763132928,negative,0.016291649769433595
1430356099102875650,negative,0.00534475814778336
1430356099732021258,negative,0.001874046263073626
1430356100499611648,negative,0.006813005813537137
1430356101451616257,negative,0.06695864543577425
1430356101766295552,negative,0.05679014407400947
1430356102340820997,negative,0.007034075106216088
1430356105662763012,positive,0.95063333097262
1430356106879148033,negative,2.759249027977036e-10
1430356109471019008,neutral,0.46790029342103856
1430356110565908487,negative,0.0014335478348952901
1430356110616244227,negative,0.016410853386730335
1430356111249510402,negative,0.0057495020827819454
1430356112004599817,negative,1.3499856845260184e-06
1430356112465879043,positive,0.9092266230639576
1430356113808101379,negative,0.17228257777781514
1430356114613444608,negative,4.115004394194872e-17
1430356115250991109,negative,8.151548590482193e-06
1430356115586437126,neutral,0.3617294660390612
1430356120816717829,neutral,0.46790029342103856
1430356124008689667,negative,0.08428786601174401
1430356124264505348,negative,0.004613919682732198
1430356125208256515,negative,0.01441588257726234
1430356127879991306,negative,0.013159216775167449
1430356128458846215,negative,0.04949182905696934
1430356128626626568,negative,0.1439591053554232
1430356131080286210,negative,2.938526937782057e-10
1430356131407347717,negative,0.12924250780670096
1430356133533859844,negative,0.26946072723466363
1430356133999415296,neutral,0.49789225920557484
1430356135836585984,neutral,0.35207276548047667
1430356136943919107,negative,0.03156820079324485
1430356138508365833,negative,6.357969952829848e-05
1430356141029134337,negative,0.0009372021609341171
1430356141100486664,negative,0.0020167447119432106
1430356142404816896,negative,0.3100748300151212
1430356142945939460,negative,0.02129124451154466
1430356143055024132,negative,0.10310227302193009
1430356143273021441,neutral,0.4595243164363211
1430356143789023235,negative,0.010090305906019358
1430356145479340034,positive,0.7229500260373117
1430356147467440129,negative,0.021681510401403634
1430356149715410948,negative,0.01600018912809608
1430356152852877312,negative,0.16216737747596766
1430356153037467648,negative,0.03986982981015964
1430356153574244355,negative,0.0022733414815045293
1430356154425745408,negative,0.0033427363138843593
1430356156267089922,negative,2.0063757270478494e-06
1430356159689629696,negative,3.3733738229910596e-05
1430356161157648389,neutral,0.5413498032891854
1430356161820307463,negative,0.011956471674303635
1430356161849696259,negative,9.66582469402271e-10
1430356162185203712,negative,0.15480874163662972
1430356162302681094,negative,0.03650245816548811
1430356166949879809,neutral,0.42507619662732005
1430356167516200960,negative,0.02561839672336434
1430356171450421251,negative,0.1452211055880594
1430356171639214080,negative,0.001551117516441921
1430356177620291584,negative,0.004113035576666198
1430356179352498192,negative,0.11874373953101808
1430356179692228610,negative,0.05769689048657829
1430356183349608450,negative,7.76471454986081e-05
1430356184452767744,negative,0.02119705132309346
1430356184616390656,negative,0.0032695286072919067
1430356184679297026,negative,0.00035510128491085237
1430356186285629440,neutral,0.6459567158672359
1430356186705108993,negative,4.994368520532384e-05
1430356186961006597,negative,0.2798356669320907
1430356187929882630,negative,0.0011705350659215602
1430356188068261890,negative,0.0005454269970149627
1430356188948992007,negative,9.479050309873008e-05
1430356189095862278,negative,0.03156820079324485
1430356189217501186,negative,0.2508488645498016
1430356192795271168,negative,0.05769689048657829
1430356195198570496,negative,0.0006911834245006714
1430356195253051395,negative,0.0006121860363617263
1430356196226109441,negative,0.0008815046480037513
1430356196716843013,negative,0.06692082588542778
1430356202932686852,negative,0.13671197596957696
1430356205256548353,negative,0.009784065423959487
1430356205491343368,neutral,0.46790029342103856
1430356205806002184,negative,0.03143826290989732
1430356207924088836,negative,0.0014280114281124971
1430356208431546368,negative,0.0002582541621977651
1430356210906288129,negative,0.056477053014479715
1430356211199791107,negative,0.02387251284677864
1430356213074735106,negative,0.010510289077424252
1430356213397696513,negative,0.08304856315317496
1430356213842292736,negative,0.003934139300013207
1430356214144290816,negative,0.002382264643804765
1430356214177730561,negative,0.1006737026279635
1430356217214427139,negative,2.463980680276039e-05
1430356220188233731,negative,0.017589793233056282
1430356222327377923,negative,0.2731328752017121
1430356223119986692,negative,0.03126848849105296
1430356226517393410,negative,0.019200155864368018
1430356227171647491,negative,0.05226567086749556
1430356229516316673,negative,0.23721754540003537
1430356230044852228,negative,0.1613162292850915
1430356230296453122,negative,4.266681591605951e-06
1430356230548119552,negative,0.05201299561515297
1430356231059910660,negative,0.1439591053554232
1430356231294578698,negative,4.576339922143052e-12
1430356231659704323,negative,0.024781562884851154
1430356232712429569,negative,6.230203994426881e-05
1430356234910248960,neutral,0.37431019203433197
1430356236969680906,negative,1.2119262832224166e-07
1430356237804347394,negative,2.1955455725229043e-08
1430356241633746944,negative,0.02027503825142011
1430356242548072452,negative,7.530549911914346e-09
1430356244825583617,neutral,0.3518206292552884
1430356246163505157,negative,0.026826457114348237
1430356246436192257,negative,0.0017922159252092044
1430356247535095811,negative,1.7380564243321656e-09
1430356248898195459,negative,1.2119262832224166e-07
1430356249116295172,negative,0.02505857176517113
1430356250835963906,neutral,0.3499352441185855
1430356253516210176,negative,4.651735357080955e-06
1430356255747547139,negative,0.26098085509345653
1430356256359915524,positive,0.6746108756521773
1430356260277428225,negative,0.10113884140473946
1430356265553698822,negative,0.0014280114281124971
1430356265666899972,negative,0.04601628226250887
1430356267843915782,negative,0.0951318021375529
1430356268653465606,negative,0.09469754420258317
1430356268959551488,negative,0.08428786601174401
1430356269056077824,negative,0.13035032060757354
1430356269433593857,neutral,0.5810042938205321
1430356269441949700,negative,0.10330600649973323
1430356269488037889,negative,0.0007807063029936024
1430356269764853764,negative,0.1322574349570599
1430356270423318538,neutral,0.4662169283079212
1430356271484518402,negative,0.02129124451154466
1430356272486944773,negative,0.012431191778843846
1430356273078456321,negative,0.02129124451154466
1430356275230035970,negative,0.07250657536302631
1430356277302018050,negative,0.09076276947400934
1430356277469794306,negative,1.2204785889949153e-05
1430356278312939522,negative,0.00011196952639001241
1430356280221347842,negative,9.007858012000582e-09
1430356280590340096,negative,0.00020386840941631864
1430356281689260037,neutral,0.33001289349221025
1430356283304169473,negative,0.00394848991798037
1430356284834992129,negative,2.6717962854835927e-05
1430356285703262216,negative,0.04505628578148248
1430356288161132544,negative,0.02555029963411535
1430356289947906054,negative,0.03526112930735898
1430356290623217666,negative,0.1439591053554232
1430356290908340224,negative,0.1006737026279635
1430356291302662145,negative,0.011199235971232157
1430356292275630080,negative,0.004133792298641339
1430356294016376839,negative,0.1730988595544461
1430356296427999235,negative,9.129672316409522e-08
1430356297715798021,negative,0.001551117516441921
1430356299615809537,negative,0.022176287186669853
1430356301436133381,negative,4.4624848520197265e-07
1430356301486477317,negative,0.009932906903393126
1430356301914255366,negative,0.17441422702954112
1430356302052659200,negative,0.00024305078141205507
1430356305118642182,negative,3.9458354417592604e-10
1430356305215201281,negative,0.0002357049383820716
1430356306242818053,negative,0.027560645203659414
1430356306808950784,negative,0.01119498213345308
1430356307169751040,negative,0.15125072417845442
1430356308465750022,negative,0.00023247753868147224
1430356309237436422,negative,0.2483457977064606
1430356310537736193,negative,0.02129124451154466
1430356311451979778,negative,5.501533804322074e-07
1430356313503043584,neutral,0.3431452652395629
1430356316233650177,negative,0.1843264321050825
1430356318154592257,negative,0.1439591053554232
1430356319576498180,negative,4.115004394194872e-17
1430356320130060297,negative,0.05742659662017003
1430356321157660675,negative,2.6472834946877113e-05
1430356322621562881,neutral,0.49789225920557484
1430356323334512649,negative,0.09701018081577242
1430356323607187456,negative,0.00016064523853962924
1430356323917520899,negative,0.004961332164177251
1430356326178304004,negative,0.00041522798217128896
1430356326996119560,negative,0.12117924989656303
1430356327382065155,negative,0.0023700735569737856
1430356328074125313,negative,0.0006853400352967818
1430356328585654274,positive,0.666149626042327
1430356328841719817,negative,0.10213343428621041
1430356329147809792,negative,0.0013736575667042683
1430356329344946180,negative,0.0008463731500872914
1430356331698036739,negative,2.3449553272763225e-05
1430356334130745347,negative,0.002358396070984682
1430356336529887232,negative,0.17870406990277962
1430356337733537792,negative,9.537267469126561e-08
1430356339490963456,negative,0.17596918524425073
1430356340115968000,negative,0.004268737570223826
1430356340220874754,neutral,0.46790029342103856
1430356342921891842,positive,0.7466204742168804
1430356343706238980,negative,4.5987260686211135e-05
1430356345304371201,neutral,0.4513605618894927
1430356346562654210,negative,2.463980680276039e-05
1430356346881335299,neutral,0.3364459618963218
1430356349913866249,negative,0.04149007485755802
1430356350048116739,negative,0.08304856315317496
1430356350492549123,negative,0.000954478868336979
1430356351352508416,negative,0.0006072519923404105
1430356351688089604,neutral,0.4922434542267056
1430356354175229952,neutral,0.3431452652395629
1430356355102224385,negative,0.021836861853722814
1430356355299172359,negative,1.9019308111654675e-07
1430356356792524805,neutral,0.4146831041418931
1430356358575050753,positive,0.953352235428013
1430356358583537665,negative,1.8782359217543935e-05
1430356359506243585,negative,0.008552695339200191
1430356361766789121,negative,0.07613870137387588
1430356366762389519,negative,0.0002452171365928576
1430356367173378048,negative,0.050115519833180744
1430356367769022468,negative,0.26946072723466363
1430356369731956739,negative,0.014035669573749956
1430356370797301761,negative,0.00015696604090818174
1430356374408646660,neutral,0.49789225920557484
1430356376623226883,negative,0.002140461771080712
1430356377684303879,negative,0.0574620905542932
1430356379743760384,negative,0.32224213962738457
1430356380121280517,negative,0.2608013653716473
1430356380356161537,negative,0.0007260740857825941
1430356381501202434,negative,0.007460975366877116
1430356382616735750,negative,1.2774186314121581e-05
1430356383195619328,negative,0.07277010903294014
1430356384349048832,negative,7.5576574177852e-05
1430356384617570306,negative,0.04435973972959143
1430356385917702145,negative,0.0191687033133871
1430356386563624965,negative,0.12957774918871592
1430356387826184192,negative,0.12981540930498373
1430356388929282053,neutral,0.4595243164363211
1430356389831090186,neutral,0.34765483273422687
1430356390112071684,negative,7.5576574177852e-05
1430356391143821323,negative,0.011313072790546493
1430356392230064131,negative,0.005753394115811916
1430356392666353665,negative,0.18232510171090827
1430356393090027523,positive,0.9954360962508451
1430356394532823041,negative,0.0020167447119432106
1430356396688781313,neutral,0.46127768308170247
1430356397259206661,negative,0.029404611675019364
1430356398236393472,negative,3.312023420546405e-05
1430356398785900544,negative,0.029569095958315226
1430356401377927175,negative,1.2119262832224166e-07
1430356401675816968,negative,3.124376641687979e-06
1430356402392948739,negative,0.07613870137387588
1430356403777163265,negative,0.16176363966730578
1430356404724961281,negative,0.22727537388507613
1430356406117584901,neutral,0.43861417097171096
1430356406214012928,negative,0.0021638890212299093
1430356406625001478,negative,0.09942184886734068
1430356406629175298,negative,0.00011518489151883235
1430356406855782401,negative,0.02360569036582359
1430356407027736579,negative,0.12852390160237528
1430356408260866054,negative,0.0010558859208514453
1430356408348946433,negative,3.988290436186942e-05
1430356408646737921,negative,0.2503620269031739
1430356408965517317,neutral,0.46127768308170247
1430356410169233412,negative,0.011245675747262535
1430356410827689989,negative,0.007876520187612169
1430356410857140228,negative,1.2119262832224166e-07
1430356410894798853,negative,0.00909335869310267
1430356411368845313,negative,0.19183871800402985
1430356411435847682,negative,0.13473923758586712
1430356414854275074,negative,0.019250823546273554
1430356415730884611,negative,1.1034668799049961e-08
1430356416078942217,negative,3.758947334886433e-05
1430356417010192388,negative,1.82825147084382e-12
1430356417555410948,negative,0.10330600649973323
1430356420080324609,neutral,0.6255248137969407
1430356421045018627,negative,0.020203971716678225
1430356426879225858,neutral,0.5061635976446431
1430356427739123720,negative,0.001805716603831504
1430356430100574210,neutral,0.4595243164363211
1430356430658457603,negative,0.0024559288798514317
1430356431572807680,negative,0.02129124451154466
1430356432998834183,negative,0.0017128054679747522
1430356433388728323,negative,0.03406940716466931
1430356433422401537,negative,0.2503620269031739
1430356435314089984,negative,4.198859200200089e-09
1430356435372761102,negative,0.006991587551676883
1430356435402100741,negative,0.0005661475203624993
1430356436320759810,negative,0.32700032425655196
1430356436341727235,negative,0.003738980145521048
1430356439105773568,negative,2.9042532783885035e-06
1430356440905129988,negative,9.714526850831676e-05
1430356441139929091,negative,0.02129124451154466
1430356444801601537,negative,0.1707682077477742
1430356444906459136,neutral,0.43736921676283036
1430356445439090691,negative,0.011199235971232157
1430356445678145537,negative,0.0013163086845885631
1430356446374469633,negative,0.00887954944321639
1430356446680596481,negative,5.05388823270196e-06
1430356446856810496,negative,2.661404971092999e-05
1430356447649533958,negative,0.03156820079324485
1430356448379383808,negative,0.0006460611335702205
1430356449654452226,negative,0.07169389208359227
1430356450434424836,negative,0.03979790652971569
1430356453412511749,negative,0.012500913808854701
1430356457183121410,negative,1.2768537014819743e-07
1430356457699020803,negative,1.1427010921495333e-09
1430356461150945280,neutral,0.3371419475958605
1430356461473894400,negative,3.184880281492126e-06
1430356463537381380,negative,0.15480874163662972
1430356463537512450,negative,1.2119262832224166e-07
1430356464347107329,negative,0.0005454269970149627
1430356466267983875,negative,0.002935411137081108
1430356467236933634,negative,0.00020386840941631864
1430356467455041541,negative,0.03156820079324485
1430356467559931910,negative,0.1895160684468975
1430356467647975430,negative,0.008141400548191083
1430356468583309314,negative,0.010901289837050148
1430356469313155074,negative,0.1919777686053157
1430356471297056775,negative,6.014479591269272e-07
1430356471863205890,negative,1.2119262832224166e-07
1430356472311914499,negative,0.09959623770459634
1430356473650061318,negative,0.020675450248593307
1430356475948376064,negative,0.2282300318111815
1430356476619595780,negative,0.00010841013401255566
1430356477458460674,negative,6.339860448374917e-05
1430356479945621504,negative,2.0102799119988846e-07
1430356481451376642,neutral,0.6330861191521205
1430356481971531777,negative,3.2801922875148982e-06
1430356482256740354,negative,0.00023430815911436773
1430356483439476740,negative,0.005753394115811916
1430356485402398724,negative,0.039419047146768346
1430356486409138183,negative,5.05388823270196e-06
1430356487365435393,negative,0.005753394115811916
1430356487919083521,negative,0.24263676644849216
1430356491366699009,negative,1.9605049153991847e-05
1430356495036784647,negative,0.0038773215160286508
1430356497683390464,neutral,0.3560714704467315
1430356499331616770,negative,0.011199235971232157
1430356500048928775,negative,0.0002972057961471961
1430356500464214021,negative,0.2138935578903255
1430356501353439233,negative,0.00038418567990784427
1430356502091554816,negative,0.025738063761756233
1430356503098232834,negative,1.2119262832224166e-07
1430356504557854720,neutral,0.6248753173236122
1430356506755620874,negative,0.03639035905350852
1430356506789261316,negative,0.009788229389161011
1430356507988832259,negative,0.0951318021375529
1430356508974489600,negative,0.1006737026279635
1430356510467571714,negative,0.1700267297593849
1430356510866018305,neutral,0.5476508316964386
1430356518331985921,negative,0.020203971716678225
1430356519103733767,negative,3.124376641687979e-06
1430356520143921159,negative,0.26946072723466363
1430356521762889729,negative,7.195698284976074e-05
1430356522828185604,negative,1.0094245679582965e-06
1430356523142705152,negative,0.005938667928283698
1430356523650363396,neutral,0.6330861191521205
1430356525135110146,negative,0.00035240359230924787
1430356525495816193,negative,8.666236706517845e-10
1430356526036922370,negative,0.008407361104468068
1430356526166798344,negative,0.001106748152862756
1430356526787596291,negative,0.01090869512701178
1430356527366516739,negative,0.0024513056632993035
1430356527739666433,negative,0.03990409255076691
1430356528545075201,negative,2.3743809338116833e-07
1430356528700313606,negative,0.14384775271232128
1430356531980218372,negative,0.005534813408274792
1430356532101885952,negative,0.12146426141732296
1430356534299697152,neutral,0.49789225920557484
1430356534790434818,negative,0.061391844169219736
1430356536719720448,negative,1.0460927954636974e-06
1430356537244102659,negative,0.02129124451154466
1430356540037402628,neutral,0.46790029342103856
1430356540410707975,negative,0.003934139300013207
1430356541123796993,negative,0.0018552175009615697
1430356542402990082,negative,0.00023430815911436773
1430356542625239042,negative,0.2386868557741703
1430356544080723972,negative,0.10330600649973323
1430356545825492993,negative,0.00028678057339001547
1430356547696304130,negative,0.15480874163662972
1430356548526673923,negative,3.935676479947203e-07
1430356548824489984,negative,0.00015784288552235629
1430356549281722368,negative,0.04237424094130999
1430356553442467844,negative,0.016498534467237588
1430356557057961985,negative,0.0014332493716771293
1430356557385056259,negative,0.0931305255094623
1430356558110658561,negative,0.00038752431426992496
1430356562099515399,negative,1.1249246743017099e-08
1430356562955153419,negative,0.01139699904296321
1430356563508793344,neutral,0.35112540950552606
1430356564490301440,negative,6.014479591269272e-07
1430356566008639493,negative,8.666236706517845e-10
1430356567065513986,negative,0.024781562884851154
1430356568114188288,negative,0.0018553408158144679
1430356568638435336,negative,0.002206495592899486
1430356569875787782,negative,0.14384775271232128
1430356570844585985,negative,0.32209735538675927
1430356572614561796,negative,0.01119498213345308
1430356573185056772,negative,0.1700267297593849
1430356573260500992,negative,0.0004613453458312583
1430356573726154759,negative,0.05137776124746916
1430356573747130368,positive,0.9954360962508451
1430356574577565698,negative,0.00031659153894963147
1430356575357710339,negative,0.006437552770425797
1430356575458373634,negative,0.002698192440556149
1430356575559069699,negative,5.0030531315422425e-05
1430356579329748995,negative,0.02129124451154466
1430356580256468993,negative,2.661404971092999e-05
1430356585189097479,negative,0.0023503164731814765
1430356589043662849,negative,0.014035669573749956
1430356592055263232,neutral,0.33001289349221025
1430356594995482625,negative,0.1006737026279635
1430356595293278213,negative,2.730490667551672e-06
1430356595968417795,negative,0.0004392655861914718
1430356596270325765,negative,0.05891849316111055
1430356596375310338,positive,0.9954360962508451
1430356596446617607,neutral,0.46127768308170247
1430356596866039810,negative,0.24263676644849216
1430356598854094849,negative,0.018293266385835956
1430356600288645124,negative,1.4525949632376575e-06
1430356600787767306,negative,0.0035556119708207035
1430356601119158276,negative,0.014439297112362984
1430356602608095237,negative,0.0011705350659215602
1430356605120417795,negative,0.0013894858029225876
1430356608366911495,negative,0.04221690116598642
1430356610115846149,negative,0.01119498213345308
1430356611667697664,negative,7.539026429146174e-05
1430356612083064834,negative,0.04340333660254713
1430356619590868993,negative,0.015959851551652054
1430356619804688389,neutral,0.5476508316964386
1430356622170263558,negative,0.08671520898572385
1430356622342250502,negative,0.0824965942812663
1430356625219629059,negative,0.11062410849909168
1430356629480951813,negative,0.0204599567555194
1430356629904580610,negative,0.03156820079324485
1430356633343901704,negative,9.129672316409522e-08
1430356636447739904,neutral,0.3774417176522492
1430356638825910272,negative,0.008564516524943045
1430356638926581766,negative,0.16176363966730578
1430356640012853254,negative,0.10281233894295454
1430356642542018561,negative,1.9019308111654675e-07
1430356642927980546,negative,0.08599688351757885
1430356643078934532,neutral,0.4186610750196824
1430356648527335431,negative,0.185134041586808
1430356648820891656,negative,0.010458695847304137
1430356649999540224,negative,2.0546332600630146e-05
1430356652771926019,negative,0.006834859480122911
1430356654273482755,negative,0.09701018081577242
1430356654554599428,neutral,0.49789225920557484
1430356655972261894,negative,0.029242710421054096
1430356656156725248,negative,0.1506259295567716
1430356656588722182,negative,1.5054535554436544e-05
1430356658467840002,negative,0.006092175589347923
1430356662838341637,negative,0.085368569708659
1430356664587329545,negative,0.09942184886734068
1430356666722099200,negative,0.0014897081501361819
1430356667603079174,negative,9.834794158271441e-07
1430356668538314754,negative,0.00017162476027658062
1430356670849462272,negative,0.061698008587208295
1430356670912335880,negative,0.0038773215160286508
1430356671478571017,negative,1.601516111698781e-11
1430356671587659776,positive,0.7202453785552451
1430356673617702917,negative,0.00016580011140510196
1430356673940631554,negative,1.7958613521580844e-08
1430356674670387200,negative,3.2970972280114505e-06
1430356675114983426,negative,0.0008683764170862291
1430356676884959237,negative,0.01119498213345308
1430356683063234562,positive,0.7578712788733418
1430356683205840899,negative,0.00023313233277219152
1430356683931459584,negative,0.08786737462402619
1430356685458137090,negative,0.10310227302193009
1430356685693071363,neutral,0.38110467744744386
1430356689014988803,negative,0.0003029546535023541
1430356691879608329,negative,0.00127058312029235
1430356693645369348,negative,0.06028924744845539
1430356699366445061,negative,0.010320231446011024
1430356701451067398,negative,0.01880062540091396
1430356702940045315,negative,0.010939630901057752
1430356707490902017,negative,0.002515317722295464
1430356708212289536,negative,1.2119262832224166e-07
1430356710309384197,negative,0.06477776071951645
1430356710347218945,negative,0.0048488183864916256
1430356712779882500,negative,0.0026203389679092604
1430356713157406725,negative,0.004283073736238695
1430356716475011075,negative,0.23257170613323067
1430356720077967372,negative,0.001805716603831504
1430356720606453765,negative,0.09942184886734068
1430356721449504768,negative,0.20537445868366933
1430356722527477763,negative,0.0015322782696912368
1430356722565189633,negative,0.09942184886734068
1430356723378831365,negative,0.0915796991391375
1430356724670730241,negative,0.00694418831405497
1430356728084828165,negative,6.909888204245568e-05
1430356729171222531,neutral,0.5266607897375037
1430356731876593666,negative,0.06611613718745674
1430356734632153097,negative,0.013686190766720738
1430356735764701187,negative,0.10125315907243408
1430356737127768069,negative,0.025606385327558677
1430356739367518222,negative,0.021779444348456294
1430356739954774017,negative,0.09869637565199119
1430356740223250436,negative,0.0004392080816650362
1430356743188533248,negative,1.1203531463611336e-05
1430356747290619907,negative,0.1478285914407956
1430356747684880384,negative,1.192688001041041e-05
1430356748297179142,negative,0.0951318021375529
1430356748913758210,positive,0.9058556076415677
1430356751031980032,negative,0.10459707035993664
1430356754156736514,positive,0.7078855302152476
1430356756656447490,negative,0.06682681913173942
1430356756681527296,negative,0.03345492733232707
1430356756685893634,negative,0.31323071801894803
1430356756723425283,neutral,0.6256775960128522
1430356756723429379,negative,8.127618569763114e-07
1430356756731863044,negative,0.03639497484417419
1430356756929163265,negative,0.03631927317428025
1430356757126189058,negative,0.3055182965152234
1430356757147099138,negative,0.09460576503601115
1430356757264601089,negative,0.00030988725429928704
1430356757268860928,negative,0.0006055142288669988
1430356757671464963,negative,0.30342740037092647
1430356758619426817,negative,0.06910880645873725
1430356759026274306,negative,3.33540279365665e-07
1430356759739240449,negative,0.15961381334387917
1430356760284471298,negative,0.15480874163662972
1430356760372654084,negative,0.06429144318073278
1430356761379328004,negative,0.0006911834245006714
1430356761756667908,negative,0.011199235971232157
1430356763379916800,negative,0.0896268535685223
1430356763711352832,negative,0.013034065924420324
1430356767548973063,negative,0.026877827506268766
1430356767876190208,negative,0.14779841212526398
1430356768475996172,neutral,0.506885033953134
1430356768887083010,negative,0.0021042274592506264
1430356768950001666,negative,0.11991134156335213
1430356770006966272,negative,0.00014657854317752644
1430356770812309511,negative,5.5271015415710775e-05
1430356771525255169,negative,0.003235760243221911
1430356771948879888,negative,0.004086003491608877
1430356773580558342,negative,0.07426670546945625
1430356775606308874,negative,0.0006911834245006714
1430356778466881537,negative,0.025726104425478666
1430356778609426438,negative,7.195698284976074e-05
1430356779259543555,negative,0.00011854211709377347
1430356779528081408,negative,0.0191687033133871
1430356780102692869,negative,6.857554400037203e-09
1430356780886994944,negative,0.015959851551652054
1430356780954132481,neutral,0.4621711339593085
1430356782023647236,negative,0.2191579046572315
1430356784448000009,negative,0.0032978318710799644
1430356786243112961,negative,0.01353610292828613
1430356786821861380,negative,0.005824007645858287
1430356787094425604,negative,0.001376209045470255
1430356788654886917,negative,0.12772178164324288
1430356789070123009,negative,0.008178362527209763
1430356789510479873,negative,0.07806621562641687
1430356790110310404,negative,0.02129124451154466
1430356790181511171,negative,0.006221731771660868
1430356792408780800,negative,0.00024833336393761957
1430356792903675910,negative,0.2588183548893972
1430356793247547394,negative,0.012431191778843846
1430356794140934146,negative,0.0007132322030954408
1430356798675070977,positive,0.8830283006755308
1430356801657221128,negative,0.0006495797596704697
1430356801875238914,negative,0.2557840326729794
1430356802441388034,negative,5.46930573077782e-06
1430356802827345921,negative,0.015439146658405276
1430356802957414400,negative,0.1006737026279635
1430356803397763072,negative,0.03156820079324485
1430356806228799500,negative,0.1006737026279635
1430356808737202176,negative,0.07277010903294014
1430356809370451973,positive,0.9954360962508451
1430356813791342592,negative,0.22318003392023003
1430356814869237763,negative,0.01223268255369301
1430356814911127554,negative,0.03986982981015964
1430356815267733511,negative,0.08157533702817234
1430356816718860289,negative,4.594372704349536e-06
1430356818291793924,negative,3.294880752195774e-05
1430356819491295233,negative,0.010458695847304137
1430356820581883904,negative,0.01090869512701178
1430356823320694785,negative,0.004488547553924341
1430356823396294662,negative,7.061397953606592e-06
1430356823895429122,negative,1.0538188112799246e-07
1430356825686396930,negative,0.0010673375102603273
1430356826718150657,negative,0.02129124451154466
1430356828194496515,negative,5.07193652063415e-07
1430356828261654534,neutral,0.6394766247101445
1430356829326831619,negative,2.0102799119988846e-07
1430356829683556355,negative,0.0008683764170862291
1430356833349382146,negative,0.03462300793169145
1430356833911418880,negative,0.007176791971353284
1430356833957466122,negative,0.0023874473203086654
1430356835668697088,negative,0.0915796991391375
1430356836088270849,negative,0.0004365608437493926
1430356837598179328,negative,0.014295194281246116
1430356839099740162,negative,0.11162774462394323
1430356839548530689,negative,2.3743809338116833e-07
1430356840169283585,negative,0.00011511865945913719
1430356841083645952,negative,0.005264351142582991
1430356842862030849,negative,0.0018437379843514153
1430356845152067586,negative,0.00012454649841525664
1430356845164646409,neutral,0.49789225920557484
1430356850084569094,negative,0.0007335037529384109
1430356851456086021,negative,0.001106748152862756
1430356851716239368,negative,0.08465447700118507
1430356852399874050,negative,0.1452043715687846
1430356853435813888,neutral,0.33001289349221025
1430356857437229060,neutral,0.46790029342103856
1430356858326458372,negative,0.2503620269031739
1430356859823788035,negative,0.0022884272643207515
1430356860482240513,neutral,0.33001289349221025
1430356861228916737,negative,1.1427010921495333e-09
1430356862474522629,negative,1.2119262832224166e-07
1430356862793302022,negative,0.07368766635352235
1430356863179268098,negative,0.0002243248110719653
1430356863539888130,negative,9.369259238456976e-06
1430356863774773251,negative,2.0546332600630146e-05
1430356864571748352,negative,0.04994543419577535
1430356867394334722,negative,0.014743649447802406
1430356867776143367,negative,0.011448924975571501
1430356867985907717,negative,0.259964068764353
1430356869009313797,negative,0.008178362527209763
1430356869537746950,negative,1.3600113180388923e-09
1430356869760098305,negative,0.002912664424265548
1430356871521648647,negative,0.13473923758586712
1430356871601442817,negative,0.10057999076286693
1430356872570327045,positive,0.8458969664726237
1430356873685913605,neutral,0.5513613685149382
1430356874537357312,negative,0.09942184886734068
1430356874742931457,negative,0.10330600649973323
1430356874810036230,negative,0.10464179132294982
1430356876328329217,negative,2.691113405701785e-10
1430356877901279233,negative,0.011199235971232157
1430356880598122497,neutral,0.33001289349221025
1430356881168502787,negative,1.1282227203427733e-10
1430356881525063683,negative,0.15923746489342874
1430356884226256900,negative,0.10459707035993664
1430356885958451200,negative,1.1907721158794242e-06
1430356886159777795,negative,0.004956466104227377
1430356891444645893,negative,0.01600018912809608
1430356895848615943,negative,0.12545324951875553
1430356900839833600,negative,0.03126848849105296
1430356902752526341,negative,0.14845068831358252
1430356903356403716,negative,0.00041342082582244966
1430356903650070530,negative,0.0002972057961471961
1430356905357103105,negative,1.2119262832224166e-07
1430356905881391111,negative,0.00010841013401255566
1430356906384805889,negative,0.21472813664945828
1430356906388901889,negative,0.0010391639891288282
1430356907542433796,negative,0.09529902175387317
1430356908058333185,negative,0.00012159038611146789
1430356908754472963,neutral,0.46790029342103856
1430356910604226560,negative,6.230203994426881e-05
1430356911787061250,negative,0.03156820079324485
1430356914290970624,neutral,0.4347896988744529
1430356916224540686,negative,5.0364500549839954e-05
1430356918296526848,negative,0.029586293022376045
1430356919559012358,negative,0.019298947454276676
1430356921081602054,negative,7.54014591709937e-08
1430356923010985993,negative,1.1238940634454665e-05
1430356925833691136,negative,0.008178362527209763
1430356926144163840,neutral,0.4922434542267056
1430356927368867841,negative,1.0520046400231982e-05
1430356930590085129,negative,0.05226567086749556
1430356931298963459,negative,0.002688575779948614
1430356931537932288,neutral,0.3385252644667176
1430356931592478721,negative,0.00909335869310267
1430356932318093314,negative,0.004425575165169352
1430356932590702593,neutral,0.38966083377267685
1430356932662075392,negative,0.025738063761756233
1430356933060530185,negative,0.06692082588542778
1430356933609930755,positive,0.953352235428013
1430356935757373442,negative,0.057772583349183365
1430356936223035395,negative,0.011245675747262535
1430356939247079426,negative,0.03552891632292472
1430356940174016513,negative,1.2119262832224166e-07
1430356940497068036,negative,1.1342022762392747e-09
1430356940702486532,negative,0.057078491338045635
1430356941558231045,negative,0.02129124451154466
1430356941671370753,negative,0.0014044509621149353
1430356941738549249,negative,0.005821894671403286
1430356942132846593,negative,0.0029667572049315895
1430356942178881540,negative,5.1987307298297235e-11
1430356942308978688,negative,0.001767185363358066
1430356945882451976,negative,0.12629335153499235
1430356947191148545,negative,0.0002871316489682456
1430356948126416898,negative,0.021779444348456294
1430356949523214338,negative,0.23345098840104045
1430356949611253762,neutral,0.49789225920557484
1430356949653204993,negative,0.03156820079324485
1430356949699280900,negative,0.02129124451154466
1430356952253620227,negative,0.0004392080816650362
1430356952396308486,negative,0.04237424094130999
1430356952962404352,negative,0.1552631710265125
1430356953805492234,negative,3.294735814822627e-06
1430356953910464522,negative,0.00694418831405497
1430356955193823237,negative,4.38559531940423e-06
1430356957483917314,negative,1.2119262832224166e-07
1430356958809362438,negative,0.10330600649973323
1430356959857889280,negative,8.175021557267337e-05
1430356960155668484,negative,0.016675300139621263
1430356964576567296,negative,0.00016965521985437448
1430356966103261189,negative,0.04237424094130999
1430356967772594185,negative,0.2503620269031739
1430356968879833090,negative,0.0005700459510788234
1430356968976396296,positive,0.9825457485417114
1430356969550974976,negative,1.9605049153991847e-05
1430356970419142657,negative,0.026548722857038347
1430356971589341184,negative,0.0020415511382151606
1430356975443795973,neutral,0.49789225920557484
1430356975456591873,negative,0.02129124451154466
1430356977943597061,negative,0.00031093771297326784
1430356979206082560,neutral,0.39020926132909783
1430356979260829700,negative,0.002735750459891755
1430356980137447425,negative,0.27522729236053584
1430356980829466624,negative,1.2119262832224166e-07
1430356981815169025,negative,4.5987260686211135e-05
1430356981982941185,negative,1.6930041986538324e-16
1430356982490402823,negative,0.0009682405379080594
1430356986227535875,negative,9.129672316409522e-08
1430356987192172549,negative,0.03822757370602958
1430356990895824897,negative,0.0020167447119432106
1430356992829308928,positive,0.9954360962508451
1430356993944981506,negative,5.880338356672088e-05
1430356996268728322,negative,0.00022661698312413875
1430356996369354753,neutral,0.49789225920557484
1430356996688121856,negative,0.00025007241196849296
1430356996998504453,negative,0.04973909323706328
1430356998072283138,negative,0.03206109769413315
1430356998567116801,negative,0.00011806162057133467
1430356998986534914,negative,7.733417873295257e-05
1430357000349757441,negative,0.008178362527209763
1430357000735662080,negative,0.11162774462394323
1430357006465052678,negative,0.001429472151206684
1430357006922260481,negative,4.38559531940423e-06
1430357008545304580,negative,0.0005287605060374014
1430357011603021828,negative,0.00028597380638211936
1430357014220316685,negative,0.2042517137896546
1430357014656413700,negative,0.23287676486778766
1430357014774009859,negative,0.09899122227180115
1430357017999335424,positive,0.998791011234624
1430357018246885377,negative,0.011199235971232157
1430357020939587590,negative,0.087156451924463
1430357025154871302,negative,0.005824007645858287
1430357028078333956,negative,1.0273120485637687e-08
1430357029672079362,negative,0.004956466104227377
1430357032138416130,negative,0.002014900848737092
1430357032209637376,negative,4.208556664148728e-08
1430357033602228226,negative,0.017589793233056282
1430357035787464708,negative,0.005753394115811916
1430357037695782914,negative,0.011199235971232157
1430357039230951424,negative,0.015332662056161976
1430357039809695744,negative,5.570590840199017e-05
1430357039952302091,negative,0.00547525714722396
1430357041852321792,negative,2.859774088667741e-09
1430357042104082433,negative,0.00012215288753786383
1430357043395846144,negative,2.661404971092999e-05
1430357044289212419,negative,0.1439591053554232
1430357044398264325,negative,0.02073666137759285
1430357046206078979,negative,0.26946072723466363
1430357046617157632,negative,0.025738063761756233
1430357047292354561,negative,1.606600110750362e-05
1430357050253512704,negative,0.17997518745470142
1430357050933010433,negative,0.02129124451154466
1430357051780354049,positive,0.8998625740165253
1430357052090687488,negative,0.0326842609874801
1430357052874952705,negative,0.0052728521437491295
1430357054657544196,negative,1.7670891779120108e-05
1430357057455153152,negative,0.0044098404095397874
1430357057924960258,negative,4.38559531940423e-06
1430357059393015816,negative,1.5889986082809045e-07
1430357060135358467,negative,0.00832640853493272
1430357061674602499,negative,0.027592078765002172
1430357063247568906,negative,0.0028677518814708785
1430357064229007365,negative,5.505052478402645e-06
1430357064728125441,negative,0.00024904251105430217
1430357065642479616,negative,0.0011341091881662889
1430357068133847044,negative,0.00010147685351908024
1430357068318445574,negative,0.0008683764170862291
1430357070004510721,negative,4.536555389253317e-06
1430357070881120256,negative,0.027560645203659414
1430357074911928323,negative,0.005753394115811916
1430357076056891393,negative,0.022104345302533832
1430357076539330561,negative,0.2499904304336832
1430357076983926784,negative,0.015332662056161976
1430357079768932354,negative,0.2511469929873326
1430357081337573380,negative,0.012614932523516703
1430357082310471681,negative,0.015332662056161976
1430357084881793026,negative,3.294735814822627e-06
1430357084915314690,negative,0.0038773215160286508
1430357085489967106,negative,9.714526850831676e-05
1430357085552795648,negative,0.007876520187612169
1430357085791956993,negative,0.03126848849105296
1430357086672719874,negative,0.1527198675249117
1430357088279072774,neutral,0.6255248137969407
1430357088954462209,neutral,0.38105933078362125
1430357090711834628,negative,0.011215601604068953
1430357091248754690,negative,0.00777779594623073
1430357091470938112,negative,0.00014657854317752644
1430357091546451968,negative,0.08917286848381235
1430357092720840704,negative,1.2119262832224166e-07
1430357093610033152,negative,0.31695657735099336
1430357096067969027,negative,0.002515317722295464
1430357098525827074,negative,0.03156820079324485
1430357098680958984,negative,0.05531301343014099
1430357102183206918,negative,0.0002760374860205323
1430357103026257920,negative,0.02119705132309346
1430357103525367808,negative,8.221687174557784e-08
1430357103861026818,positive,0.7997959901856242
1430357104087404551,negative,0.0009487168186341927
1430357106830548998,negative,0.10330600649973323
1430357107606540293,negative,0.011448924975571501
1430357107853901829,negative,8.525619802217208e-07
1430357108730572800,negative,3.2005856181862435e-06
1430357111037440000,neutral,0.46790029342103856
1430357116334784513,negative,0.08391688841046574
1430357116754268166,negative,1.2119262832224166e-07
1430357118297726977,negative,0.17766678104753578
1430357118641532939,negative,0.06018955639756808
1430357122886168576,negative,0.0015881175990543216
1430357126052945923,negative,2.6293386852839275e-07
1430357126384345089,neutral,0.49789225920557484
1430357127818776576,negative,0.05082638245998568
1430357128083017731,neutral,0.33001289349221025
1430357128116686850,negative,0.006156940675492151
1430357129081274368,negative,0.00012159038611146789
1430357131018969090,negative,0.05226567086749556
1430357132537475072,negative,0.001429472151206684
1430357133443452932,negative,0.10310227302193009
1430357134408028163,negative,0.16767783665055602
1430357136278704131,negative,0.00020386840941631864
1430357136433946627,negative,4.38559531940423e-06
1430357137675456517,neutral,0.41023892186897476
1430357141815275525,negative,0.06692082588542778
1430357141848838150,negative,0.011058550356932664
1430357142733742083,negative,4.0418461311781596e-06
1430357143044100104,negative,0.0002456916823241116
1430357145351081988,negative,0.2808657038350134
1430357146747772928,negative,0.06572874338541368
1430357146902966272,negative,0.007142341535843848
1430357151000809472,negative,0.31732489718339985
1430357151956967427,negative,0.01655022480749108
1430357152112185350,negative,0.0191687033133871
1430357152586153986,negative,0.08428786601174401
1430357153097953280,negative,1.0372377649992076e-07
1430357155043962880,negative,0.00024904251105430217
1430357155186626561,negative,0.0006114057139991357
1430357157367664646,neutral,0.46511884455441777
1430357158609231881,negative,0.08428786601174401
1430357159548686343,negative,0.1439591053554232
1430357161482362880,positive,0.9915363656244783
1430357161603907586,neutral,0.47124460801069723
1430357162069569539,negative,0.28589977305321784
1430357162501578753,negative,0.0004505649039991188
1430357163441074176,negative,0.005689463662400632
1430357163860500486,negative,0.0002421581960814967
1430357164867170308,negative,0.02129124451154466
1430357166603505664,negative,0.01655022480749108
1430357166704242689,negative,0.06018955639756808
1430357167211794434,negative,0.02129124451154466
1430357167287279622,negative,0.0005061837725876212
1430357170525196289,negative,0.030214779596161753
1430357171183755266,negative,0.0008463731500872914
1430357171762520066,negative,0.018342789153523536
1430357172181929988,positive,0.8758718824717361
1430357173884923904,negative,0.03126848849105296
1430357174514065411,negative,0.015358426048027956
1430357176527331328,negative,0.188527873444352
1430357177609379842,negative,2.9753424461662654e-10
1430357179702431748,negative,7.934754635791604e-06
1430357182290272258,negative,0.03982012979408541
1430357184458670081,neutral,0.5027646538510618
1430357185679216641,negative,0.005418590639060688
1430357187730280450,negative,0.10310227302193009
1430357187763884034,negative,0.0015058425361385807
1430357187910590465,negative,0.10310227302193009
1430357188862746624,negative,0.0006072519923404105
1430357189202522113,negative,0.0005612894962486011
1430357189869383683,negative,0.00343685672716283
1430357192167788551,negative,0.25003713100916747
1430357192801243138,negative,0.188527873444352
1430357194562838535,negative,0.0063652731783182155
1430357196626354177,negative,0.049524063282328314
1430357197377183751,negative,0.017813309709211606
1430357199180771333,neutral,0.38105933078362125
1430357200841723904,negative,0.0005612894962486011
1430357201022029828,positive,0.9954360962508451
1430357202120806405,negative,0.007142341535843848
1430357202905313280,negative,1.1427010921495333e-09
1430357203442192387,negative,0.1626964424799678
1430357204129894405,negative,2.1618098133555395e-05
1430357204318703616,negative,0.004179826498692414
1430357204343959555,negative,4.38559531940423e-06
1430357204499111936,negative,0.19183871800402985
1430357205774213121,negative,8.040311423552133e-05
1430357207787491332,negative,0.002463431259848774
1430357210278809604,negative,0.040698623474074075
1430357211046363147,negative,9.979493606708684e-06
1430357211499405312,negative,0.03156820079324485
1430357211595874313,negative,0.14672669728274013
1430357211969118212,neutral,0.6486425011625336
1430357212338266114,negative,0.00012808873801373386
1430357212405407747,negative,0.06589923647266555
1430357215328800769,neutral,0.6566024462478299
1430357216389963782,negative,0.017813309709211606
1430357217727877121,negative,2.786687201155812e-06
1430357218071822340,positive,0.8773187747531133
1430357218726137856,negative,0.0002972057961471961
1430357218923253760,negative,0.01643650692431863
1430357219174977540,negative,0.00011511865945913719
1430357221637038088,negative,7.19004696953685e-08
1430357221733453831,negative,0.017589793233056282
1430357221855088645,neutral,0.49789225920557484
1430357222165467146,negative,0.00012159038611146789
1430357223398596613,negative,0.234936155512837
1430357223721558018,negative,0.0020400221025595666
1430357223977504770,negative,1.4525949632376575e-06
1430357227731398659,negative,0.0006853400352967818
1430357229207699460,negative,1.2119262832224166e-07
1430357230113759235,negative,9.129672316409522e-08
1430357231493652483,negative,1.2860986315970302e-05
1430357231913013250,negative,0.00024336157022143674
1430357232814854150,negative,0.26946072723466363
1430357236799447041,negative,0.03200252767276649
1430357237856415750,negative,0.01655022480749108
1430357238460424199,negative,3.084419161692192e-05
1430357239060123649,neutral,0.34987014986687964
1430357239777402884,negative,5.622018672809348e-07
1430357241685807113,negative,0.0020694595867765913
1430357241798987780,negative,0.0008815046480037513
1430357243090804738,negative,0.003569033570129386
1430357246303690754,negative,0.08614578230439912
1430357246735704067,negative,0.03156820079324485
1430357248103100419,negative,0.01708365684069331
1430357251420786691,negative,0.00021481387105503044
1430357252725149705,negative,0.01119498213345308
1430357254063153152,negative,0.002874528822599138
1430357254168096769,negative,1.5683320134575718e-12
1430357254583300101,negative,0.0005236893153967451
1430357255329878018,negative,0.01886823860662019
1430357257758314499,negative,1.9605049153991847e-05
1430357258412646409,negative,0.05226567086749556
1430357260195319814,negative,1.9605049153991847e-05
1430357260585381890,neutral,0.33001289349221025
1430357263768764419,negative,0.10281233894295454
1430357263982682118,negative,0.00017256313037197248
1430357264548958217,negative,0.1320105876764085
1430357264972587011,negative,0.01558440834201078
1430357266205712384,neutral,0.45438645154680113
1430357267749036034,negative,0.019525066368480958
1430357268462194690,negative,0.007876520187612169
1430357269309530115,positive,0.7402050629896832
1430357269997305863,negative,0.04975415241564185
1430357271536615424,negative,0.024188627505903303
1430357274397184000,negative,0.007250035138941875
1430357276775354369,negative,0.0007662779723572197
1430357277152714758,negative,0.10330600649973323
1430357278406987778,negative,9.129672316409522e-08
1430357278750806018,negative,0.02129124451154466
1430357281288376323,negative,0.043850203308971554
1430357282211180547,negative,0.029084605322430918
1430357282450255881,negative,0.00012159038611146789
1430357282693517317,negative,0.0008683764170862291
1430357283968589825,negative,2.4595036662162134e-05
1430357284484534273,positive,0.7585018193469192
1430357285868552194,negative,0.0012526024965134413
1430357286783000579,negative,0.00019836351810244513
1430357286971658240,negative,0.026877827506268766
1430357287978287105,negative,0.037194548783398104
1430357288615747585,negative,0.11672099260167565
1430357289135902725,negative,5.337612141888119e-07
1430357293045014530,negative,1.349616937287032e-07
1430357294475366405,negative,0.002413350826074324
1430357295062560768,negative,4.999447744524397e-07
1430357297419759618,negative,0.00694418831405497
1430357297868455938,neutral,0.49789225920557484
1430357297931374594,negative,1.2887078175382644e-07
1430357298518667272,negative,0.02065922167681417
1430357299709759489,negative,0.007142341535843848
1430357300162830339,negative,1.2119262832224166e-07
1430357304793354246,negative,0.00019841916954080004
1430357305145626625,negative,0.01119498213345308
1430357306559107086,negative,0.17315878899466872
1430357307301449737,negative,0.043850203308971554
1430357308551348236,negative,2.551779987327704e-11
1430357308995932161,negative,0.1439591053554232
1430357310451376130,negative,0.07094538350000365
1430357311340617728,negative,1.2119262832224166e-07
1430357313282580483,negative,0.02129124451154466
1430357315203514368,negative,0.00013180328117965933
1430357315979563008,negative,0.002935411137081108
1430357317107781634,negative,4.4572590095199977e-07
1430357318013788163,negative,0.11135613175919666
1430357318026285058,negative,5.945258771711577e-10
1430357318538076163,positive,0.8782749835826478
1430357319943180288,negative,0.005444787422193021
1430357320828002305,neutral,0.3923119750405995
1430357320853241858,negative,0.10241527665201919
1430357323126607876,negative,0.06589923647266555
1430357323512483846,negative,0.015321006609517683
1430357325332811784,negative,0.07957345260791635
1430357326746292230,negative,1.1551771012298454e-06
1430357327698333699,negative,2.6724381479760107e-06
1430357328084312068,negative,0.03156820079324485
1430357328436531201,negative,2.661404971092999e-05
1430357330043064323,negative,1.9605049153991847e-05
1430357330831491074,negative,0.06589923647266555
1430357331280334848,negative,0.00016656969748921394
1430357332194697217,negative,0.040698623474074075
1430357333696262145,negative,0.03156820079324485
1430357337211121664,negative,0.231731395059523
1430357337563336705,negative,0.008043410504919983
1430357338888757251,negative,0.029084605322430918
1430357339127918593,negative,7.800082459952215e-05
1430357339375378434,negative,0.0017922159252092044
1430357339551449091,negative,3.4436582104639264e-05
1430357339740246019,negative,0.010235338428013113
1430357340084219908,negative,1.2119262832224166e-07
1430357340579061762,neutral,0.49789225920557484
1430357340868517888,negative,0.006346162307334176
1430357341187280899,negative,0.021814736631782534
1430357341627731970,positive,0.9915363656244783
1430357341942292482,negative,0.003489968860090157
1430357342160314369,negative,0.037194548783398104
1430357345746530304,negative,0.15207655933096184
1430357345838710785,neutral,0.6580696364137677
1430357347155816448,negative,0.006262727610156939
1430357347843641345,negative,0.024188481512490534
1430357349609398275,negative,0.014035669573749956
1430357351027064834,negative,0.0045423501489044735
1430357351861833728,negative,0.0007995399045986655
1430357352981704706,neutral,0.49789225920557484
1430357355850567680,negative,0.03726055931927432
1430357356848766978,negative,1.761424344624348e-08
1430357357448548354,negative,2.661404971092999e-05
1430357357805121538,negative,0.0002972057961471961
1430357359591792647,negative,0.00015432103586430433
1430357359759609856,negative,0.027560645203659414
1430357359776440321,negative,4.0164920792322783e-07
1430357360124604422,negative,0.0005751344709852782
1430357362934697987,negative,0.00016567916892646799
1430357365820383234,negative,0.05226567086749556
1430357367087116292,negative,1.391724700779738e-06
1430357367972052998,negative,0.017544841246629084
1430357369352073219,negative,0.0021614656322185804
1430357371558244353,negative,0.1506259295567716
1430357373336670211,negative,0.0020167447119432106
1430357373961580544,negative,2.661404971092999e-05
1430357374930403329,negative,7.195698284976074e-05
1430357375056232456,negative,0.027560645203659414
1430357375727378440,negative,0.22296678852661447
1430357376662753282,negative,7.753316500335028e-05
1430357377778393089,negative,0.15480874163662972
1430357378873151491,negative,0.04581383352452589
1430357381842673666,negative,0.00017090588139751208
1430357383608520705,negative,0.04944995414456298
1430357385093304328,neutral,0.5288636399463092
1430357385596608514,negative,0.10113884140473946
1430357386586361859,negative,0.0051612579576217725
1430357387387441152,negative,8.905500213129744e-07
1430357388872327175,negative,0.0035687640918451737
1430357388951842819,negative,0.15480874163662972
1430357390268960775,negative,6.914315822418878e-06
1430357391196004361,negative,0.0001426688699905304
1430357391749652484,negative,0.0003555221122634238
1430357392395423748,negative,0.20126856686202316
1430357394614276098,negative,0.0008463731500872914
1430357394836570118,negative,0.03135517761413065
1430357394857603078,negative,0.002163666029462027
1430357396665294851,negative,0.0008073202288204087
1430357397042864129,negative,0.05226567086749556
1430357397952946179,negative,0.02129124451154466
1430357399421046789,negative,0.08157533702817234
1430357400675028994,positive,0.8468614140403762
1430357401786589190,negative,0.10352207287851221
1430357401966768129,negative,0.00035009911360972323
1430357403057467394,negative,0.01643650692431863
1430357408455528452,neutral,0.46127768308170247
1430357408669384705,negative,0.00737935240936037
1430357409713766400,negative,0.06029888826499388
1430357409873207298,negative,1.2119262832224166e-07
1430357415124520960,neutral,0.4521332392864445
1430357417502679041,neutral,0.49789225920557484
1430357418580615170,negative,0.01655022480749108
1430357419356426243,neutral,0.49789225920557484
1430357419410997249,negative,0.012431191778843846
1430357419666944001,negative,0.26098085509345653
1430357420677738497,negative,0.00011240148683472792
1430357420736487427,negative,0.0008584438780446557
1430357420774146048,negative,0.09701018081577242
1430357422984646659,negative,0.20627300819510563
1430357425505423375,negative,0.0002972057961471961
1430357425719283716,negative,2.28582499717647e-07
1430357426813943814,negative,0.0915796991391375
1430357427032150017,negative,0.0017350360385520564
1430357427552231426,neutral,0.4453216829145092
1430357428097454085,neutral,0.6255248137969407
1430357428105883648,negative,0.1570355537177191
1430357430005796868,negative,0.013003264633793013
1430357430635048965,neutral,0.3870882221309295
1430357430966358019,negative,5.612928392414723e-05
1430357431918501892,negative,0.08587701560259076
1430357431935283209,negative,0.001106307709779866
1430357432123932673,negative,4.38559531940423e-06
1430357433025798147,negative,0.31695657735099336
1430357433130512389,negative,0.09810444681855067
1430357433382326272,negative,0.03835596753954165
1430357435454304257,negative,1.8861447468642104e-05
1430357437291405314,neutral,0.4059809251578889
1430357438235095040,negative,0.15480874163662972
1430357440583933953,negative,0.2503620269031739
1430357441288474629,negative,0.010140462991622485
1430357444732014592,negative,0.002935411137081108
1430357446594281475,negative,1.6330651255825802e-05
1430357447462490116,negative,0.008755534357849785
1430357451954655236,negative,0.00014106854944959216
1430357452764102661,negative,0.013003264633793013
1430357454144122881,negative,0.016410853386730335
1430357454454411266,negative,0.30127459869889245
1430357455201083397,negative,0.006834859480122911
1430357455888846853,negative,3.9672682870904844e-05
1430357455993716742,negative,1.0616703677715198e-13
1430357459043069960,negative,0.0008815046480037513
1430357464281714690,negative,0.0022908238689251016
1430357465460363265,negative,5.1782149799208595e-06
1430357465711976453,negative,2.3449553272763225e-05
1430357466177581056,negative,0.13368125748751006
1430357468111118339,negative,0.08295377885719349
1430357468266250243,negative,0.11032244173731863
1430357468912234498,positive,0.9998080303460412
1430357474503241743,negative,0.02129124451154466
1430357475006590977,negative,0.014035669573749956
1430357478227779584,negative,0.0024513056632993035
1430357478781292549,negative,1.1700834529704788e-06
1430357481293762561,negative,8.150800901526544e-06
1430357481327316992,positive,0.6805975890426972
1430357481407098882,negative,0.00014657854317752644
1430357483155902466,negative,0.011199235971232157
1430357483348955136,negative,0.00018713098872310722
1430357487442710528,negative,1.8325034637416792e-07
1430357487467782147,negative,7.5576574177852e-05
1430357488008900612,negative,0.08917286848381235
1430357489908920321,negative,2.5256929731570526e-13
1430357490701643776,negative,0.0008142432373124211
1430357490806530048,negative,0.00034412247447787364
1430357491062382598,negative,0.00551315745639839
1430357491569803266,negative,3.973292010089162e-06
1430357492375097350,negative,0.012431191778843846
1430357492538691584,negative,0.010594453721270696
1430357492865933318,negative,0.03156820079324485
1430357493075566594,negative,0.04237424094130999
1430357496342974467,negative,0.10977260725410494
1430357496573595649,negative,0.02366201334063269
1430357496892329987,negative,9.129672316409522e-08
1430357497102077954,negative,0.02403184841211229
1430357497152483329,negative,0.02129124451154466
1430357498024931331,negative,0.00012159038611146789
1430357498326921216,negative,0.004222532424955791
1430357500180766725,negative,0.001241654216690324
1430357500851798022,negative,0.011199235971232157
1430357500893741056,negative,9.369259238456976e-06
1430357500927352832,negative,0.24051203593247364
1430357501422104583,negative,0.014295194281246116
1430357502101790721,negative,3.0376465841934524e-05
1430357502214946818,negative,0.002091755316605163
1430357502735130629,negative,0.3008583631808929
1430357505453039623,negative,0.02129124451154466
1430357505616621574,negative,0.0002972057961471961
1430357505629167621,neutral,0.5315025225330297
1430357505830498307,negative,0.00034734909337997617
1430357506732269569,negative,0.31732489718339985
1430357507579564036,negative,2.661404971092999e-05
1430357508313464836,negative,0.0022685092967434537
1430357509898899461,negative,0.03752974177418859
1430357510259609603,negative,0.002874528822599138
1430357511861850119,negative,0.0045258050119375524
1430357511954124803,negative,0.0004858140129102469
1430357513178910722,negative,0.0009828201666839539
1430357513623506950,neutral,0.3907150271102346
1430357514240016399,negative,3.2889318604630805e-06
1430357517801082884,neutral,0.38878786203058496
1430357519411593221,negative,0.0005421960591707566
1430357521911398401,negative,0.02088205355535023
1430357524432183301,positive,0.9326842412183404
1430357524562202626,negative,0.0004560057987810787
1430357524755226624,negative,0.23568651887278078
1430357525778599943,negative,0.03726055931927432
1430357526546104322,negative,0.13577295880237883
1430357527229870085,negative,0.0008130764788052987
1430357527980544004,negative,7.195698284976074e-05
1430357528496459779,negative,0.01012344917301658
1430357528949493760,neutral,0.33001289349221025
1430357529230467073,negative,0.03135517761413065
1430357530954326017,negative,0.003102065946588256
1430357532632027136,negative,0.06964515723976908
1430357535660384258,negative,0.32052426648100385
1430357537279336452,negative,0.010492548215711918
1430357537690460164,negative,0.047636678355484
1430357538835517442,negative,0.02129124451154466
1430357539657592837,negative,4.954406729754311e-07
1430357539766550530,negative,0.04237424094130999
1430357544594288643,negative,0.000370365799033262
1430357544673873922,positive,0.9950734093324327
1430357545227538432,negative,0.17285967711175743
1430357546963914752,neutral,0.5006086376065693
1430357547278557184,negative,0.00022116421794432758
1430357547664433153,negative,0.011199235971232157
1430357549434478593,negative,0.03156820079324485
1430357550361350147,negative,0.1005062728508132
1430357550827032578,negative,7.800082459952215e-05
1430357553221885958,negative,0.03156820079324485
1430357553255440384,negative,0.23721754540003537
1430357554270453774,negative,0.040698623474074075
1430357556057214985,positive,0.8651618779548107
1430357556447391746,negative,0.015332662056161976
1430357560746553351,negative,7.19004696953685e-08
1430357561337917440,negative,3.3733738229910596e-05
1430357566291333123,negative,0.012614932523516703
1430357566345908229,negative,0.2298795075858674
1430357569030168577,negative,0.07806621562641687
1430357569042780161,negative,0.306093225725304
1430357570099757056,negative,2.3101395610172638e-06
1430357573555920896,negative,0.025738063761756233
1430357575237783558,negative,1.2119262832224166e-07
1430357580010987520,neutral,0.33001289349221025
1430357580359118850,negative,0.014489954317747574
1430357581059534853,negative,0.009294091504468192
1430357581336305672,negative,0.10464179132294982
1430357582468759553,negative,0.0020789912834528954
1430357582758260736,negative,0.016274327737275333
1430357583555088392,negative,0.0010558859208514453
1430357584041725952,neutral,0.33001289349221025
1430357584163266562,negative,2.606297592361269e-07
1430357585845182464,negative,0.010901289837050148
1430357585912385538,negative,0.11522865625687363
1430357586084175874,neutral,0.46511884455441777
1430357589305577477,negative,0.011724737227430823
1430357590345662464,negative,0.054001409924589
1430357590660288517,negative,0.0015322782696912368
1430357592887513088,neutral,0.6224080279833182
1430357593713696768,negative,1.2119262832224166e-07
1430357594451873795,negative,3.832821813057719e-05
1430357595383009280,negative,0.31732489718339985
1430357598860156929,neutral,0.34313551752745974
1430357599254372352,negative,0.1439591053554232
1430357602018418688,negative,0.1439591053554232
1430357602303684610,negative,1.2245738320783e-08
1430357603004133380,negative,0.0601429696669607
1430357603943583746,negative,0.0020415511382151606
1430357606342725637,negative,0.04907476437954909
1430357606875467779,neutral,0.5288636399463092
1430357608918102025,negative,0.00014171756291447783
1430357610801336320,neutral,0.3557030236304383
1430357610918731776,negative,0.0008683764170862291
1430357611292078089,negative,0.0017922159252092044
1430357611577217025,neutral,0.49789225920557484
1430357611589812225,negative,0.01965401071789062
1430357611883401217,negative,0.012431191778843846
1430357614563676168,negative,6.28610205626814e-07
1430357616241356804,negative,0.03156820079324485
1430357617495494657,negative,0.05324423562159589
1430357620393664514,negative,5.701162162271289e-07
1430357621492563969,negative,0.0020167447119432106
1430357622985838598,negative,0.0005145084411126155
1430357623640137731,negative,0.01612436368371268
1430357624357232642,negative,0.05733298034978406
1430357626597122056,negative,6.014479591269272e-07
1430357630250278914,negative,1.1427010921495333e-09
1430357630732709890,negative,0.15207655933096184
1430357631751884803,negative,4.725881587600597e-05
1430357632649474049,negative,0.12138439117109705
1430357635895861249,negative,0.00015432103586430433
1430357639662292993,negative,0.03771947579345299
1430357639691657216,negative,0.32971245804008953
1430357639955898370,negative,4.266681591605951e-06
1430357640647938048,positive,0.7606050439858516
1430357642216714243,negative,0.2503620269031739
1430357642237648909,negative,0.06432956402644219
1430357642921250818,neutral,0.49789225920557484
1430357642950623232,negative,0.03638877322939118
1430357644364161026,negative,0.0002063444689457132
1430357644489932801,negative,0.00014251006212729248
1430357645018468356,negative,0.02293445612689222
1430357646276763650,negative,1.114953966397407e-10
1430357646599606272,neutral,0.6034023639877475
1430357646884884482,negative,0.10395619680739443
1430357650391379969,negative,1.6204020098361658e-05
1430357650512957440,neutral,0.5425813081463247
1430357651767107591,negative,0.15480874163662972
1430357654925369346,negative,7.178096418791252e-05
1430357655575568388,negative,2.661404971092999e-05
1430357655634202630,negative,0.10330600649973323
1430357656963854340,negative,0.05226567086749556
1430357659723591682,negative,0.015543993729574644
1430357660411568137,positive,0.986473072567516
1430357662177366020,negative,2.341190641877837e-05
1430357663435612167,neutral,0.6285714006086611
1430357667059363840,negative,1.9605049153991847e-05
1430357667197894662,negative,0.00023260020985362202
1430357668942712834,negative,0.1908942153374937
1430357669471207425,negative,0.0038773215160286508
1430357670335238145,neutral,0.44958472962679563
1430357673791442948,neutral,0.4545729117725756
1430357674554703872,negative,0.04735462138271581
1430357674886111233,negative,0.0204599567555194
1430357678744821760,neutral,0.473857968409677
1430357679818657792,negative,0.1908942153374937
1430357680456151046,negative,0.001106307709779866
1430357680976273411,negative,0.13473923758586712
1430357681848659970,negative,6.066742772108227e-07
1430357682456875018,negative,0.04426220858922386
1430357682465263618,negative,0.06589923647266555
1430357683148922883,negative,0.019298947454276676
1430357683543150593,negative,0.02129124451154466
1430357684235259912,negative,0.0005661475203624993
1430357686005256196,negative,0.0024513056632993035
1430357686273691651,negative,0.008868378041887016
1430357686458228738,negative,0.0057495020827819454
1430357687741689860,negative,0.005362142396653205
1430357688437858306,negative,0.03135517761413065
1430357691600343043,neutral,0.43011199847742104
1430357691675856896,negative,1.0094245679582965e-06
1430357692204429314,negative,0.09232023486621721
1430357705114460160,positive,0.6729231361002389
1430357708000092160,neutral,0.35785643069366135
1430357708985798656,negative,0.07455350942597763
1430357712911671302,negative,0.009721864842086612
1430357713763147785,negative,9.019524490342408e-05
1430357714899722246,negative,0.048450869155361516
1430357715092705281,negative,1.780817018371679e-08
1430357716594302981,negative,2.43038242412175e-05
1430357718263599104,positive,0.7153514274087273
1430357721300209666,negative,0.0009002494337819687
1430357722734661640,negative,0.0018721063285433155
1430357723158306816,negative,0.010694486277279262
1430357726203363336,negative,0.001106748152862756
1430357731836366849,negative,0.2543659893350525
1430357732222197765,neutral,0.33001289349221025
1430357732784283653,negative,0.0005830505163630504
1430357732859731968,negative,0.06029888826499388
1430357733497245701,negative,0.00043100040897296174
1430357735648989189,negative,2.341190641877837e-05
1430357737020432387,positive,0.9954360962508451
1430357739432288258,negative,2.463980680276039e-05
1430357742133338116,neutral,0.49789225920557484
1430357742791897091,negative,0.2808657038350134
1430357743001559042,negative,0.1017957749767395
1430357743253266433,negative,0.01894549964858854
1430357744532471811,negative,0.18163755733606482
1430357744834564096,neutral,0.5187884800474114
1430357746600210438,negative,0.1172325076108791
1430357746721898500,negative,9.342293114661117e-06
1430357747439112192,negative,0.004956466104227377
1430357747439214593,negative,0.0001972080732510292
1430357748093489152,negative,0.0006827359376836275
1430357749385342983,negative,0.09816568193063072
1430357750232535041,negative,0.12852390160237528
1430357750438113285,negative,0.2282300318111815
1430357751650213888,negative,2.1240195885613e-08
1430357752220684289,negative,1.9019308111654675e-07
1430357753780858884,positive,0.9954360962508451
1430357753940283392,negative,0.1908942153374937
1430357754221371398,negative,0.2719538844948051
1430357756960256001,neutral,0.49789225920557484
1430357757975318530,negative,2.0351381805565348e-06
1430357758893826049,negative,0.0009487168186341927
1430357763587297285,negative,0.003712250500265335
1430357764333883394,negative,0.010694486277279262
1430357765080375297,negative,0.02003569693267025
1430357766061891584,negative,0.03156820079324485
1430357766179282948,negative,0.11154443292387338
1430357768138022912,negative,0.02129124451154466
1430357768217759744,negative,0.001333767451123963
1430357768255393794,positive,0.9975740313192406
1430357769794826240,negative,0.1797137342707433
1430357769958436864,neutral,0.4538146206303498
1430357770159673347,negative,0.12262022378352953
1430357774194683904,negative,0.005753394115811916
1430357775259996165,neutral,0.6256775960128522
1430357777269108738,negative,0.0951318021375529
1430357781220106241,negative,0.18338008734445135
1430357782339928064,negative,2.43038242412175e-05
1430357782641864705,neutral,0.49789225920557484
1430357788765659143,negative,0.02129124451154466
1430357791793950722,negative,0.26098085509345653
1430357794524442629,negative,4.4885988447196524e-07
1430357794637635584,negative,0.21192963163523793
1430357794885144580,negative,0.005824007645858287
1430357795174449156,negative,0.002515317722295464
1430357797498232839,negative,0.0006747124502461654
1430357798542585858,negative,0.0007662779723572197
1430357800434257921,negative,0.32877076950170503
1430357803978342400,negative,0.20026800096990907
1430357804708159488,negative,0.02276953340947096
1430357805073113092,negative,0.00011511865945913719
1430357806327140354,negative,0.00694418831405497
1430357809011609602,negative,0.0009427222018540094
1430357810248826881,negative,0.0328195996897295
1430357810366320640,negative,0.013277298513313138
1430357811817504768,negative,0.02129124451154466
1430357812333404160,negative,0.0037210730428521156
1430357812392120324,negative,0.02119705132309346
1430357812664750084,negative,0.11672099260167565
1430357812794822660,neutral,0.4985928500860049
1430357812975128578,negative,0.06018955639756808
1430357813700833280,negative,0.002698192440556149
1430357815072329731,negative,0.08252971821201428
1430357815609200641,negative,0.022992967464547615
1430357818670997508,negative,0.0027416091026528488
1430357824308228097,negative,0.12703271384507175
1430357824505274372,positive,0.6746108756521773
1430357824878567428,negative,0.044379891698905966
1430357825038032898,negative,0.09000317731526603
1430357825147097089,negative,0.3231774527521787
1430357825230888963,negative,3.4436582104639264e-05
1430357825436401665,negative,2.341190641877837e-05
1430357825985777666,negative,3.170381761753663e-05
1430357826162024448,negative,0.0048488183864916256
1430357827336474626,negative,0.00019836351810244513
1430357827898511366,negative,0.003555140945279236
1430357830087893000,negative,0.015332662056161976
1430357831824334851,negative,1.5159746017092603e-06
1430357832130572288,neutral,0.41168418774536575
1430357833095254023,negative,0.003569033570129386
1430357834760327172,negative,0.04223582756577018
1430357838900178946,negative,0.18812299635875782
1430357841249030145,negative,0.03128365296906122
1430357841622208513,negative,0.06589923647266555
1430357844075982850,negative,0.12146426141732296
1430357845682397187,negative,0.0034972471463903193
1430357845971718145,negative,0.0018275801931489587
1430357847292981253,negative,0.0001569502952420898
1430357847347433476,negative,0.008043410504919983
1430357847360028672,negative,1.5280188108689748e-08
1430357847435513863,negative,0.001861374499070069
1430357849578876929,negative,0.006437552770425797
1430357851789266947,negative,0.10375926036501625
1430357852359729157,negative,0.06803852969405345
1430357852615499779,negative,0.048450869155361516
1430357853395619847,negative,0.0013343138082238515
1430357855127867393,negative,0.01600018912809608
1430357855551561733,negative,0.0002456916823241116
1430357856797212675,negative,0.02387251284677864
1430357859741708288,negative,0.08786737462402619
1430357860014252036,negative,5.734212661553371e-06
1430357860622471176,neutral,0.49789225920557484
1430357860890857472,negative,0.043850203308971554
1430357863797600259,negative,0.0014332493716771293
1430357866364514304,negative,0.0011705350659215602
1430357867215872000,negative,1.588253597427915e-05
1430357868046397446,negative,0.0024513056632993035
1430357868046438402,negative,0.00020386840941631864
1430357870286184455,negative,3.0486494756093207e-12
1430357874383990786,negative,2.7800947200740603e-05
1430357879291318275,negative,0.075158816967495
1430357879719137283,negative,0.002463431259848774
1430357881011032067,negative,0.04435973972959143
1430357884261617672,negative,0.002515317722295464
1430357885012398083,negative,0.01612436368371268
1430357887130480644,negative,0.0076900740768444525
1430357889869225986,negative,0.0006072519923404105
1430357892650127374,negative,0.2167392197034359
1430357896575979522,negative,7.5576574177852e-05
1430357898039894019,negative,0.0009065030178654257
1430357898102812673,negative,0.003257064279435662
1430357898668949511,negative,0.05891849316111055
1430357900325572617,negative,0.04745383535194946
1430357903890911233,negative,0.0012319477244341966
1430357907699388418,negative,0.00038418567990784427
1430357909037326337,negative,0.26946072723466363
1430357910924705794,negative,0.2145037751242544
1430357912912805891,negative,0.021779444348456294
1430357912929685508,negative,0.0029619205094553983
1430357914586337282,negative,0.06589923647266555
1430357915110625291,negative,0.01090869512701178
1430357916771569664,negative,3.832821813057719e-05
1430357917501362177,negative,0.0002972057961471961
1430357920525561856,negative,1.752361645213286e-05
1430357920869408773,negative,0.1439591053554232
1430357922756894720,negative,0.0006853400352967818
1430357923415343104,negative,3.5951312727179893e-07
1430357927173500933,negative,0.00014171756291447783
1430357928234659843,negative,0.10997819150407644
1430357931044843523,negative,0.1439591053554232
1430357931430715396,negative,0.002069639233755218
1430357931619454985,negative,0.014430540618385643
1430357931908816903,negative,0.09729157803355878
1430357934194712576,negative,0.040698623474074075
1430357943971508229,negative,0.00010237610732065915
1430357946068766726,neutral,0.46127768308170247
1430357946190503937,negative,0.0029267102279289707
1430357946534449152,neutral,0.3385252644667176
1430357947939442688,negative,0.027171753197808207
1430357949386481666,negative,0.1674996204041829
1430357949638119426,negative,0.012500913808854701
1430357951613657089,negative,0.22025490230766986
1430357952347656193,negative,0.018125393507141385
1430357953077338114,negative,0.29171456123451783
1430357956592377862,negative,1.605763304096781e-07
1430357958098046984,negative,0.04132639809281315
1430357958689316864,negative,0.00015432103586430433
1430357960060985347,negative,0.24051203593247364
1430357960669253633,negative,8.859409381646822e-05
1430357961868709889,negative,0.00031093771297326784
1430357962233630721,negative,0.002109753624569583
1430357964276305921,negative,0.05679014407400947
1430357964460810242,negative,0.18084918872093986
1430357967681966083,negative,0.00492954284404052
1430357970446127110,negative,0.0031854794089107167
1430357971469586434,negative,0.015959851551652054
1430357972748734467,negative,0.02073666137759285
1430357973705048064,negative,0.1017957749767395
1430357973927399425,neutral,0.33001289349221025
1430357974036500485,neutral,0.4595243164363211
1430357974652964867,negative,0.02555029963411535
1430357974938181633,negative,0.0827865154617506
1430357975969923078,negative,6.3974665120126e-09
1430357977064779777,neutral,0.49789225920557484
1430357977131896845,neutral,0.657882367394996
1430357979136610305,negative,0.13473923758586712
1430357979577131017,negative,0.1288925134774278
1430357979883208708,positive,0.7771030251492128
1430357984958418948,negative,1.2119262832224166e-07
1430357985663012866,negative,0.00909335869310267
1430357987466567680,negative,2.008286804634813e-06
1430357988661936134,negative,0.017603833181664207
1430357988661997569,negative,0.17612975799695404
1430357988921987079,neutral,0.5006086376065693
1430357989240844292,negative,0.05539783185973734
1430357989928677378,neutral,0.5006086376065693
1430357990360637445,negative,0.00029528061444126597
1430357991254069249,negative,4.966988738171069e-05
1430357994714370053,negative,0.011199235971232157
1430357999185506305,negative,0.04390679150027188
1430358000464715777,negative,7.379181570523052e-08
1430358002910040064,negative,0.016560343054722725
1430358007741825025,negative,0.19979368532477537
1430358008350093317,negative,3.357391982986529e-06
1430358009386000388,negative,0.15480874163662972
1430358009549672451,negative,0.004761008732647478
1430358010078146570,negative,0.004761008732647478
1430358012640874497,negative,0.002515317722295464
1430358012905017347,negative,0.00046273235202128104
1430358013777416197,negative,3.819530186126065e-05
1430358014075211779,negative,0.059098218817913176
1430358015123853312,negative,0.10459707035993664
1430358015387967496,negative,0.0004605135399333404
1430358020043821064,negative,0.003978692765474671
1430358020702224387,negative,0.010675367367181516
1430358020937207810,negative,0.03156820079324485
1430358021830553602,negative,0.00694418831405497
1430358022128345090,neutral,0.6330861191521205
1430358022358982657,negative,0.03128365296906122
1430358022669291521,negative,9.129672316409522e-08
1430358024015732738,negative,0.004761008732647478
1430358025425010689,negative,0.00016580011140510196
1430358026549174274,negative,0.0003482039264777406
1430358026553335809,negative,0.04703789433834344
1430358026943336449,negative,0.0008683764170862291
1430358027526451203,negative,0.19979368532477537
1430358027635462145,negative,0.1674996204041829
1430358027857797120,neutral,0.43657761184709415
1430358028180676609,negative,1.0642221208794052e-05
1430358028612681733,negative,0.006834859480122911
1430358029095129088,negative,0.00011518489151883235
1430358029233442824,negative,0.31732489718339985
1430358029237641219,negative,0.0001633196879109762
1430358031515201536,negative,0.21139109066500397
1430358034547679234,negative,1.225473433579602e-05
1430358035625615369,negative,0.0005612894962486011
1430358035680137216,negative,1.9605049153991847e-05
1430358036166713344,negative,0.055641924119803565
1430358037550833676,negative,0.03852069322008778
1430358040423841794,negative,0.04237424094130999
1430358041246027779,negative,0.006834859480122911
1430358041673752578,negative,0.0027343385574164457
1430358043234078721,negative,5.05388823270196e-06
1430358044282605570,neutral,0.46790029342103856
1430358046023241732,negative,0.0006389977047754759
1430358046891462657,negative,0.19979368532477537
1430358047290019843,negative,0.0032909879623912535
1430358048221040641,negative,0.0915796991391375
1430358050418868226,negative,0.006834859480122911
1430358052344156167,negative,0.00015432103586430433
1430358052516081664,neutral,0.4737554465528978
1430358053333913600,negative,0.06502943978813519
1430358054202220545,negative,0.004761008732647478
1430358056580403204,negative,0.006456560884198983
1430358056810987522,negative,0.04505628578148248
1430358060699168768,negative,1.0372377649992076e-07
1430358064318799879,negative,0.07806621562641687
1430358064637661187,neutral,0.4595243164363211
1430358064742506501,negative,0.013920742333946357
1430358064822210561,negative,0.04567751103226584
1430358065430372358,negative,0.00011766333026639789
1430358066873126923,negative,0.19979368532477537
1430358070014656518,negative,0.005892614314258304
1430358070182367234,neutral,0.46790029342103856
1430358070220271620,negative,0.004465824849982276
1430358070245330947,negative,4.684920039095453e-06
1430358070350262272,negative,0.0007051763116859052
1430358070513831939,negative,1.2887078175382644e-07
1430358072267055108,negative,0.05226567086749556
1430358072472621057,negative,0.015155991388246729
1430358075819581441,negative,0.003569033570129386
1430358076490719232,negative,3.4436582104639264e-05
1430358078768259075,negative,0.008997042347153492
1430358081125429250,negative,0.011567719258829537
1430358082610208771,negative,0.19979368532477537
1430358083780452354,negative,0.007670561224213359
1430358083855917057,negative,0.03156820079324485
1430358086624202758,neutral,0.4922434542267056
1430358086787686403,negative,0.05045121675664783
1430358089241333762,negative,1.9605049153991847e-05
1430358091040763905,negative,0.24672860520723935
1430358093137842180,negative,0.04649478570068118
1430358093624381449,negative,3.084419161692192e-05
1430358093632770048,negative,0.0002234077615709061
1430358094802993159,negative,0.00031093771297326784
1430358096157806593,negative,1.448362245078706e-07
1430358097386778629,negative,0.19979368532477537
1430358097546076167,neutral,0.41023892186897476
1430358097835483137,negative,0.14708984199844288
1430358097919238147,negative,3.5951312727179893e-07
1430358099441881089,neutral,0.38105933078362125
1430358099500703751,negative,0.00020386840941631864
1430358099542429699,negative,0.00014097578651156182
1430358099941117953,negative,0.004761008732647478
1430358101761343492,negative,0.014035669573749956
1430358103493648385,negative,0.07113875375190062
1430358107461410817,negative,0.029335404591949908
1430358107763392514,negative,0.01090869512701178
1430358108010807302,negative,0.005824007645858287
1430358108027621379,negative,0.004761008732647478
1430358108551876613,negative,0.26205402389485666
1430358109101465602,negative,1.61116122896025e-10
1430358109416009732,negative,0.005753394115811916
1430358110045188099,negative,0.002030685452370504
1430358110598750210,negative,0.006834859480122911
1430358111475445764,negative,0.10459707035993664
1430358112955998209,negative,0.04237424094130999
1430358115359371266,negative,2.610565342542733e-09
1430358116550549510,negative,0.006367173943171785
1430358119486525443,negative,0.19979368532477537
1430358120124100609,negative,1.1342022762392747e-09
1430358122271494147,negative,0.00020386840941631864
1430358124003725316,negative,0.12664828407500592
1430358124834217987,negative,0.0007051763116859052
1430358124981104641,negative,7.409731387220289e-05
1430358125299834882,positive,0.8651618779548107
1430358125417218050,negative,0.0057495020827819454
1430358125652103171,negative,9.129672316409522e-08
1430358127615090690,negative,4.115004394194872e-17
1430358129133375488,negative,3.6891930463984584e-05
1430358129548660741,negative,0.0020694595867765913
1430358131364794373,negative,0.004613919682732198
1430358131415060480,negative,0.20748483689767677
1430358133390594053,negative,2.606297592361269e-07
1430358133545766914,negative,0.10464179132294982
1430358133663277060,negative,0.19979368532477537
1430358137777819648,negative,0.0012350246071391841
1430358137824026625,negative,0.03075860324376236
1430358138641862659,negative,0.2854724493000858
1430358139652780040,negative,0.10057999076286693
1430358139673657354,negative,0.01655022480749108
1430358140059635712,neutral,0.6168050218172463
1430358141179465728,negative,0.0009682405379080594
1430358141229797386,negative,0.05384885330526493
1430358142160887808,negative,0.16604049151238745
1430358144321007616,negative,0.03156820079324485
1430358145038262276,negative,0.03156820079324485
1430358145306660865,negative,0.006367173943171785
1430358146753732611,negative,0.013920742333946357
1430358146866978817,negative,0.274932873275771
1430358148376825858,neutral,0.4521332392864445
1430358148846608387,negative,0.19979368532477537
1430358152592203785,negative,6.014479591269272e-07
1430358152688685056,negative,0.11338910980025738
1430358153644883969,negative,0.10375926036501625
1430358156455157763,negative,2.9481154168767434e-05
1430358156857708547,negative,0.004761008732647478
1430358157189058563,negative,0.002607228194732317
1430358158757834761,negative,0.17988747792951723
1430358159416254475,negative,0.0001316012522783711
1430358159793737730,neutral,0.49789225920557484
1430358160167120905,negative,0.002713919608698519
1430358161249247234,negative,0.00016580011140510196
1430358161630826498,negative,0.00012159038611146789
1430358162343931912,negative,5.734212661553371e-06
1430358164805980160,negative,0.2593643798285498
1430358165535825920,negative,0.09471520891793485
1430358165657370624,neutral,0.584477166109848
1430358165917519878,negative,0.19979368532477537
1430358167712681984,negative,0.15207655933096184
1430358167762919425,negative,2.5522821750169246e-09
1430358169226731521,negative,0.0001698192876953378
1430358170505994241,negative,0.09701018081577242
1430358170627715073,negative,0.007142341535843848
1430358173278474240,neutral,0.5212990816196356
1430358174905810944,negative,0.0005263921642982021
1430358176319299584,negative,0.12262022378352953
1430358176705155078,negative,0.26946072723466363
1430358177556611072,negative,0.002935411137081108
1430358179637043201,negative,0.19979368532477537
1430358179959955457,negative,0.005753394115811916
1430358181243461632,negative,0.05740630167378115
1430358182707163137,negative,1.5072876627702406e-07
1430358183034327041,negative,0.005058954243105916
1430358184112402443,negative,0.00010964373421459348
1430358184552763393,negative,0.2808657038350134
1430358185316126722,negative,0.09701018081577242
1430358188113674245,negative,0.000740516890715759
1430358188885413889,negative,0.19067643314043262
1430358190051536902,negative,0.09942184886734068
1430358191729164293,negative,0.0004845071117046302
1430358192454881282,neutral,0.41023892186897476
1430358195457957892,negative,0.02129124451154466
1430358197244727296,neutral,0.6075419823339475
1430358197735501825,negative,2.1856997924199129e-07
1430358198645575705,negative,0.027609729221257526
1430358199954202626,positive,0.9997294375493886
1430358200138801153,negative,0.05795471580752866
1430358200721739780,negative,0.0009846393695748011
1430358205276856321,negative,2.1104073160766968e-05
1430358207466283010,negative,0.004956466104227377
1430358208439271428,negative,0.00012286834865925063
1430358209441697792,negative,0.0664264764698215
1430358210247020548,negative,9.964864805850292e-05
1430358211228491780,negative,0.02129124451154466
1430358212981690372,negative,0.19979368532477537
1430358213329817605,negative,0.08658879597592531
1430358213350891525,negative,0.021260915855066682
1430358219231203328,negative,0.004161646104909957
1430358219478687745,negative,0.32918501771523695
1430358221189955587,negative,0.005622603398082875
1430358221487812611,neutral,0.5759472000657562
1430358222519652364,negative,0.004956466104227377
1430358223006142464,negative,0.001353972902008619
1430358226789339138,positive,0.8616131806825964
1430358229079502848,negative,2.8221585107700987e-08
1430358230270685186,negative,2.0102799119988846e-07
1430358230736191495,negative,0.00682161936236024
1430358231520448514,negative,1.9605049153991847e-05
1430358233391185923,neutral,0.5810042938205321
1430358234880167938,negative,0.14332774400437603
1430358234901139463,negative,0.18812299635875782
1430358235136077824,negative,0.1713751441633576
1430358235853246464,negative,0.004761008732647478
1430358236343963649,negative,2.536713354941636e-05
1430358237338013706,negative,0.0007370805709155339
1430358238944538625,negative,0.11154443292387338
1430358239229657091,negative,0.03638877322939118
1430358239766515713,neutral,0.3740856656696151
1430358241377148929,negative,1.2119262832224166e-07
1430358243050729475,negative,2.3838790542942346e-13
1430358243214233608,negative,0.00014768033554287343
1430358243251982338,negative,0.1006737026279635
1430358244267106306,negative,9.129672316409522e-08
1430358247567994882,negative,0.0001293471373821907
1430358249577107458,negative,0.08614578230439912
1430358250030051329,negative,0.007583123453892851
1430358250512396288,negative,0.006834859480122911
1430358250663419906,negative,0.002912664424265548
1430358252244570117,neutral,0.49789225920557484
1430358252970184706,negative,0.00012159038611146789
1430358253444247552,negative,0.001241654216690324
1430358254484328449,negative,0.13473923758586712
1430358255050625033,negative,0.02129124451154466
1430358256376074241,negative,7.591131732121595e-07
1430358256816381956,negative,0.01677293716383821
1430358257328136192,negative,1.3525395783912272e-07
1430358259924353027,negative,0.10310227302193009
1430358260679335937,negative,9.369259238456976e-06
1430358262566772742,negative,0.19979368532477537
1430358263095300101,negative,0.05300418911723705
1430358263795789824,negative,0.012431191778843846
1430358265100128256,negative,0.2818158763397953
1430358266857410562,negative,0.006368592194563859
1430358267381833728,negative,0.0020167447119432106
1430358267742523398,negative,0.00015868225611721895
1430358269600706567,negative,0.11569541411739862
1430358270628220938,negative,7.00832368387215e-08
1430358271483854851,negative,0.15094343150584147
1430358273161678856,negative,0.31821399201911765
1430358274180796419,negative,0.00015432103586430433
1430358275565002757,negative,0.19979368532477537
1430358279599820802,negative,1.9605049153991847e-05
1430358280350715905,negative,6.7574537465122735e-06
1430358280547807238,negative,0.01612436368371268
1430358280770052097,negative,0.029076925880228206
1430358281147592705,positive,0.9915363656244783
1430358281638359041,negative,0.18812299635875782
1430358282632196100,neutral,0.6580696364137677
1430358284742139907,negative,0.0009215085800934701
1430358284779802624,negative,0.03156820079324485
1430358285279010822,negative,0.0008697670702847654
1430358285870325763,negative,0.004613919682732198
1430358289661972485,negative,5.4518268812630084e-06
1430358289716596744,negative,0.02387251284677864
1430358291935383554,negative,0.10375926036501625
1430358292698701824,negative,0.0002972057961471961
1430358292711288840,negative,0.004956466104227377
1430358292816175109,negative,0.01119498213345308
1430358295143981061,negative,0.05531301343014099
1430358295827652609,negative,0.028627069859227472
1430358297601875970,negative,0.00011518489151883235
1430358298511953921,negative,0.19979368532477537
1430358299816382464,negative,0.02129124451154466
1430358300172988419,negative,0.00010047169487493576
1430358300789465089,negative,2.606297592361269e-07
1430358302081310729,negative,0.03423563321664491
1430358303922655233,negative,0.1439591053554232
1430358304736301058,negative,0.02129124451154466
1430358305554186242,negative,4.2031356485696995e-10
1430358307974357000,negative,0.10459707035993664
1430358308662153216,negative,0.17285967711175743
1430358309454983178,negative,7.312755436451731e-07
1430358309475917824,neutral,0.4621711339593085
1430358310419636225,negative,0.09810444681855067
1430358310834905097,negative,1.192688001041041e-05
1430358311552040964,negative,0.00016199002008293918
1430358312009273344,negative,0.00011384048836818466
1430358312189665280,negative,0.02129124451154466
1430358317109481476,negative,0.0038773215160286508
1430358320485961729,negative,0.19979368532477537
1430358321329053701,neutral,0.33001289349221025
1430358322822139907,negative,0.10057999076286693
1430358322922893313,negative,0.017589793233056282
1430358323518398468,negative,0.004956466104227377
1430358324596420611,positive,0.7564499908318857
1430358325766537217,negative,0.06487446959500594
1430358327653978113,negative,0.05226567086749556
1430358328220299266,negative,0.012287429747197584
1430358328257941504,negative,0.005444787422193021
1430358329520447491,neutral,0.49789225920557484
1430358330778820611,negative,0.025606385327558677
1430358332536238088,negative,0.0001698192876953378
1430358332980834304,negative,0.18286539113766737
1430358333001773060,negative,0.007693978471768762
1430358333832192003,negative,0.10375926036501625
1430358336193671171,negative,0.1558766455194096
1430358337237905409,negative,8.368745307005556e-07
1430358338001375233,negative,0.07806621562641687
1430358338169184260,negative,0.001429472151206684
1430358338399780865,negative,0.0038773215160286508
1430358342623498243,negative,0.13577295880237883
1430358343286239235,negative,0.0003357787236114092
1430358343411851276,negative,0.03676600924240424
1430358344645107722,negative,0.012431191778843846
1430358345123344388,negative,0.004761008732647478
1430358347455340544,negative,0.32132486267703997
1430358349195972613,negative,0.008100191909313253
1430358350919778305,negative,0.02464761563377913
1430358350961782784,negative,0.03156820079324485
1430358353272782849,negative,0.18795859623648656
1430358354229145601,negative,0.2191579046572315
1430358354413694978,negative,0.18795859623648656
1430358359169982468,negative,0.004761008732647478
1430358359753043974,negative,1.2119262832224166e-07
1430358360612909056,negative,0.012431191778843846
1430358360839401472,negative,0.025738063761756233
1430358363758542854,negative,0.04357963750680851
1430358369181782018,negative,0.19979368532477537
1430358370188500995,neutral,0.33001289349221025
1430358372751138820,negative,0.02129124451154466
1430358372768002048,neutral,0.40695922301435633
1430358376844873731,negative,0.004761008732647478
1430358378996510723,negative,4.38559531940423e-06
1430358379462070274,negative,8.285322638750236e-06
1430358380997120010,negative,0.2503620269031739
1430358381785669640,negative,0.006367173943171785
1430358382741962753,negative,0.28507585929054996
1430358383455088644,negative,0.02129124451154466
1430358384105099265,negative,0.0006511569509197678
1430358385719971859,negative,0.004061721063799349
1430358386261037063,negative,0.021556876161201156
1430358388781821954,negative,0.10375926036501625
1430358390715322371,neutral,0.3870882221309295
1430358393898815495,negative,0.04340333660254713
1430358394674810880,negative,0.011199235971232157
1430358394771230728,negative,0.19979368532477537
1430358395157196806,negative,0.2596835928268371
1430358398185336835,negative,0.10310227302193009
1430358398487388162,negative,0.00028307898766596093
1430358400844636163,negative,0.060217352611350805
1430358401004056577,negative,5.0913186233843575e-06
1430358401805131781,negative,0.18257755894886069
1430358403851894789,negative,0.00035510128491085237
1430358404321656834,negative,4.4173927978500864e-05
1430358405311565828,negative,5.487001049755896e-09
1430358406154657793,negative,0.0005661475203624993
1430358406158761989,negative,0.14072793927301924
1430358406209097735,negative,4.38559531940423e-06
1430358407912038406,negative,0.004288807214333574
1430358408084008966,negative,0.19979368532477537
1430358412328673282,negative,0.02129124451154466
1430358413133942785,negative,0.021779444348456294
1430358413683351557,negative,0.003556846964522331
1430358413704417286,positive,0.6828617483667994
1430358414803226629,negative,0.0020578658157035237
1430358415432421376,negative,0.02129124451154466
1430358417722519552,negative,0.008354029776476845
1430358418116710403,negative,0.03276024959730541
1430358418271899648,negative,0.1006737026279635
1430358418490073092,negative,0.0002456916823241116
1430358418687250435,negative,0.04649478570068118
1430358422009131009,negative,0.00039247719578262445
1430358422877261828,negative,0.02129124451154466
1430358424261365765,neutral,0.4922434542267056
1430358426756988929,negative,0.02129124451154466
1430358427516211200,negative,0.19979368532477537
1430358433748996099,neutral,0.46790029342103856
1430358434109661184,negative,1.9605049153991847e-05
1430358434642341889,negative,0.004956466104227377
1430358437557411841,negative,0.3074402872636826
1430358437733486596,negative,3.2005856181862435e-06
1430358439776202753,negative,0.024893009941815168
1430358441340645379,negative,0.0023503164731814765
1430358441768464388,negative,0.04656809033026498
1430358445539086340,positive,0.8879101802882708
1430358445908275201,negative,0.00033743358695547543
1430358446105407492,negative,3.3224318538841935e-06
1430358446159843335,negative,2.341190641877837e-05
1430358447317557249,negative,1.588253597427915e-05
1430358447632027651,negative,0.2854724493000858
1430358448223526913,negative,0.00016580011140510196
1430358449259532288,negative,0.26946072723466363
1430358449502789635,negative,0.19979368532477537
1430358450689695745,negative,0.0007051763116859052
1430358453109809152,negative,3.671683550234e-11
1430358454649118720,negative,0.0951318021375529
1430358457102835712,negative,0.0021245241372909447
1430358457241247746,negative,0.10745200661540567
1430358457530650625,negative,0.2499904304336832
1430358460646912003,negative,0.06448186343934942
1430358462941130755,negative,0.15480874163662972
1430358466808492033,negative,0.006834859480122911
1430358466993004546,negative,0.000989478039052131
1430358467378823177,negative,2.463980680276039e-05
1430358468591034368,neutral,0.34097398620349306
1430358469127835652,negative,0.0028444521563143078
1430358469442510854,negative,0.19979368532477537
1430358469828358147,negative,0.010328830343348
1430358470566584324,negative,0.11018837518688619
1430358472705679361,negative,0.26946072723466363
1430358473338982402,negative,0.24488685646621283
1430358474995781632,positive,0.9237059732832732
1430358475033530370,negative,0.00016580011140510196
1430358479047430149,positive,0.9696192192517648
1430358480913846275,negative,0.14115751873570312
1430358481832398849,negative,0.004761008732647478
1430358482671357955,negative,1.9216158231985694e-08
1430358483824746502,negative,0.23687904879855218
1430358486991392769,negative,0.0915796991391375
1430358487071088642,negative,0.1439591053554232
1430358492368576521,negative,0.01600018912809608
1430358494390198273,negative,0.0007370805709155339
1430358495858249732,negative,0.00547525714722396
1430358496969740292,negative,0.02129124451154466
1430358500392247301,negative,6.86285842866395e-05
1430358502648786950,negative,8.516667522910684e-05
1430358503156326402,negative,0.27355640405118364
1430358503714181122,negative,2.606297592361269e-07
1430358504624295942,negative,0.015321006609517683
1430358505773584386,negative,0.0009102723163549039
1430358506650095622,negative,1.2119262832224166e-07
1430358506696286211,negative,0.08786737462402619
1430358506968731649,negative,0.0018192213635486233
1430358507098943489,negative,0.09692051537032811
1430358508491481088,negative,0.025738063761756233
1430358508722139136,negative,0.12982548296924024
1430358509409882115,negative,0.05226567086749556
1430358510081019905,negative,0.045536074711771735
1430358510953537541,negative,0.12146426141732296
1430358511628791809,negative,2.341190641877837e-05
1430358512052359169,negative,0.08078297208372837
1430358514929651713,negative,0.025738063761756233
1430358515135156226,negative,0.2878752906022506
1430358515953115149,positive,0.9825457485417114
1430358517228220417,negative,0.06514552054824409
1430358517408583680,negative,0.019938200790002837
1430358518452920323,negative,0.0028444521563143078
1430358519602159620,negative,0.0003030687478954268
1430358520201891842,negative,0.0057495020827819454
1430358523154731012,neutral,0.5579970041633656
1430358523565727746,negative,3.799114615496978e-08
1430358524333371395,negative,0.007693978471768762
1430358524933115907,negative,0.24854555868178266
1430358525365063680,negative,1.9019308111654675e-07
1430358526082392074,negative,0.05226567086749556
1430358526254215169,negative,8.666236706517845e-10
1430358531862106118,negative,0.009356439004570625
1430358532793245697,negative,9.129672316409522e-08
1430358535536222215,neutral,0.3485752753154611
1430358537415401476,negative,0.03156820079324485
1430358537759305738,negative,0.09701018081577242
1430358538652721154,negative,0.03156820079324485
1430358541026701325,negative,5.8531518669118985e-05
1430358541966135300,negative,0.02129124451154466
1430358542331023360,negative,0.04275259259731829
1430358542809063424,negative,0.0009994706965925206
1430358544247820290,negative,0.012236229572262888
1430358544436670467,negative,0.011199235971232157
1430358545086746626,negative,0.00024350566231216166
1430358547913658370,negative,0.0004582039346105092
1430358549536800768,negative,0.0508309681630241
1430358554591039490,negative,4.972564443973495e-06
1430358556616888320,negative,0.230086745115903
1430358558529437697,negative,0.000391769669670353
1430358560245002241,negative,0.0005661475203624993
1430358560924393473,neutral,0.38784888844582677
1430358566049914880,negative,0.0007659251593281836
1430358568407076867,negative,0.1439591053554232
1430358569354989574,negative,1.763564790441965e-05
1430358570319720450,negative,0.15009249410920394
1430358571292692482,negative,0.00012159038611146789
1430358571716333572,negative,0.01090869512701178
1430358577798078465,neutral,0.46790029342103856
1430358584127365131,negative,4.115004394194872e-17
1430358585800892419,negative,0.13198455783039978
1430358589386985474,neutral,0.49789225920557484
1430358591173758982,negative,0.0006292632369037061
1430358592100737027,negative,0.002515317722295464
1430358592377417729,neutral,0.43701890433021195
1430358593061199881,negative,0.08981929967679646
1430358593904197636,negative,0.07164098800550249
1430358594038476804,neutral,0.4922434542267056
1430358596391477251,positive,0.998791011234624
1430358597146447874,negative,0.0002972057961471961
1430358598123671558,negative,0.26946072723466363
1430358598136352771,negative,0.0009065030178654257
1430358598589235201,negative,0.0016611248003877274
1430358599230967820,negative,0.010972168930413796
1430358600048910338,negative,0.04973909323706328
1430358600162107392,negative,0.002413350826074324
1430358600602501121,negative,0.04340333660254713
1430358602292809729,negative,0.006834859480122911
1430358602515103746,neutral,0.422382945770141
1430358603672719361,negative,9.138638914967761e-06
1430358604297740289,neutral,0.49789225920557484
1430358605476372480,neutral,0.6330861191521205
1430358605610561537,negative,0.17639482578731197
1430358606986240002,negative,0.00016650328481743318
1430358608366104584,negative,0.17940822665325554
1430358608487886850,negative,0.02129124451154466
1430358608827592707,negative,0.006057329243983218
1430358610215948291,negative,0.02129124451154466
1430358610404597760,neutral,0.3790065182368744
1430358611029630978,negative,0.002201040956690715
1430358611084066819,negative,0.00021481387105503044
1430358611126063115,negative,0.004761008732647478
1430358612589879304,negative,0.004956466104227377
1430358613885915137,negative,0.01600018912809608
1430358617673326593,negative,0.02129124451154466
1430358617912487942,negative,0.012431191778843846
1430358620974288896,negative,0.00022266195062093795
1430358621439905795,neutral,0.6580696364137677
1430358621641191426,negative,0.022992967464547615
1430358623138586624,neutral,0.6457423802859142
1430358624556158979,negative,0.00010147685351908024
1430358625827098628,negative,0.3128654475350875
1430358625936150530,negative,0.02129124451154466
1430358629123772418,negative,0.00048136007586279864
1430358629299867648,negative,0.00386566360826654
1430358630373773312,negative,0.00606172719422156
1430358630688231425,negative,0.00015630880605110468
1430358632928059397,negative,0.004761008732647478
1430358633204830215,negative,0.030594476182495913
1430358633691238404,negative,0.008178362527209763
1430358634135949315,negative,0.00018972744716519292
1430358636392501250,negative,2.6211466983294634e-05
1430358637567004679,positive,0.7564499908318857
1430358637751545860,neutral,0.46790029342103856
1430358637764087818,negative,8.37516050116795e-05
1430358638149918720,negative,9.342293114661117e-06
1430358640578514947,positive,0.6834153902653147
1430358640662286344,negative,0.13996210047739926
1430358640746188812,negative,0.0028444521563143078
1430358641585098753,negative,0.009442779628368673
1430358642331684872,negative,0.05233056996376635
1430358644001026053,negative,4.38559531940423e-06
1430358644814647296,negative,2.0118924901663543e-07
1430358645179572225,negative,0.0011845947863601688
1430358645670354946,negative,0.1439591053554232
1430358648082026498,negative,2.341190641877837e-05
1430358648140730374,negative,5.083225501841287e-06
1430358648476295170,neutral,0.5583878431609186
1430358648618831875,negative,0.001810184185171783
1430358652565835780,negative,0.06956416830088563
1430358654319013890,negative,0.035216507420281165
1430358654797193216,negative,0.008997042347153492
1430358655212429312,negative,0.0016589356240982883
1430358658785890309,negative,0.012431191778843846
1430358658840416256,negative,1.0506534718645498e-06
1430358660027400194,negative,0.0204599567555194
1430358660320989184,negative,0.03156820079324485
1430358661981896704,negative,0.001106748152862756
1430358663047221248,neutral,0.5829422768092877
1430358663831556098,neutral,0.6134729129183113
1430358666876686336,negative,0.00021609164285626485
1430358671192641536,negative,0.00694418831405497
1430358671670788104,negative,2.8221585107700987e-08
1430358671884705795,negative,0.10792805770107158
1430358675307257858,negative,0.060106081229934494
1430358676930539520,negative,8.926719079482585e-05
1430358677790203905,negative,7.898597501128101e-12
1430358679119933441,negative,0.0019642791128917296
1430358679551873030,negative,2.066134010804656e-05
1430358680063684615,negative,0.27947256640300466
1430358680852127746,negative,2.2979049599727996e-05
1430358682483761153,negative,0.005328854891369374
1430358685692407810,negative,0.26946072723466363
1430358689605636104,negative,0.0005255534203853393
1430358690125819906,negative,1.9605049153991847e-05
1430358691539206151,neutral,0.46127768308170247
1430358693321887747,negative,0.17407462981649394
1430358694508863492,negative,0.12924250780670096
1430358694739513346,neutral,0.4545729117725756
1430358695255416832,negative,0.007876520187612169
1430358696421376006,negative,1.4525949632376575e-06
1430358696748539905,negative,0.00694418831405497
1430358698560524288,negative,1.2119262832224166e-07
1430358699575447552,negative,1.027847960105778e-09
1430358704604471297,negative,0.08786737462402619
1430358705309163521,negative,0.060870625170369286
1430358708752683010,negative,2.43038242412175e-05
1430358711328034821,negative,1.2464271841392297e-07
1430358711831306241,negative,0.001805716603831504
1430358713584525317,negative,0.07250657536302631
1430358717237768192,negative,0.017606555841890498
1430358719125143557,neutral,0.46790029342103856
1430358719817265156,negative,0.06692082588542778
1430358720303689729,negative,1.9605049153991847e-05
1430358720765169666,negative,0.11188022831482987
1430358721922834435,negative,0.004956466104227377
1430358722426150912,neutral,0.3919068391247937
1430358722698747910,negative,6.799634050451946e-08
1430358722816188419,negative,0.08198989193020685
1430358723143344142,negative,0.00937921198621421
1430358726842724352,negative,0.1391747744615934
1430358727354372121,negative,0.011405828484255282
1430358730235912193,negative,0.2503620269031739
1430358730579877888,negative,0.002515317722295464
1430358731406127108,negative,0.01090869512701178
1430358732098228229,negative,0.04237424094130999
1430358735386517505,negative,0.001719272847680771
1430358735415824386,negative,0.13473923758586712
1430358735948591105,negative,7.553661692165112e-06
1430358739165618180,neutral,0.40250087325442185
1430358739824037888,negative,0.02367487615557309
1430358740100911107,neutral,0.33001289349221025
1430358740293722115,negative,0.3212816482713751
1430358740826472454,negative,0.0018553408158144679
1430358741048774659,negative,0.006834859480122911
1430358742231658496,negative,0.002515317722295464
1430358743296925700,negative,3.832821813057719e-05
1430358744836288514,negative,0.0038773215160286508
1430358745134022670,negative,0.11899660633335551
1430358745465462797,negative,0.02387251284677864
1430358745859727361,negative,0.1439591053554232
1430358746241409030,neutral,0.6041229087758901
1430358750947418112,negative,1.5178919442333651e-05
1430358751249321987,negative,0.026024492841013012
1430358752843214858,negative,0.004761008732647478
1430358753086427136,positive,0.9954360962508451
1430358755070390272,negative,0.1439591053554232
1430358758899728384,neutral,0.36923654677216206
1430358758987747328,negative,0.08786737462402619
1430358759142998019,negative,0.025738063761756233
1430358765010817025,neutral,0.5029102714644704
1430358765027663876,negative,0.0008815046480037513
1430358769284919302,negative,0.01119498213345308
1430358770048065539,negative,0.0008587097916589309
1430358770119544834,negative,0.000507151495775713
1430358770786439170,negative,0.0008672823070185117
1430358772808044548,negative,0.01168307841478139
1430358773319733248,negative,0.04132639809281315
1430358775513468930,negative,0.0017850114482822785
1430358775538593792,negative,0.00016580011140510196
1430358777153429506,negative,3.3733738229910596e-05
1430358777971216386,negative,0.09660107912797851
1430358779133153281,negative,0.09701018081577242
1430358780462702594,negative,3.079607745646656e-05
1430358782236889093,negative,0.25900749640080956
1430358782329061377,negative,0.10375926036501625
1430358785953042433,neutral,0.33001289349221025
1430358786280198155,negative,0.08398871527255053
1430358787857256459,negative,0.032338596702826135
1430358789925052419,negative,2.6211466983294634e-05
1430358792361832457,neutral,0.3485752753154611
1430358792433278977,negative,0.32120439742908596
1430358792777175040,negative,0.00263783550122247
1430358794672906240,negative,0.24337671520982512
1430358794815492096,neutral,0.3485752753154611
1430358795335647235,negative,0.09660107912797851
1430358798846332929,negative,0.01600018912809608
1430358799072759810,negative,0.14188711129653592
1430358800557658121,negative,0.0003773808411488047
1430358801253863429,negative,0.02129124451154466
1430358802944167936,negative,0.02129124451154466
1430358803363549184,neutral,0.505992156293523
1430358803661430784,negative,0.09646190987138582
1430358804823162885,negative,0.003978692765474671
1430358805817090051,neutral,0.3485752753154611
1430358806186369031,negative,1.9605049153991847e-05
1430358808254193664,negative,2.0229963961259233e-07
1430358808790974466,negative,0.00964688088603488
1430358809172602881,neutral,0.3485752753154611
1430358810506539008,negative,0.008178362527209763
1430358810959433729,negative,0.0007132322030954408
1430358814897803264,negative,0.15253900981666582
1430358815195664384,negative,7.704359916647502e-07
1430358816902762500,negative,0.004266141935080304
1430358818060386304,negative,1.0372377649992076e-07
1430358818165116930,negative,0.0219589519538638
1430358821944311808,negative,0.017589793233056282
1430358822846189569,negative,0.0010521786799778327
1430358823009726466,neutral,0.46790029342103856
1430358825132040193,negative,0.15632354131613072
1430358828068089861,negative,0.007142341535843848
1430358828349071361,negative,0.02129124451154466
1430358830404313093,negative,0.09069902958815788
1430358831574421508,negative,0.1123542187380721
1430358832358858753,negative,0.034067399101283015
1430358832388190213,negative,0.02129124451154466
1430358833021468672,negative,0.02129124451154466
1430358833428369416,negative,0.00016867838485109336
1430358836888674305,negative,0.008178362527209763
1430358838000107524,negative,0.007876520187612169
1430358838188941317,negative,0.1123542187380721
1430358840575467524,negative,0.024761285366306434
1430358842467049473,negative,0.012431191778843846
1430358843721232385,negative,0.10459707035993664
1430358843788300291,negative,0.0001316012522783711
1430358846011318274,negative,0.006834859480122911
1430358846397091840,negative,4.994368520532384e-05
1430358846468366340,negative,3.4386807470083365e-07
1430358847131045894,negative,0.10330600649973323
1430358849375113224,positive,0.9954360962508451
1430358850184663042,negative,0.014035669573749956
1430358850612473859,negative,0.00023921100395301394
1430358853472985088,negative,0.00023921100395301394
1430358853795844096,negative,9.714526850831676e-05
1430358853863067656,negative,0.00461037215610213
1430358854559207427,negative,0.06290726164708234
1430358854622224388,negative,0.0007276818169580885
1430358854781607937,negative,0.10459707035993664
1430358856056586243,negative,1.275800568594176e-05
1430358857021280261,negative,0.014743846025910718
1430358863346388996,negative,5.645648384289085e-07
1430358863497383943,negative,3.832821813057719e-05
1430358863958609923,neutral,0.49789225920557484
1430358864252350465,negative,0.2854724493000858
1430358864831164419,negative,0.005753394115811916
1430358865107881987,negative,0.003569033570129386
1430358865850290178,negative,0.00022116421794432758
1430358865904771078,negative,0.026857525488898876
1430358866538160128,negative,0.02129124451154466
1430358867838480385,negative,0.004761008732647478
1430358868647895042,negative,0.01600018912809608
1430358869465784322,neutral,0.3794434373490297
1430358869981732865,negative,0.0204599567555194
1430358870136872963,negative,0.15035076305280648
1430358870841511939,negative,0.17407462981649394
1430358872305373186,negative,0.31820487300311295
1430358872666017792,negative,0.0007187608999846849
1430358874452893697,negative,0.17407462981649394
1430358875165888512,negative,0.00492934455869864
1430358876075999234,negative,0.00023921100395301394
1430358876310888449,negative,0.09660107912797851
1430358876319277062,negative,0.001767185363358066
1430358880152850433,negative,2.341190641877837e-05
1430358884011626498,negative,0.02129124451154466
1430358885894959108,neutral,0.46790029342103856
1430358887346196481,negative,0.001805716603831504
1430358888331743232,negative,0.029392393706453985
1430358890076647431,neutral,0.4538146206303498
1430358890768748544,negative,0.016315384333260022
1430358891850838018,negative,0.003733886055330773
1430358892127703044,negative,0.00023921100395301394
1430358893419433986,negative,0.034067399101283015
1430358896351252480,negative,0.060106081229934494
1430358897437642755,negative,5.626012719569892e-05
1430358898020536320,negative,0.0012734681424526394
1430358898381307908,negative,0.02129124451154466
1430358898461057025,neutral,0.3577886120340064
1430358899237003265,negative,0.02086594186491789
1430358900600188932,negative,0.0204599567555194
1430358903028686849,negative,0.0010825791702351328
1430358903150190592,negative,0.18838537420837353
1430358904236560384,negative,0.015321006609517683
1430358906564317193,negative,0.24337671520982512
1430358907919159304,negative,0.062276715192795325
1430358908066009088,negative,0.004761008732647478
1430358910226116614,negative,0.0024513056632993035
1430358910834257926,negative,0.0009402005819485963
1430358915187888132,negative,0.007176791971353284
1430358916098142213,negative,0.12262022378352953
1430358917348044800,negative,0.00012286834865925063
1430358920271437829,negative,2.7577036237272044e-05
1430358920883748867,negative,2.3743809338116833e-07
1430358922049867783,negative,0.0010521786799778327
1430358923429638157,negative,0.0003773808411488047
1430358923542876164,negative,1.9605049153991847e-05
1430358925854003203,negative,0.01090869512701178
1430358926638436357,negative,0.0009065030178654257
1430358927779278853,negative,0.00694418831405497
1430358927951155202,negative,0.048819879721295124
1430358928525828097,negative,0.00023921100395301394
1430358928978759686,negative,0.001565777328229362
1430358929641517057,negative,0.09000317731526603
1430358934712463360,negative,0.06033021674765311
1430358934859223040,negative,0.020675450248593307
1430358936604102659,negative,0.00023921100395301394
1430358937732325376,negative,2.6717962854835927e-05
1430358937778462724,negative,0.02129124451154466
1430358940764758026,negative,3.991022639001297e-06
1430358942316515342,neutral,0.46790029342103856
1430358943801516035,negative,1.366657841169882e-06
1430358944174813194,negative,0.13955197072246517
1430358948444577794,negative,0.01600018912809608
1430358949228859405,negative,0.13996210047739926
1430358950252367875,negative,0.004488403532543922
1430358950956969984,negative,3.832821813057719e-05
1430358951359561730,negative,0.004761008732647478
1430358952005574657,negative,0.17870387551553718
1430358953171509250,negative,0.0920464646029642
1430358955050487811,negative,0.011199235971232157
1430358956812144649,negative,0.014035669573749956
1430358957537775619,negative,0.08683852528798916
1430358958368243715,neutral,0.36063314599347424
1430358959031005187,neutral,0.6486425011625336
1430358959655882762,negative,2.536713354941636e-05
1430358960486420483,neutral,0.49789225920557484
1430358961602142218,negative,0.010694486277279262
1430358962856210435,negative,0.00024305078141205507
1430358968023470085,negative,0.00014422675641055787
1430358968568885254,negative,0.012431191778843846
1430358969093181443,negative,0.00023921100395301394
1430358970854674440,neutral,0.3780323139865772
1430358970972127238,negative,0.1210203074788408
1430358971953602560,negative,0.010958240913456657
1430358973090353153,negative,0.0008380984244916195
1430358973492994051,negative,0.011887956254572665
1430358973614542849,neutral,0.49789225920557484
1430358973690126338,negative,0.0025649265297868072
1430358975401406464,negative,0.04944995414456298
1430358976881995781,negative,0.06290726164708234
1430358978337378320,negative,0.32132486267703997
1430358978609963010,negative,0.006192374084024573
1430358978731589635,negative,0.0008463731500872914
1430358980493078529,negative,0.1017957749767395
1430358981109764097,negative,0.02129124451154466
1430358981986463747,negative,0.06589923647266555
1430358982447837186,negative,0.290359589975033
1430358983072796675,negative,0.008043410504919983
1430358983823474688,negative,0.1439591053554232
1430358983899066369,negative,0.07046312528960771
1430358985199210499,negative,0.013920742333946357
1430358987283869697,negative,0.25611095771320935
1430358987938177025,negative,2.6310073483855333e-05
1430358988529577989,positive,0.9825457485417114
1430358989594931201,negative,0.0003773808411488047
1430358989963997191,neutral,0.5136446707795853
1430358990198804481,positive,0.8305737099447997
1430358993223004167,negative,0.13603123056420108
1430358994334461958,negative,1.0492506525249567e-05
1430358995232034817,negative,0.15480874163662972
1430358995894738945,negative,0.2454867282959764
1430358996364369920,negative,0.2568734093092453
1430358999531233283,negative,0.01090869512701178
1430358999875084288,neutral,0.36063314599347424
1430359001225646080,negative,5.5327389846326804e-05
1430359002886676484,positive,0.8782749835826478
1430359003213795329,negative,1.2119262832224166e-07
1430359004639809539,negative,0.0002456916823241116
1430359015180095488,negative,0.011199235971232157
1430359015247261697,negative,0.00024289256043873845
1430359017520521217,negative,0.0007229893543185766
1430359018342690817,negative,3.167461033280088e-06
1430359018422345737,negative,0.0024513056632993035
1430359018862690304,negative,1.112507172708316e-09
1430359019651280899,negative,0.17870387551553718
1430359021597257730,negative,0.0769108261437461
1430359023044501505,negative,0.17870387551553718
1430359025007296514,negative,0.0022685092967434537
1430359025040887816,negative,0.02086594186491789
1430359028828356616,negative,0.03156820079324485
1430359029445013507,negative,1.2119262832224166e-07
1430359029633667077,negative,0.19183871800402985
1430359029923160073,negative,0.05033101887334679
1430359030749450241,negative,0.0002194444323932981
1430359032439660545,neutral,0.37874993579954885
1430359032792064003,negative,0.03156820079324485
1430359033647673345,negative,0.00023921100395301394
1430359038940831749,negative,0.06698615290368484
1430359040345972737,negative,0.2878752906022506
1430359043571425281,negative,0.022282132490253168
1430359044951318529,negative,0.0015354184309969315
1430359047325290502,negative,0.011448924975571501
1430359047937605633,negative,0.02387251284677864
1430359048185073670,negative,0.004956466104227377
1430359048541593601,negative,0.004761008732647478
1430359050416447495,negative,0.000420963736551344
1430359050819092480,negative,0.02086594186491789
1430359052618448899,negative,0.13541980242266793
1430359054296158209,negative,0.030801474397248868
1430359054677856258,negative,0.10330600649973323
1430359055097270276,neutral,0.49789225920557484
1430359055378391040,negative,0.10498143044748331
1430359058482147330,negative,0.001767185363358066
1430359058872209416,negative,0.2420184444329279
1430359060545736704,negative,0.00031093771297326784
1430359063150448642,negative,1.522004475432232e-05
1430359063322312708,negative,0.0021596617302553547
1430359064400351233,negative,0.0023141779702323313
1430359067483156483,negative,0.00035510128491085237
1430359068435169283,neutral,0.37002545336859716
1430359069882294274,negative,0.025851243071567224
1430359071362719745,negative,0.018606454693368836
1430359072252088322,neutral,0.4914050079065631
1430359075372642304,negative,0.0006648101627369067
1430359076689563657,negative,0.004761008732647478
1430359079185170442,negative,0.0002859689840749903
1430359079923326977,negative,0.024781562884851154
1430359080670015492,negative,0.001106748152862756
1430359083010469890,negative,0.004761008732647478
1430359083027152899,negative,0.004761008732647478
1430359083127918599,negative,1.3561747389519635e-08
1430359084385980418,positive,0.7522863047839539
1430359085413720074,negative,2.750465962368072e-05
1430359092531445760,negative,2.606297592361269e-07
1430359092598562818,neutral,0.49789225920557484
1430359093567541248,neutral,0.5027646538510618
1430359093839941632,negative,0.2754104732179606
1430359094460919810,negative,0.0008130764788052987
1430359095786328070,negative,0.3231774527521787
1430359097065476096,negative,1.588253597427915e-05
1430359099984723969,negative,0.005922839413487036
1430359100571934730,negative,0.0038773215160286508
1430359102253944835,negative,0.2051086520866142
1430359103617048577,negative,0.02052347346532011
1430359105726730242,negative,0.08479509384772364
1430359106041356289,negative,0.0021019907046039656
1430359106393673731,neutral,0.505992156293523
1430359106729164802,neutral,0.49789225920557484
1430359107807195139,negative,0.05034892779981422
1430359108050378754,negative,0.12900261973274643
1430359109858103302,negative,1.1427010921495333e-09
1430359110764179462,negative,0.0001396376580809671
1430359114564214788,negative,0.00043516131474121897
1430359115667320838,negative,0.08078297208372837
1430359115830865923,negative,1.9605049153991847e-05
1430359116258725888,negative,0.013747368414358233
1430359117214932993,negative,1.9605049153991847e-05
1430359117584084995,negative,0.3006403786005674
1430359118225739776,negative,0.2569741482298208
1430359120083701763,negative,0.014314816637298599
1430359120906002435,negative,0.0009994706965925206
1430359121212190722,negative,0.006916378598814445
1430359122562719745,negative,0.017464782334691703
1430359123422498821,negative,0.053262113956319634
1430359123523158019,negative,0.23192854404652644
1430359126417330181,negative,0.02129124451154466
1430359126966771715,negative,0.31463247202358396
1430359128015310854,negative,0.0010673375102603273
1430359129634312192,positive,0.9782855454789735
1430359135074271235,negative,0.02555029963411535
1430359136135520256,negative,3.3733738229910596e-05
1430359137116901376,neutral,0.37874993579954885
1430359139193081860,negative,0.0036999244973096794
1430359140887666692,negative,0.0003395753036986716
1430359141726494723,negative,0.00011518489151883235
1430359141856514048,negative,0.014309908255898394
1430359142208884739,negative,0.015120639228396135
1430359143932522502,negative,0.007142341535843848
1430359144750587904,negative,0.006367173943171785
1430359146130411520,negative,0.0007807063029936024
1430359147049070602,negative,0.001009212605748698
1430359147405524994,negative,0.003569033570129386
1430359147506241539,negative,0.10459707035993664
1430359148328329216,positive,0.8385696101353163
1430359148739375107,negative,7.585387408527513e-06
1430359149955670025,negative,0.005444787422193021
1430359149989269504,negative,0.20922497462904255
1430359152665243651,neutral,0.5810042938205321
1430359153881518084,negative,0.1439591053554232
1430359153919287299,negative,0.0002456916823241116
1430359154716196864,negative,0.002874528822599138
1430359154938585095,negative,0.185134041586808
1430359155634757633,negative,0.0008683764170862291
1430359156612022273,negative,7.753316500335028e-05
1430359158277251072,negative,0.12316041632971715
1430359159157952515,positive,0.8583506420623949
1430359159338319878,negative,0.01352230426087841
1430359160030437379,negative,0.00031093771297326784
1430359163314614275,negative,0.1439591053554232
1430359163775987712,negative,0.05226567086749556
1430359164560236544,negative,0.12957774918871592
1430359165868953600,negative,0.2110997285120256
1430359167219474433,negative,0.010984204816483666
1430359167970201605,negative,0.007340843685279207
1430359169455034370,negative,0.002698192440556149
1430359169991856128,negative,0.011199235971232157
1430359172877594629,negative,0.05864878090876936
1430359174270095360,negative,0.030976229582349208
1430359175847194628,negative,0.00023921100395301394
1430359176698552322,negative,0.0002730439054644564
1430359176874795012,negative,0.021779444348456294
1430359177944240133,negative,2.3743809338116833e-07
1430359178212687876,negative,0.0014827157647100046
1430359178275655680,neutral,0.5027646538510618
1430359178321616896,negative,9.129672316409522e-08
1430359179571703814,negative,0.04297545230832187
1430359179664011275,negative,2.6211466983294634e-05
1430359183019413515,negative,2.2526316985254334e-06
1430359185800241163,negative,8.666236706517845e-10
1430359186777559040,negative,0.004761008732647478
1430359190342602756,negative,0.0850995059834973
1430359190346866691,negative,0.19422719395006569
1430359190439084037,negative,0.034221280423998524
1430359193018589190,negative,1.3230535064994916e-05
1430359194201468933,negative,0.0005201787068160111
1430359195006742533,negative,0.0005661475203624993
1430359196860620806,negative,0.02129124451154466
1430359198542536711,neutral,0.5755436691302463
1430359199649865733,negative,0.02086594186491789
1430359200388067331,negative,0.034221280423998524
1430359200803262464,neutral,0.49796428651992986
1430359201327587336,negative,0.00260091818016547
1430359201482690562,negative,0.02129124451154466
1430359201721851907,negative,0.10395619680739443
1430359204338995203,negative,0.00023921100395301394
1430359204712390656,negative,0.010492548215711918
1430359205215674373,negative,1.2426455877858237e-05
1430359205265936386,negative,0.01441588257726234
1430359206067122177,positive,0.7074556060582539
1430359207245713411,negative,8.666236706517845e-10
1430359207673483270,negative,0.02387251284677864
1430359207950393344,negative,0.034221280423998524
1430359208420118528,negative,0.06502943978813519
1430359209959374851,neutral,0.49789225920557484
1430359210093596675,negative,0.3231774527521787
1430359210215231493,negative,0.0204599567555194
1430359210248785923,negative,9.019524490342408e-05
1430359210546634753,negative,0.02129124451154466
1430359210743713799,negative,0.004167972661659502
1430359210982744064,negative,0.0030050361174263317
1430359211003682817,negative,0.3209144706389814
1430359211058286598,negative,0.0045667837709331685
1430359211142172674,negative,0.0004922117876576162
1430359212278927362,negative,0.034221280423998524
1430359212496875523,negative,0.03156820079324485
1430359212874403842,positive,0.9506777883972952
1430359212903866372,negative,2.341190641877837e-05
1430359215156219906,negative,1.2119262832224166e-07
1430359216057950213,negative,0.014035669573749956
1430359216061964288,negative,0.014314816637298599
1430359216754200578,negative,0.004761008732647478
1430359217899245571,negative,0.034221280423998524
1430359218163421184,negative,0.034221280423998524
1430359218679332865,negative,0.03916319011025483
1430359222651396097,negative,0.0204599567555194
1430359223930662912,negative,0.00023921100395301394
1430359225583251456,negative,1.1427010921495333e-09
1430359225633476611,neutral,0.44707712117680115
1430359225969090569,neutral,0.4491074967411677
1430359226514300940,negative,0.31203983969044696
1430359229483954181,negative,0.034221280423998524
1430359229584613379,negative,0.006834859480122911
1430359231404908547,negative,0.0634792268365865
1430359231518105601,negative,0.2301917679834784
1430359232579358726,negative,0.02129124451154466
1430359233980248064,negative,0.15480874163662972
1430359234315685888,neutral,0.570013949869456
1430359234839990276,negative,0.008755534357849785
1430359234848374790,neutral,0.6330861191521205
1430359234894565377,negative,0.0029667572049315895
1430359235334860800,negative,0.05226567086749556
1430359236735811588,negative,0.007142341535843848
1430359237373333509,negative,0.04649478570068118
1430359239395090432,negative,0.001429472151206684
1430359242440159237,negative,4.593323593297028e-06
1430359245107736577,negative,0.01600018912809608
1430359246277861381,negative,0.00010147685351908024
1430359246860849157,neutral,0.46790029342103856
1430359247754235909,negative,0.02917343326557972
1430359248634990594,negative,0.001987272579384373
1430359249427832835,neutral,0.4483848019819936
1430359249520107520,positive,0.7393617578898023
1430359250782457857,negative,0.14622202404401774
1430359253173288962,negative,0.00038418567990784427
1430359257720004613,negative,0.02129124451154466
1430359261868068864,negative,0.06803852969405345
1430359262262448135,negative,0.0005527385557087878
1430359263126429697,negative,0.034221280423998524
1430359263755575296,negative,0.004761008732647478
1430359264409886723,negative,0.11855547067628665
1430359265030594561,negative,4.1949006297278706e-06
1430359265504595980,negative,0.002600417286627254
1430359266095947780,negative,0.02086594186491789
1430359266846593029,negative,0.007142341535843848
1430359267173879808,negative,1.2119262832224166e-07
1430359268369313792,negative,0.0015723409043622656
1430359271812833282,negative,0.016285815487562683
1430359272718802950,negative,2.8375904283437297e-05
1430359273268154368,negative,0.015134313807107835
1430359273322782720,negative,0.006263189277345239
1430359273373044748,negative,0.01600018912809608
1430359273465339908,negative,3.6159802738437693e-07
1430359274274934785,negative,0.034221280423998524
1430359275013087235,negative,2.0913983096511787e-06
1430359275784871936,negative,0.016410853386730335
1430359277756162058,negative,0.0008007525917740928
1430359277810720770,negative,0.00019105794270021188
1430359279215775747,negative,0.002698192440556149
1430359280285360135,neutral,0.33893982095732217
1430359282420260864,neutral,0.3316237944332614
1430359282424459267,negative,0.2826470565130941
1430359282432757762,negative,0.02746800393896937
1430359282432847873,negative,0.029088216816597068
1430359282512449537,negative,0.0006708735903742817
1430359282537701376,negative,7.302598946455641e-06
1430359283728793602,negative,0.09182830616535034
1430359285448466434,negative,0.0008311580615111023
1430359285612089346,negative,0.2012552501579978
1430359286551547912,negative,0.015618147196664003
1430359286752894978,negative,0.23568651887278078
1430359286803226630,negative,1.780817018371679e-08
1430359287285563396,negative,0.002688575779948614
1430359287398871045,negative,0.015522924846393333
1430359287730032642,neutral,0.4914050079065631
1430359288317300736,negative,0.12089291468399595
1430359289613410308,negative,2.43038242412175e-05
1430359290506665993,neutral,0.46790029342103856
1430359290519429126,negative,1.0492506525249567e-05
1430359290674618371,negative,0.04188910392770957
1430359293472219144,negative,0.004761008732647478
1430359293610663939,negative,0.1017957749767395
1430359294944456706,negative,0.0029282911755075867
1430359295888183297,negative,5.87249188881054e-06
1430359296286601216,negative,0.002515317722295464
1430359296622071810,negative,0.0016323074965782917
1430359296982888454,negative,0.00015432103586430433
1430359297364566016,positive,0.9695599804435501
1430359299029495808,negative,0.02086594186491789
1430359302561222656,negative,0.01886823860662019
1430359304415203332,neutral,0.5538041992135994
1430359304641593345,negative,0.00013159306443956712
1430359304998166535,negative,0.04275259259731829
1430359305627348992,negative,0.04975415241564185
1430359305979629574,negative,2.606297592361269e-07
1430359307997126659,negative,0.034221280423998524
1430359313214853120,negative,0.004483779876628375
1430359313390899200,negative,0.004613919682732198
1430359313474850818,negative,0.017464782334691703
1430359316029116417,negative,2.1416496248025802e-05
1430359320336769027,negative,0.007783019627908067
1430359320433242114,negative,0.31203983969044696
1430359322815516674,negative,1.2372563451807764e-16
1430359323356565505,negative,0.012845852671461211
1430359324900139009,negative,0.044821058923929194
1430359326749831169,negative,0.004761008732647478
1430359327668416514,negative,0.02129124451154466
1430359328226267142,negative,0.021426361256391396
1430359328897261568,negative,0.012431191778843846
1430359328951881732,negative,0.20922497462904255
1430359329362821120,negative,0.013093599971698658
1430359331929825281,negative,0.0014332493716771293
1430359332114341893,negative,0.0004144199595682149
1430359332554788866,negative,2.341190641877837e-05
1430359332567277573,negative,0.00023921100395301394
1430359334467350530,negative,1.7236158383780456e-06
1430359335117459458,negative,0.02129124451154466
1430359344894431233,negative,0.003769348965153501
1430359345368272900,negative,0.14416543970357
1430359347977150467,negative,0.000516588836948297
1430359348069511170,negative,2.996286883165384e-06
1430359348925059073,negative,0.24543024726538154
1430359349365460996,negative,2.6384427914844886e-17
1430359351265464321,negative,0.19497095972710524
1430359352674766853,negative,0.006437552770425797
1430359352901357576,negative,0.09873200309035098
1430359355191345159,negative,0.1439591053554232
1430359355245965313,negative,0.23721754540003537
1430359355992457216,negative,0.015387178845023412
1430359358127452168,positive,0.7140480445823882
1430359358689382405,negative,1.2119262832224166e-07
1430359361315131396,negative,9.129672316409522e-08
1430359365568147457,negative,0.02288748313353338
1430359367245778944,negative,0.00496932724330706
1430359367321366529,negative,0.0002243248110719653
1430359370278244354,negative,0.0017922159252092044
1430359370961936389,negative,0.28946687489069084
1430359371784101891,negative,0.00023921100395301394
1430359373713494024,negative,1.5072876627702406e-07
1430359375550550018,negative,0.02129124451154466
1430359376792104960,negative,0.2745512644137985
1430359377442181124,negative,8.151548590482193e-06
1430359377534402560,negative,0.004761008732647478
1430359377714761730,negative,0.31121387558152264
1430359378629177349,neutral,0.49789225920557484
1430359378905939969,negative,0.02387251284677864
1430359380025823238,negative,0.00010147685351908024
1430359380956958720,negative,0.006834859480122911
1430359381628104710,negative,5.351618721018236e-09
1430359382135644161,negative,1.4525949632376575e-06
1430359383331024900,negative,2.341190641877837e-05
1430359383431655424,negative,0.00023921100395301394
1430359383880474628,negative,0.034221280423998524
1430359386514362368,negative,0.25586668668829027
1430359389177880576,negative,0.014309908255898394
1430359389387558915,negative,4.1986078523894543e-11
1430359390788411394,negative,0.0074810368669066705
1430359391044317187,negative,0.06587149774794201
1430359391069483008,negative,0.034221280423998524
1430359394533974017,negative,0.034221280423998524
1430359394978615297,neutral,0.42464489087492435
1430359396870246401,negative,0.001106748152862756
1430359397612523525,negative,4.156728573768798e-08
1430359397713199104,negative,0.00027323964629394023
1430359398610784261,negative,1.2887078175382644e-07
1430359401249091585,negative,0.06080638108198499
1430359401592934401,negative,0.003569033570129386
1430359401781731331,negative,0.012431191778843846
1430359403027439621,negative,0.00017898519199472266
1430359404558356489,negative,0.17086975657595793
1430359405095174144,negative,0.007035043494091631
1430359405967577094,negative,0.24051203593247364
1430359406152196097,negative,0.0008380984244916195
1430359408974905345,negative,0.24113866016461852
1430359412103843848,negative,0.00018619511581893753
1430359413412569093,neutral,0.6128222418386957
1430359413697785862,negative,1.588253597427915e-05
1430359414066790406,negative,0.019250823546273554
1430359416365330435,negative,2.463980680276039e-05
1430359417267048453,negative,0.10330600649973323
1430359420974817281,neutral,0.6330861191521205
1430359423583727618,negative,0.01606911042395008
1430359425370497025,negative,0.06303498727718625
1430359425970282497,negative,0.02129124451154466
1430359426737840132,negative,0.01090869512701178
1430359427845087234,negative,0.15253900981666582
1430359428226760705,neutral,0.33271013273596123
1430359430743437312,negative,8.151548590482193e-06
1430359431993249795,negative,0.03156820079324485
1430359432152633344,negative,0.02129124451154466
1430359433020907520,negative,0.0012734681424526394
1430359433452851202,negative,0.00028223075863041485
1430359433457115138,negative,0.15480874163662972
1430359433889128452,neutral,0.6330861191521205
1430359435805855749,negative,0.28946687489069084
1430359438561513478,negative,0.00694418831405497
1430359439022907396,negative,0.0002770165469976033
1430359439270465539,neutral,0.41539665137696885
1430359440696483845,negative,0.04328239379345741
1430359441770258436,neutral,0.38213499656954647
1430359441979887617,negative,0.0003098203787842289
1430359444299333637,negative,0.0005942568767432192
1430359444790071298,negative,0.00023921100395301394
1430359444831969282,negative,0.0016433462705375123
1430359448879452165,negative,0.0006911834245006714
1430359449114402816,negative,0.11907802663645639
1430359450343419904,negative,0.01600018912809608
1430359450553044992,positive,0.782429480926014
1430359452910292992,negative,0.014161464855668245
1430359453233258496,negative,0.03156820079324485
1430359454155952128,negative,0.008178362527209763
1430359454353174530,negative,0.025490725642079177
1430359454873227273,negative,0.0016564344634988418
1430359455280074759,negative,0.03156820079324485
1430359458056712192,negative,0.20922497462904255
1430359460631953409,negative,0.16350763179106068
1430359462569725957,negative,0.0005612894962486011
1430359463819612160,negative,0.09701018081577242
1430359464113164289,negative,2.0169702210848175e-10
1430359465744904197,neutral,0.49789225920557484
1430359466109767686,negative,0.0038773215160286508
1430359467820871688,negative,1.5072876627702406e-07
1430359468328374275,negative,7.202590653915243e-07
1430359468869656579,negative,0.13473923758586712
1430359471952367617,negative,0.0057216171388569
1430359472204025856,negative,0.004865556483206167
1430359473231650823,negative,0.01923566961202204
1430359475102310402,negative,0.004761008732647478
1430359476490604545,negative,0.009020043437000495
1430359477895716864,negative,8.101890327673777e-05
1430359480252960776,negative,0.0003030687478954268
1430359481917972482,negative,0.07185302409454353
1430359483700686850,negative,0.0014280114281124971
1430359485445545986,negative,0.08121569339974741
1430359490193465344,negative,0.26946072723466363
1430359490621329410,neutral,0.410328290964901
1430359490784866306,negative,0.0005904406475897695
1430359491653025796,negative,0.0013469556969364354
1430359493423112193,negative,0.04086090699460609
1430359493913849856,negative,1.9263467839391798e-05
1430359494941462528,negative,1.2119262832224166e-07
1430359495209897985,negative,0.0002456916823241116
1430359495549538306,negative,0.08764594168337655
1430359495750950915,negative,9.129672316409522e-08
1430359497705508864,negative,1.2119262832224166e-07
1430359498120744964,negative,0.03986982981015964
1430359498850439173,negative,0.2503620269031739
1430359498951041032,negative,4.994368520532384e-05
1430359501954244608,negative,1.2119262832224166e-07
1430359503237648389,negative,0.021779444348456294
1430359504529633282,negative,3.4338542513180297e-07
1430359504902885378,negative,0.004761008732647478
1430359509030080515,negative,0.00023921100395301394
1430359510686867456,negative,4.593323593297028e-06
1430359510758080516,negative,0.28946687489069084
1430359511064358912,negative,0.06029888826499388
1430359512112840706,negative,0.04206448612903139
1430359512494575616,negative,0.00025007241196849296
1430359513052426241,negative,0.05639127900501011
1430359515078221829,negative,0.005753394115811916
1430359518274260994,negative,0.12896296580518657
1430359518613934080,negative,0.07613870137387588
1430359519087976448,negative,9.129672316409522e-08
1430359521696825351,negative,0.02299883631843831
1430359521793347595,negative,0.02129124451154466
1430359524091760640,negative,0.11416083942319363
1430359524976865283,negative,0.2055190354504369
1430359525471752195,negative,0.23785562265645344
1430359525534703618,neutral,0.49789225920557484
1430359526797160452,negative,2.8221585107700987e-08
1430359530852999170,negative,0.010948194140260584
1430359534342639622,negative,0.00010841013401255566
1430359535869382658,negative,0.0038773215160286508
1430359536293003265,negative,0.13754018320648967
1430359537186398210,negative,0.034221280423998524
1430359538528571392,negative,0.2503620269031739
1430359538763550721,negative,1.0007529057952364e-06
1430359538918625280,negative,5.406742829230974e-07
1430359540529307655,negative,0.22402729083092895
1430359544128057346,negative,7.338890041902456e-08
1430359544241090561,negative,0.24337671520982512
1430359544497049600,negative,1.9605049153991847e-05
1430359545033932803,neutral,0.49789225920557484
1430359545331818501,negative,0.0005969621064603974
1430359545369534467,positive,0.956361387872341
1430359546355228673,positive,0.956361387872341
1430359548267802624,negative,0.00023921100395301394
1430359548624359427,negative,1.588253597427915e-05
1430359549693792263,negative,3.6183200726087437e-10
1430359550301917187,negative,0.24337671520982512
1430359550553645059,negative,0.2055190354504369
1430359550788472839,negative,0.24337671520982512
1430359551878914049,negative,1.6241615239140334e-08
1430359552743116800,negative,0.015332662056161976
1430359553372209153,negative,0.02129124451154466
1430359553867227140,positive,0.9928383225623696
1430359555293257729,negative,0.042652972284301774
1430359557222637569,negative,0.02152398831284686
1430359557344309250,neutral,0.39639359820864506
1430359558061535233,negative,0.02129124451154466
1430359558338252800,negative,0.034221280423998524
1430359559370014722,negative,0.2808657038350134
1430359560368369667,negative,0.00010855534148044819
1430359561916067848,neutral,0.5810042938205321
1430359564273262594,negative,0.12545324951875553
1430359564441067522,negative,0.00013618817641366702
1430359567146397703,neutral,0.3513657052325162
1430359568144547841,negative,0.00020386840941631864
1430359569734176768,neutral,0.6330861191521205
1430359571000958985,neutral,0.39436542316695894
1430359572926111746,negative,0.15480874163662972
1430359574494728194,negative,2.7122210639672586e-06
1430359576176734211,negative,0.004956466104227377
1430359576940097536,negative,0.10310227302193009
1430359581071400961,negative,0.12664828407500592
1430359581344030720,negative,0.10811182508044676
1430359583277522946,positive,0.9915363656244783
1430359584221315078,negative,0.11049818605763509
1430359584544370691,negative,0.004761008732647478
1430359588159856642,negative,0.004626160047001565
1430359588608659456,negative,0.004429040684013014
1430359589178933250,negative,0.05166903590226124
1430359589610872835,negative,0.04448897444247323
1430359589720051714,negative,0.012537253413884404
1430359590516969473,negative,0.0025818100657247853
1430359591125196800,positive,0.9253975424772902
1430359594774286336,negative,0.18365058092086112
1430359597378904070,negative,0.004585529868601676
1430359597555007489,neutral,0.49789225920557484
1430359599102705668,negative,0.015155991388246729
1430359599635382277,negative,0.0008463731500872914
1430359601904558086,negative,0.1334988785168511
1430359603024384009,negative,0.0018721063285433155
1430359603649290244,negative,0.005109594920068716
1430359603955568644,negative,2.3449553272763225e-05
1430359604068769792,negative,0.04223582756577018
1430359606635765764,negative,0.006834859480122911
1430359607701090304,neutral,0.47121563234185837
1430359610431574029,negative,4.9663367066424736e-05
1430359611094220801,negative,0.06803852969405345
1430359612889444355,negative,0.25511865431336306
1430359614743322627,negative,0.00023921100395301394
1430359619591942148,positive,0.9854075970598126
1430359620376305667,negative,4.35571278106222e-07
1430359621726871556,negative,0.2731328752017121
1430359627846279169,negative,0.034067399101283015
1430359628509028353,negative,0.0011705350659215602
1430359629486333953,negative,0.028619849508929356
1430359630136360963,negative,0.01418955412452842
1430359632074231810,negative,8.186549315801497e-06
1430359632346849282,negative,0.006534612465105475
1430359633516978178,negative,0.0003875109795573849
1430359635064676359,negative,0.07641825906743083
1430359636960546823,neutral,0.44716644701401714
1430359640227917826,negative,0.05226567086749556
1430359641326768128,negative,0.012431191778843846
1430359642773786625,negative,0.034221280423998524
1430359644350844934,negative,0.0057495020827819454
1430359646150270980,negative,0.034221280423998524
1430359646775267330,negative,5.6749087938764616e-05
1430359648058724355,negative,0.00027323964629394023
1430359648360665089,negative,1.1427010921495333e-09
1430359648507412483,negative,0.04942063498762631
1430359649803542540,negative,0.10764772861635613
1430359652672307202,negative,0.11416083942319363
1430359654308016130,negative,0.013003264633793013
1430359654362660868,negative,1.9605049153991847e-05
1430359654668935170,negative,0.28946687489069084
1430359655583191053,negative,0.034221280423998524
1430359657290338306,negative,0.030368827575261353
1430359657403518978,negative,0.007142341535843848
1430359657684602881,negative,0.17870387551553718
1430359657953038337,negative,0.002068483832182924
1430359659890855938,negative,0.0009102723163549039
1430359660276719617,negative,0.004089095350337872
1430359660524032002,negative,0.06029888826499388
1430359662843645954,negative,0.15169800549987125
1430359662910525444,negative,0.2808657038350134
1430359666459041794,negative,0.034221280423998524
1430359667360862217,negative,0.00014880858525467974
1430359667423711235,negative,0.02129124451154466
1430359667440562177,negative,0.0018385908308272665
1430359668728139779,negative,0.005753394115811916
1430359669080535041,negative,0.15480874163662972
1430359671857192962,negative,0.013920742333946357
1430359674168221706,negative,0.00018972744716519292
1430359676634517509,negative,3.7004900655988185e-07
1430359677024546817,negative,0.011448924975571501
1430359677779386370,negative,1.214963658502238e-11
1430359679494852613,neutral,0.49789225920557484
1430359679725678602,negative,0.02129124451154466
1430359684653981704,positive,0.9850532779340462
1430359686545559557,negative,4.1910194838198415e-05
1430359691343900672,negative,0.012537253413884404
1430359692698652675,negative,0.019026476618385413
1430359692811902976,negative,0.02110026531913786
1430359694460211200,negative,3.206245520131119e-05
1430359696033128448,negative,2.2700726010303932e-08
1430359697727447043,negative,0.048699558238808
1430359698285465605,negative,1.493872629628645e-11
1430359698579107842,negative,0.00013349135225617943
1430359699266973698,negative,0.17093269947216677
1430359701414465540,negative,0.11062410849909168
1430359704040058882,negative,0.0002456916823241116
1430359707273805824,negative,0.0529705926986775
1430359708704120834,negative,0.023611314791968343
1430359709064826882,negative,0.015169018361493546
1430359709786193920,negative,0.0011705350659215602
1430359710159581191,negative,0.17093269947216677
1430359710742552577,negative,0.0634792268365865
1430359711501754373,negative,0.00018994025858456225
1430359712613212162,neutral,0.49789225920557484
1430359712684519426,negative,0.00015868225611721895
1430359712898355202,negative,0.07806621562641687
1430359713305219073,negative,0.08938801292258397
1430359715075268610,neutral,0.5313907728631232
1430359715305992197,negative,0.017006280271516964
1430359716052541440,negative,0.08427287859422461
1430359716224544776,negative,0.01090869512701178
1430359717369552908,negative,0.012431191778843846
1430359718426468358,negative,0.0004761843429714767
1430359719194005505,negative,0.20795074196199897
1430359719424798720,neutral,0.44707712117680115
1430359721475776512,neutral,0.34390760743775584
1430359723942031361,neutral,0.410328290964901
1430359724000751625,negative,0.2780824020619182
1430359724810244098,negative,0.0028403661852773
1430359726286462976,negative,0.0006072519923404105
1430359726307545093,negative,0.16102345038352844
1430359726349602823,negative,0.03423563321664491
1430359729621151751,negative,2.536713354941636e-05
1430359731328192512,negative,0.1201437730793021
1430359732347445255,negative,0.00016580011140510196
1430359734125740032,negative,0.308199125160694
1430359735690223616,neutral,0.46790029342103856
1430359737535717381,neutral,0.47150986089180386
1430359739070828549,negative,3.981426868928377e-05
1430359740014551041,negative,0.00027323964629394023
1430359740769525765,neutral,0.404965996556804
1430359741864321028,negative,6.711869355299703e-08
1430359743193833486,negative,0.0006368242857656567
1430359743428796416,negative,0.004865556483206167
1430359743864967171,negative,0.10459707035993664
1430359743978147840,negative,0.05481462195959274
1430359745995677697,negative,1.2204785889949153e-05
1430359746314489864,negative,0.2313856462053577
1430359747824431105,negative,0.17093269947216677
1430359750110285824,negative,0.016598058087275467
1430359754510114820,neutral,0.3907150271102346
1430359754891829249,negative,0.14737175068646227
1430359755135062016,negative,0.15480874163662972
1430359755269328896,negative,0.017603003064972252
1430359756342841345,negative,3.6972269945214447e-06
1430359756770844675,negative,0.17407462981649394
1430359760109543425,negative,6.585610457083393e-07
1430359760885501959,negative,0.02129124451154466
1430359761518800900,negative,0.3074402872636826
1430359764316340230,negative,0.002688575779948614
1430359764630913033,negative,0.004761008732647478
1430359766669434885,negative,0.007815315841820526
1430359767629828096,negative,0.0005588337881807149
1430359768409939971,negative,0.016742260698355067
1430359768573505536,negative,0.15480874163662972
1430359769836146690,negative,0.01600018912809608
1430359769878081537,negative,3.690318036630231e-07
1430359770163204098,positive,0.8937791242896963
1430359771681640451,negative,0.001918036413091375
1430359775120871435,negative,0.004761008732647478
1430359776404418562,negative,0.0010562105222526057
1430359776836345858,negative,0.0014357340655133668
1430359777385795590,negative,0.00023430815911436773
1430359777423593474,negative,0.004165811924199189
1430359778476318726,negative,0.02119705132309346
1430359780183379971,neutral,0.5027646538510618
1430359780485382146,negative,0.006834859480122911
1430359781617770501,negative,1.1238940634454665e-05
1430359781705932809,negative,0.0071741187537828184
1430359782620282892,negative,0.001408447776250425
1430359783018803201,negative,0.007845355709383701
1430359788228067334,negative,2.8893255043895036e-10
1430359791340118016,negative,0.18812299635875782
1430359793831657472,negative,0.00020386840941631864
1430359794804723721,negative,0.2854724493000858
1430359796121755649,negative,0.00029591038783458094
1430359796298010624,negative,0.012431191778843846
1430359796629360640,negative,0.0008683764170862291
1430359797472403456,negative,0.15480874163662972
1430359798638424072,negative,7.5576574177852e-05
1430359798726414338,negative,1.2119262832224166e-07
1430359798839713795,negative,0.049030608417274385
1430359799988895744,negative,0.31203983969044696
1430359800362242051,negative,0.1201437730793021
1430359800366440455,positive,0.9958037959945447
1430359801981243401,negative,0.04488659870294837
1430359802476077060,negative,0.16056749921342056
1430359802631360514,negative,4.964601596351999e-11
1430359803835129860,negative,0.0302397397736727
1430359805877624836,negative,0.1439591053554232
1430359809384144896,negative,0.01090869512701178
1430359812618047488,negative,0.0012734681424526394
1430359816401211393,negative,0.01532642783807508
1430359818322186249,negative,0.001805716603831504
1430359820989837312,negative,0.24255465253666142
1430359821539229704,negative,0.001429472151206684
1430359821656678404,negative,3.124376641687979e-06
1430359821837119489,negative,2.3381298770952087e-11
1430359822298406913,negative,0.004761008732647478
1430359824433393669,negative,4.011747478493686e-09
1430359829583962114,negative,0.00012286834865925063
1430359830250856450,negative,0.021080473418843036
1430359830926139395,negative,0.004761008732647478
1430359832088006659,neutral,0.46790029342103856
1430359832121561091,negative,0.10459707035993664
1430359834361204739,negative,0.15107186804337608
1430359836391268353,neutral,0.5589504241308579
1430359836810694659,negative,0.004961332164177251
1430359836936519684,negative,0.004761008732647478
1430359837477687302,negative,0.08624714492631153
1430359840094834689,negative,0.03156820079324485
1430359844113027074,negative,0.0003773808411488047
1430359844641546245,negative,9.369259238456976e-06
1430359844863754244,neutral,0.49789225920557484
1430359847015370753,negative,0.00016064523853962924
1430359851016900610,negative,0.02129124451154466
1430359851419455491,negative,0.006814409172972847
1430359852686233601,negative,7.910436505363378e-13
1430359853868929027,negative,0.090081854946555
1430359855890681858,negative,0.02129124451154466
1430359858142924800,negative,0.008178362527209763
1430359859413856259,negative,1.1427010921495333e-09
1430359863759101954,negative,9.129672316409522e-08
1430359864165949442,negative,0.0010804519682834836
1430359865214611456,negative,0.0415164032997716
1430359865562701826,negative,0.011199235971232157
1430359867391463432,negative,0.2557840326729794
1430359868448428036,negative,0.002688575779948614
1430359869043974147,negative,9.714526850831676e-05
1430359872604880896,negative,0.02129124451154466
1430359873095667715,negative,0.034221280423998524
1430359873343066113,negative,0.03156820079324485
1430359873590542336,negative,0.14956780288665786
1430359874689449993,negative,0.242552982885465
1430359874865561602,negative,3.191507328219296e-05
1430359876023226376,negative,0.00014657854317752644
1430359876987928580,negative,0.0014309191715520938
1430359881370931201,negative,0.00016166850283643472
1430359882071527424,positive,0.9999941132459935
1430359882461589507,negative,0.0013947795082477875
1430359883166232576,negative,0.0032080223767754525
1430359883371712515,negative,0.10281233894295454
1430359883715694594,negative,5.487001049755896e-09
1430359884105666563,negative,0.0038748569777162763
1430359886022447106,negative,2.324828314739273e-08
1430359886282596358,negative,0.0010980893473191797
1430359888862105603,negative,0.1439591053554232
1430359890728562688,negative,0.09702258226798822
1430359893198901254,negative,0.18030869052485674
1430359893211590657,negative,0.00019836351810244513
1430359893416898569,negative,0.0011582717654338049
1430359895367356416,negative,0.034221280423998524
1430359896248229888,negative,0.031189660571931472
1430359897363947520,negative,6.318200409595442e-05
1430359897791553540,negative,0.05201299561515297
1430359899192573958,negative,9.3800811314322e-06
1430359899553341445,negative,0.004761008732647478
1430359902577434625,negative,0.056477053014479715
1430359905479892992,negative,0.0350230363077749
1430359905534369798,negative,0.0034637541977218284
1430359906792660996,negative,0.008564516524943045
1430359908298407944,negative,0.00033224465618093515
1430359914359271436,negative,0.0006777850154489253
1430359914489294850,negative,1.2119262832224166e-07
1430359914548015105,negative,0.00694418831405497
1430359916066258944,negative,0.06823385696986897
1430359916225650691,negative,1.5146031790288962e-05
1430359917077176320,negative,0.034201601947555296
1430359918230581248,negative,0.008700050252895905
1430359918910054401,neutral,0.3550074368827947
1430359919438487554,negative,2.661404971092999e-05
1430359921229451266,neutral,0.4595243164363211
1430359922324168705,neutral,0.473857968409677
1430359923582504967,negative,0.010492548215711918
1430359923880235009,positive,0.6729231361002389
1430359926912716809,negative,0.024423788450838035
1430359932243750913,negative,0.05041099607523539
1430359933346779137,neutral,0.5495922250151081
1430359934525493250,negative,0.0014280114281124971
1430359937880887298,negative,0.00038418567990784427
1430359938803671047,negative,0.003763575464895396
1430359941903171588,neutral,0.636221608744915
1430359942591090694,negative,0.07885845847426003
1430359943400542208,negative,0.2808657038350134
1430359944445022212,negative,0.029598037114041426
1430359945799733250,negative,0.10330600649973323
1430359946349223941,negative,0.00020386840941631864
1430359946701463552,negative,0.05570022141258265
1430359949469646862,neutral,0.49789225920557484
1430359949507432451,negative,0.12146426141732296
1430359949650145280,negative,0.02129124451154466
1430359953076887552,negative,0.2656488959585403
1430359953601093641,negative,2.43038242412175e-05
1430359954515443718,negative,0.012076430756340802
1430359954913992714,negative,0.10239738796346165
1430359961725460483,negative,0.0019624783970502704
1430359962081914882,negative,0.0043694561009586155
1430359962925113348,negative,0.0029667572049315895
1430359964732829699,negative,6.186039652040395e-05
1430359965068316672,positive,0.9999941132459935
1430359965160546304,negative,0.005753394115811916
1430359965190041600,neutral,0.49789225920557484
1430359965307478018,negative,0.09660107912797851
1430359966297243648,negative,0.012221028592727931
1430359966444048388,negative,0.0011705350659215602
1430359966649667585,positive,0.8483659274781746
1430359966800560130,negative,0.003897149439889738
1430359968616697858,negative,0.02129124451154466
1430359969011048454,negative,0.00571313037473452
1430359969426202625,negative,0.012431191778843846
1430359969447268353,negative,0.008478662331669069
1430359970147672064,negative,0.0014332493716771293
1430359974203514881,negative,6.339835156308746e-07
1430359974652387328,negative,0.002847328855822407
1430359976904728578,negative,1.2952479338165935e-05
1430359978368552961,negative,0.057998744808116294
1430359978372702210,negative,0.00016953035525988858
1430359982743097346,negative,0.006437552770425797
1430359984408236033,negative,3.49600484956439e-05
1430359985679110148,negative,0.00035240359230924787
1430359986094362628,negative,0.07409688281480067
1430359986132164616,negative,0.00033459661023529236
1430359987122016259,negative,0.21534839837192463
1430359987184885762,positive,0.6995573922173245
1430359989789540352,negative,0.040698623474074075
1430359991396052996,negative,2.3227524504575775e-05
1430359992897527810,negative,5.956644131438375e-05
1430359994441076736,negative,0.185134041586808
1430359995464495105,negative,2.8089388445089162e-05
1430359997314224130,negative,9.129672316409522e-08
1430359998027243522,negative,0.0008815046480037513
1430359998106898432,negative,0.11416083942319363
1430360001189711875,negative,0.00017717276282597664
1430360008458395657,negative,0.2503620269031739
1430360010903654401,negative,1.2887078175382644e-07
1430360012522622980,negative,4.156959148029331e-10
1430360013235757056,negative,0.0011134207670139315
1430360014531743746,negative,0.022992967464547615
1430360014892507137,negative,0.02010038082387979
1430360015320358915,negative,0.05362504645246674
1430360018239565825,negative,0.02129124451154466
1430360022211563520,negative,0.00022842366684284942
1430360023117484036,neutral,0.4922434542267056
1430360027450204160,negative,0.1439591053554232
1430360029471838208,negative,0.2499904304336832
1430360030319157249,negative,0.0021731782478572074
1430360030654746624,negative,0.014035669573749956
1430360032030384131,positive,0.9970371900584261
1430360032097542146,negative,0.00023921100395301394
1430360038531637248,negative,2.1104073160766968e-05
1430360038737055744,negative,0.07412903169407278
1430360039873785861,negative,0.00887954944321639
1430360043845730307,negative,0.14251047088029564
1430360047834513409,negative,0.01919527013441678
1430360048937603072,negative,1.1883887434727723e-05
1430360049499742209,negative,0.10310227302193009
1430360049730342913,negative,0.32687675711941294
1430360050737029123,negative,0.00023921100395301394
1430360050929913858,negative,0.2970434957990187
1430360054528622596,negative,2.5495731644903055e-05
1430360056781025280,neutral,0.4191112503239035
1430360056864903171,negative,0.01600018912809608
1430360056948793345,negative,0.004761008732647478
1430360058391564294,neutral,0.6580696364137677
1430360059096281090,negative,0.011968827199124454
1430360059800739845,negative,6.639370177028377e-14
1430360060396544001,negative,0.00015432103586430433
1430360061126144005,negative,0.07631380216136517
1430360061759696898,negative,0.15231928405098735
1430360062162350085,negative,1.0372377649992076e-07
1430360062300762117,negative,0.00024105235083387878
1430360062397227012,negative,0.012537253413884404
1430360068575346693,neutral,0.46790029342103856
1430360069099692041,negative,6.338204508480782e-08
1430360071205175297,neutral,0.3907150271102346
1430360071821746176,negative,0.21948954821318722
1430360072941719554,negative,0.26545944637530294
1430360077672792068,negative,2.603130792703112e-06
1430360078184484868,negative,0.02746800393896937
1430360078285217797,negative,0.13344421146369737
1430360079707090944,negative,0.1006737026279635
1430360080109686785,negative,0.004497015959210788
1430360083146416129,negative,9.074969132904617e-06
1430360084266246146,negative,0.0038773215160286508
1430360085017071619,negative,0.01600018912809608
1430360089710501897,negative,0.02129124451154466
1430360089878224898,neutral,0.5027646538510618
1430360090897534977,neutral,0.49789225920557484
1430360093506383882,negative,0.001984100303720455
1430360095595114499,negative,1.1203531463611336e-05
1430360095771271169,negative,0.034221280423998524
1430360098333921282,negative,0.008228561234537685
1430360101676720129,negative,0.01655022480749108
1430360101701947393,negative,0.05226567086749556
1430360102754783232,negative,0.004541932974515283
1430360103040004102,negative,0.0002430882976163404
1430360104956743680,negative,0.08145853128628226
1430360108266049545,negative,0.03030529608509046
1430360108672950275,neutral,0.48728019602140255
1430360109176213505,negative,0.01090869512701178
1430360113383157760,negative,0.02129124451154466
1430360114213625858,negative,8.762752382895803e-05
1430360117367672835,negative,0.00394848991798037
1430360118391197703,negative,0.00015868225611721895
1430360121008328705,negative,0.02129124451154466
1430360121759178756,negative,3.6195127150928252e-09
1430360122216357896,negative,2.8159363379739343e-08
1430360122375774212,negative,0.00015432103586430433
1430360127262142468,negative,0.02119705132309346
1430360127517958144,negative,0.0002243248110719653
1430360128428158980,negative,0.0004304412952443533
1430360129988284420,negative,9.129672316409522e-08
1430360130181345281,negative,0.0070737115887009525
1430360130546282500,negative,1.1427010921495333e-09
1430360130567249928,negative,0.11768209384550823
1430360131976503299,negative,0.13996210047739926
1430360133100519424,negative,7.689760336631521e-06
1430360135914823687,negative,0.00024904251105430217
1430360137752064004,negative,0.005753394115811916
1430360138456633345,negative,0.0002430882976163404
1430360138586730497,negative,0.04237424094130999
1430360141443084288,negative,0.0020694595867765913
1430360141816291328,negative,0.0736057735188893
1430360143485624324,negative,0.022940269238562568
1430360144425234432,negative,0.02129124451154466
1430360147575066627,negative,0.006319374218477889
1430360147889635329,negative,0.31820487300311295
1430360148434989059,neutral,0.46790029342103856
1430360149756153861,negative,0.0028521593806129526
1430360150402027524,negative,0.001635996704604056
1430360150582439938,negative,0.14384775271232128
1430360151324864519,negative,1.2119262832224166e-07
1430360155988926464,negative,1.2119262832224166e-07
1430360158924939267,negative,0.02129124451154466
1430360160338391041,neutral,0.4531203531379969
1430360160606765058,negative,0.0015456906536016125
1430360161240199178,negative,0.00020386840941631864
1430360162221559811,negative,0.007986083778013237
1430360163207241730,negative,1.2119262832224166e-07
1430360163467239431,negative,0.006223131272214074
1430360164872359942,negative,2.562879639729004e-09
1430360164960460801,negative,4.35571278106222e-07
1430360165711237125,negative,3.1755093479230694e-05
1430360166789259267,neutral,0.46790029342103856
1430360167770730499,negative,0.00048136007586279864
1430360169611935745,negative,0.0007715145304916965
1430360170455080962,negative,0.03156820079324485
1430360172627730432,negative,0.00013485930466917322
1430360173663621121,negative,0.2503620269031739
1430360176134172679,negative,2.9325682039736068e-08
1430360176465481731,negative,0.020203971716678225
1430360180131352578,negative,0.053262113956319634
1430360181418954753,negative,1.3924927194419867e-05
1430360182467579905,negative,0.0004162536490050244
1430360183922958337,negative,0.10459707035993664
1430360185772576771,negative,9.129672316409522e-08
1430360185915199495,negative,0.00023611260180888267
1430360186447859714,neutral,0.45538477848394343
1430360187009912832,negative,2.1210876469195434e-05
1430360187974651904,negative,1.992466042793819e-07
1430360191699148801,negative,0.0022801519519628265
1430360191703437312,negative,0.06589923647266555
1430360192554881030,negative,0.0905078595392865
1430360196916957185,negative,0.0007144715726372404
1430360198720409603,negative,0.11109166953451294
1430360199483768834,negative,0.23785562265645344
1430360200737918976,negative,9.197197750545857e-09
1430360202885406723,negative,0.0002421581960814967
1430360204600913924,negative,0.030992648444193978
1430360205334913027,positive,0.9633894245446962
1430360205662081024,negative,0.12896296580518657
1430360208505778179,negative,0.021080473418843036
1430360211517329408,positive,0.724598827498128
1430360213429886981,negative,1.1402163032107529e-12
1430360213643796480,negative,0.01399269422291043
1430360214574931972,negative,4.115004394194872e-17
1430360221134860298,negative,0.17093269947216677
1430360221277380608,negative,2.178387108237753e-06
1430360221654962186,negative,0.02457183885497591
1430360222225338372,negative,0.13045659556635178
1430360222736977920,negative,0.0016323074965782917
1430360225563955207,negative,0.005753394115811916
1430360226096631810,negative,0.014035669573749956
1430360226671341571,negative,0.08462513146154245
1430360230739668996,negative,0.00020386840941631864
1430360230861414412,negative,6.3974665120126e-09
1430360232778256398,negative,0.02129124451154466
1430360233277366273,neutral,0.547723817299082
1430360234837557254,negative,0.034221280423998524
1430360235449864198,negative,2.2501619078281474e-08
1430360235676418048,negative,0.021080473418843036
1430360237844963332,negative,0.10375926036501625
1430360238042066947,negative,0.08895320776196618
1430360238637596672,negative,0.1439591053554232
1430360238813810691,negative,0.015321006609517683
1430360238981537794,negative,0.02129124451154466
1430360242995466245,negative,0.1558607593285687
1430360243838533637,negative,0.02129124451154466
1430360243947687938,negative,0.006834859480122911
1430360245587558402,negative,0.0006753407391467162
1430360245927399426,negative,0.09493694016010701
1430360249899360259,negative,0.13473923758586712
1430360252168515586,negative,0.004757739033063769
1430360254173302784,negative,0.00714274621365546
1430360258518601729,negative,0.004056433865921301
1430360258807992320,negative,0.014035669573749956
1430360259206520836,negative,0.00012159038611146789
1430360260783509513,negative,0.006834859480122911
1430360261282738179,negative,5.5661199910571435e-06
1430360261433696256,negative,0.00016580011140510196
1430360262641688579,negative,4.741978891532216e-06
1430360262683631622,negative,0.03451114382769224
1430360262775918592,negative,1.1427010921495333e-09
1430360263899947011,negative,1.9605049153991847e-05
1430360264915005440,negative,0.06803852969405345
1430360266907299844,negative,1.2119262832224166e-07
1430360267096006658,negative,0.3227552543795102
1430360267175702531,negative,0.1439591053554232
1430360268110958599,negative,0.1006737026279635
1430360269042167812,neutral,0.5157160252739631
1430360270023577600,negative,0.0042501698915886135
1430360272229781508,negative,0.0033427363138843593
1430360273647546374,negative,0.00011380547675572646
1430360275186761728,negative,0.10375926036501625
1430360279829958662,negative,0.00012714319150202845
1430360280115015686,negative,0.007337950715561118
1430360280333266949,neutral,0.42741195910620017
1430360280945631234,negative,0.006814409172972847
1430360281432174593,neutral,0.3794241075037804
1430360281717293065,negative,0.004956466104227377
1430360281876664323,negative,4.247628611018723e-05
1430360283109728262,negative,0.0015550444308144297
1430360284850446337,negative,0.00010841013401255566
1430360287216115716,negative,0.0002421581960814967
1430360289225105413,negative,0.05226567086749556
1430360290206568452,negative,0.14899818415974497
1430360290454130697,negative,0.006834859480122911
1430360290776977410,negative,0.002935411137081108
1430360291917795337,negative,0.04745383535194946
1430360293700427782,negative,0.0002456916823241116
1430360294958714882,negative,9.019524490342408e-05
1430360296296755200,negative,0.16368671281213215
1430360297420713987,negative,0.2808657038350134
1430360298347581440,negative,0.2808657038350134
1430360298356051970,negative,0.2808657038350134
1430360298494455810,neutral,0.49789225920557484
1430360298750414852,negative,0.09493694016010701
1430360299517976579,negative,0.03156820079324485
1430360300398817284,negative,0.003906623992600206
1430360300994375681,negative,0.02129124451154466
1430360301736632325,negative,0.0012772814659433173
1430360302885949442,negative,0.15923746489342874
1430360302969921544,negative,0.0009065030178654257
1430360305301917702,negative,4.194733001299048e-05
1430360305993981952,negative,0.05828203535877212
1430360306799288321,negative,0.15136942760459324
1430360307566891009,negative,0.0038773215160286508
1430360308850249729,negative,4.792653407301371e-06
1430360309777281026,negative,5.2291779337344366e-08
1430360311488462848,negative,0.05339734552867293
1430360312994226179,negative,0.01090869512701178
1430360313015197697,negative,0.03154073830310668
1430360314994962443,negative,0.10310227302193009
1430360315791826947,negative,0.0009065030178654257
1430360315825426437,negative,6.201940209230157e-06
1430360316517490691,negative,0.09701018081577242
1430360316546887684,negative,0.000954478868336979
1430360317876375555,negative,0.0025818100657247853
1430360321873612809,negative,6.041704189156593e-06
1430360321907216397,negative,0.007960595570211245
1430360322582384640,negative,9.286126532595224e-07
1430360324423700480,neutral,0.49789225920557484
1430360327045226497,negative,3.124376641687979e-06
1430360327045238791,negative,5.05388823270196e-06
1430360327313629186,negative,9.588663405439513e-10
1430360328014028803,negative,0.02129124451154466
1430360328295133188,negative,0.08917286848381235
1430360333139513344,neutral,0.37793792365477535
1430360334292996096,positive,0.9946422513530734
1430360334636916739,negative,0.05034892779981422
1430360334783717380,negative,0.007250035138941875
1430360335903461379,negative,0.016427448126362078
1430360338709483524,negative,0.09493694016010701
1430360343595737088,negative,0.002515317722295464
1430360343923077121,neutral,0.4307183874968668
1430360344040517634,negative,1.9605049153991847e-05
1430360345076506624,neutral,0.46790029342103856
1430360348322828291,negative,0.019200155864368018
1430360348377423880,negative,0.0014827157647100046
1430360348922728451,negative,0.06843816666837593
1430360349446836224,negative,0.004488547553924341
1430360349564456966,negative,0.11154443292387338
1430360349967069191,negative,2.0913983096511787e-06
1430360351938433028,negative,0.00027323964629394023
1430360354933051400,negative,0.03156820079324485
1430360358611529728,negative,6.184455986660886e-07
1430360358808657922,negative,0.17801099735366724
1430360360855482371,negative,0.13771408682560282
1430360362608730112,negative,0.011956471674303635
1430360363174932481,negative,5.600413760941586e-07
1430360369747406852,negative,0.1006737026279635
1430360370091282445,negative,0.00023921100395301394
1430360370330353667,negative,1.2119262832224166e-07
1430360371697700864,negative,0.006542461467163807
1430360371869765639,negative,6.033256262865059e-06
1430360371915902977,negative,0.10200120282426811
1430360372364644353,negative,0.09493694016010701
1430360376160423943,negative,0.01890847775300281
1430360376256786434,negative,0.034221280423998524
1430360377620041740,negative,0.06432956402644219
1430360377657856010,negative,0.02129124451154466
1430360378509340679,negative,0.003628496849507303
1430360380229001216,negative,0.0005700459510788234
1430360380434440194,neutral,0.33001289349221025
1430360380585480194,neutral,0.33250898620914887
1430360383324295178,neutral,0.46790029342103856
1430360386105221120,negative,0.025726104425478666
1430360391423508487,negative,0.13045659556635178
1430360391821971457,negative,0.02129124451154466
1430360392606404609,negative,0.03156820079324485
1430360396142153734,negative,0.011058550356932664
1430360396725202951,negative,0.09493694016010701
1430360396809097220,negative,0.2745512644137985
1430360397027160064,neutral,0.4898631585877994
1430360397174001664,negative,1.5286060553042876e-06
1430360398600056832,negative,0.00013618817641366702
1430360401355628553,negative,0.009020043437000495
1430360401687027713,negative,9.129672316409522e-08
1430360404488867843,negative,0.00019836351810244513
1430360405738725377,negative,0.034067399101283015
1430360407554789377,negative,0.10310227302193009
1430360409891090432,neutral,0.5293700225891195
1430360410272772097,negative,0.02746800393896937
1430360410788704256,neutral,0.4521332392864445
1430360413221367809,negative,0.0005635464617575359
1430360414282555394,negative,3.1373369216177386e-05
1430360415305863174,negative,0.004761008732647478
1430360415628939267,negative,1.1034668799049961e-08
1430360417130459136,negative,0.2503620269031739
1430360419491663876,negative,0.00015432103586430433
1430360419617619968,negative,0.015959851551652054
1430360422322954240,negative,0.11010733587872092
1430360423883317249,negative,0.09493694016010701
1430360424000675841,negative,1.9605049153991847e-05
1430360424483106817,negative,0.004956466104227377
1430360425598799879,negative,0.0601429696669607
1430360426890530818,negative,0.05226567086749556
1430360428861960195,negative,0.006919724893476904
1430360430183124996,negative,0.008997042347153492
1430360430870945795,negative,0.280492838475767
1430360432708132874,negative,0.00022139536355017054
1430360433647628298,negative,7.285949567249468e-06
1430360434020950019,negative,5.487001049755896e-09
1430360434658394115,negative,2.0665998081650505e-10
1430360435543400449,negative,1.2204785889949153e-05
1430360435665084423,negative,0.17459457495271352
1430360435778277380,positive,0.6922538435107274
1430360436235460608,negative,0.1993218759725585
1430360436537495560,negative,8.186549315801497e-06
1430360436772327425,negative,0.04649478570068118
1430360438949269504,negative,0.08786737462402619
1430360441809784833,negative,1.2119262832224166e-07
1430360442917040131,positive,0.9915363656244783
1430360443227459588,negative,0.0071741187537828184
1430360444074606598,neutral,0.4178029394679977
1430360445999882242,negative,0.07250657536302631
1430360450319933444,negative,0.1201437730793021
1430360450944978946,negative,4.892142024828959e-06
1430360451657912321,negative,1.2119262832224166e-07
1430360451657965571,negative,0.07613870137387588
1430360451880296449,negative,1.2119262832224166e-07
1430360453251833858,negative,0.09493694016010701
1430360456401674240,negative,0.005753394115811916
1430360457811009536,negative,0.09493694016010701
1430360458972835842,negative,0.04328239379345741
1430360458989539331,negative,0.04435973972959143
1430360460272996357,negative,0.03126848849105296
1430360460956737539,neutral,0.5150281055856243
1430360461321641990,neutral,0.37186591212131864
1430360461745197057,neutral,0.49789225920557484
1430360464643534850,negative,0.011199235971232157
1430360464794562562,neutral,0.46790029342103856
1430360471920652291,negative,0.0002972057961471961
1430360472226865161,negative,0.006367173943171785
1430360472767942657,neutral,0.6108412217611656
1430360473266884608,neutral,0.3318228626708164
1430360474894356482,negative,3.45765887612767e-07
1430360478413475848,negative,0.04237424094130999
1430360478858027009,negative,0.09493694016010701
1430360480003018756,negative,0.0008578661746579549
1430360480007196675,negative,9.129672316409522e-08
1430360480728731657,negative,0.0018721063285433155
1430360482104418307,neutral,0.38105933078362125
1430360482892943364,negative,0.06029888826499388
1430360482918109186,negative,0.015332662056161976
1430360483052335113,negative,4.38559531940423e-06
1430360483740192768,neutral,0.4922434542267056
1430360486286143489,negative,0.20978120937129813
1430360488018329601,positive,0.9970371900584261
1430360491004731394,neutral,0.4673421615500572
1430360491810041859,negative,0.12545629875969805
1430360495912067075,negative,0.01119498213345308
1430360497044533256,neutral,0.49789225920557484
1430360497082220546,negative,0.15208955421534598
1430360498621583361,negative,0.09729157803355878
1430360498684538882,negative,4.272842356162674e-05
1430360503457615878,neutral,0.46127768308170247
1430360506372608002,negative,0.00031093771297326784
1430360509455478787,negative,3.865630349471445e-12
1430360511045120002,negative,0.009533885729232102
1430360511548465159,positive,0.8567768078059305
1430360512387293187,negative,0.09493694016010701
1430360512714452993,negative,1.106580935950896e-06
1430360513624616963,negative,0.02129124451154466
1430360515981811714,negative,0.014077918511371794
1430360516086611969,negative,0.09493694016010701
1430360516271218692,negative,2.8089388445089162e-05
1430360516975812608,negative,0.03835596753954165
1430360518385143809,negative,9.129672316409522e-08
1430360518926143488,negative,0.05926135629524662
1430360521182748676,negative,0.001805716603831504
1430360521312714755,neutral,0.46127768308170247
1430360523690946566,negative,0.11024092296732114
1430360531571933186,positive,0.8907804039710066
1430360531580424194,negative,0.0009828201666839539
1430360531639078913,negative,0.0011705350659215602
1430360531836178440,negative,0.0012381099238781754
1430360533518233600,negative,0.0005661475203624993
1430360534864568327,negative,0.009576278754664892
1430360535321784321,negative,0.11416083942319363
1430360535816495108,negative,2.1231129236695566e-07
1430360538694004742,negative,0.004248567375102819
1430360540900167682,negative,0.04357602486634424
1430360543055986688,neutral,0.5365462078231941
1430360543664164869,negative,0.00026434473300507565
1430360543752335362,negative,0.20474316471998863
1430360543836217346,negative,0.014309908255898394
1430360544138121222,negative,0.00887954944321639
1430360544167567363,negative,0.008478662331669069
1430360545027371008,negative,0.0057495020827819454
1430360547007123458,negative,0.06803852969405345
1430360547833352194,negative,0.10310227302193009
1430360547879309317,negative,0.0004577316860648519
1430360548491866116,negative,0.01090869512701178
1430360548600909826,negative,3.137900931734757e-05
1430360550333161472,negative,0.17285967711175743
1430360550463229955,negative,0.21433185984976652
1430360551071363080,negative,0.044415180691566435
1430360551746641923,negative,0.0001528253531958011
1430360551998246914,neutral,0.41539665137696885
1430360555714486272,negative,0.006747891008095119
1430360556024868868,negative,0.0009657540527583788
1430360556096180224,negative,0.0023700735569737856
1430360559120232448,negative,0.1397111438449016
1430360561473232896,negative,0.028138749716786284
1430360561993330689,negative,0.03156820079324485
1430360563188707334,neutral,0.42741195910620017
1430360564132372484,negative,2.0913983096511787e-06
1430360565269028875,negative,3.817109759926801e-05
1430360566636367877,negative,0.005104701155794898
1430360567387234309,negative,0.00352862689340315
1430360569471635458,negative,0.0007229893543185766
1430360570201579521,negative,0.10110671223720939
1430360571141054468,negative,6.014479591269272e-07
1430360571359072256,negative,0.079185010280157
1430360574282506243,positive,0.9058556076415677
1430360574437826571,negative,0.04223369352184666
1430360574756593669,negative,0.0020167447119432106
1430360575654178820,negative,0.0006911834245006714
1430360578535657475,negative,0.05137776124746916
1430360579940790274,negative,0.0012485583970910034
1430360580003663878,negative,0.10459707035993664
1430360581257711619,neutral,0.33001289349221025
1430360584281862149,negative,9.129672316409522e-08
1430360586311901189,negative,0.0019553104171458773
1430360588429967360,negative,0.09493694016010701
1430360589319168000,negative,0.03989666661998369
1430360589751226377,negative,0.004761008732647478
1430360592678785024,positive,0.8414765749061917
1430360594348191748,negative,7.5576574177852e-05
1430360595329544193,negative,0.011199235971232157
1430360595715526660,negative,0.005753394115811916
1430360596407627788,neutral,0.42826206573439035
1430360601386160134,negative,7.195698284976074e-05
1430360601499508737,negative,4.35571278106222e-07
1430360602342461444,negative,0.0028444521563143078
1430360605811253250,negative,9.129672316409522e-08
1430360607681875977,negative,0.06130696124660647
1430360608331997189,negative,0.004761008732647478
1430360610836029443,negative,0.022570310912675414
1430360611888762881,negative,0.0038773215160286508
1430360612924579849,negative,0.0004745661717790149
1430360615361597440,negative,0.0013284506305273316
1430360615835549696,negative,0.2561507953105828
1430360617320435712,negative,0.31203983969044696
1430360617521762305,negative,0.06856955895540492
1430360618226360322,negative,0.02129124451154466
1430360618456977412,negative,0.002163666029462027
1430360621573230594,negative,4.994368520532384e-05
1430360623347474433,negative,0.006313282636481401
1430360624572387332,negative,0.1608586858831801
1430360624723369984,negative,0.00040324954708481425
1430360625461530631,negative,0.002935411137081108
1430360626417831936,negative,0.08786737462402619
1430360629190316034,negative,0.30949162078289394
1430360633825013760,negative,0.00027169812409505694
1430360635972460551,negative,0.09097565374605593
1430360639441182725,negative,4.35571278106222e-07
1430360639566929926,negative,1.0094245679582965e-06
1430360640120569858,neutral,0.6459567158672359
1430360640284147712,negative,0.02129124451154466
1430360641521520648,negative,0.1439591053554232
1430360641689329664,negative,0.004761008732647478
1430360646881845249,negative,0.024033318512949924
1430360648018538499,negative,0.030992648444193978
1430360648123359233,negative,0.0915796991391375
1430360649184518149,negative,0.04635735315796473
1430360651147403268,negative,1.2119262832224166e-07
1430360651877085187,negative,0.31203983969044696
1430360655195000838,negative,0.01770942562484948
1430360656683933697,negative,0.034221280423998524
1430360656755273734,negative,0.005689463662400632
1430360658277806082,negative,0.011673507395791092
1430360660890857475,negative,0.00023493638143357314
1430360660991426565,negative,0.03423563321664491
1430360661117349889,neutral,0.4917779545600472
1430360661427691520,negative,0.01600018912809608
1430360661528358912,negative,0.02457183885497591
1430360664124661768,negative,0.26049792622984674
1430360664346927105,negative,1.2119262832224166e-07
1430360664384712706,negative,0.0028773218417095887
1430360664594333696,negative,0.0038773215160286508
1430360665567412228,negative,0.002108901759128725
1430360667954024452,negative,3.4242890531105775e-05
1430360669057011717,negative,0.2773896660028028
1430360669610594308,negative,0.019821648586667306
1430360671431143427,negative,1.0270968994382475e-05
1430360671976235013,negative,0.0011552557327962414
1430360672395792384,negative,0.00019836351810244513
1430360673180127236,negative,0.00015868225611721895
1430360675554058242,negative,0.011199235971232157
1430360681031798788,negative,9.129672316409522e-08
1430360681946271746,negative,2.1439556883483094e-07
1430360683141636103,negative,7.195698284976074e-05
1430360684332736515,neutral,0.37601218840039863
1430360684836106242,negative,0.08786737462402619
1430360685846880257,negative,0.010704336243952554
1430360686161547271,negative,0.09701018081577242
1430360686677434372,negative,0.00020386840941631864
1430360690338979844,negative,3.45765887612767e-07
1430360690812915713,negative,0.050789624217064226
1430360691744124930,negative,2.1416496248025802e-05
1430360696286597121,negative,0.10837287675014595
1430360696718569472,negative,1.4151113412076666e-07
1430360697192566787,negative,0.00017895458950049664
1430360697691676676,negative,4.214039714168246e-06
1430360698186608643,negative,0.010592678364378013
1430360698555666436,negative,0.003569033570129386
1430360698744344576,negative,0.05467973177658452
1430360700677812233,negative,0.06353499681727007
1430360701831368704,negative,0.15480874163662972
1430360703148470273,negative,0.04237424094130999
1430360704096382980,negative,0.00023921100395301394
1430360706138976259,negative,0.23772847371748154
1430360706935836684,negative,0.04435973972959143
1430360709372825605,negative,1.6324280771271404e-05
1430360709813186561,negative,8.905500213129744e-07
1430360711394467840,negative,4.8277510324299175e-06
1430360711591563266,negative,2.661404971092999e-05
1430360713420279808,negative,4.17097789954377e-06
1430360716553375751,negative,0.08990434487298875
1430360717165842439,negative,0.005753394115811916
1430360717773922308,negative,0.01600018912809608
1430360718533091330,negative,1.0094245679582965e-06
1430360719946665986,positive,0.792526618196104
1430360722035384323,neutral,0.34097398620349306
1430360722412871684,negative,0.02197494059972115
1430360723889266695,negative,0.011936624695438658
1430360727173406724,negative,0.049778759115917906
1430360727206993925,negative,0.01677293716383821
1430360730780504065,negative,0.004569450948540252
1430360730935693314,negative,0.01090869512701178
1430360731179003905,negative,0.01643650692431863
1430360731610976260,negative,4.994368520532384e-05
1430360732323876864,negative,0.019821648586667306
1430360732634435585,negative,0.001278503335434978
1430360733099905024,negative,0.015489078415320276
1430360734987440128,negative,0.09032302033274024
1430360735075418118,negative,0.09493694016010701
1430360736191111170,negative,0.0046670024987283225
1430360737701142534,negative,0.1006737026279635
1430360738099605511,negative,0.00016580011140510196
1430360740154777601,negative,0.034221280423998524
1430360743485100036,neutral,0.43237614669412644
1430360743589912576,negative,0.2218697316451371
1430360746404220929,positive,0.9954360962508451
1430360751252905993,negative,3.124376641687979e-06
1430360751387168771,negative,0.10310227302193009
1430360752762806275,negative,0.001918036413091375
1430360752792219651,negative,0.00023430815911436773
1430360753127759882,negative,0.17459457495271352
1430360754050551817,negative,0.0002151055303094971
1430360754373464064,negative,1.2307193770692575e-07
1430360754985881602,negative,0.0546231224124181
1430360755183005696,negative,0.02129124451154466
1430360756713779202,positive,0.7374210528254103
1430360757242368002,negative,0.20328186227943043
1430360759683489792,negative,0.32120439742908596
1430360760211984384,negative,0.00031093771297326784
1430360761361211399,negative,0.20474316471998863
1430360764792066048,negative,0.00012159038611146789
1430360766201405440,neutral,0.3780323139865772
1430360767887466496,negative,2.463980680276039e-05
1430360768822878210,negative,0.03835118180987629
1430360769456185346,negative,0.0002673985765709159
1430360769783287808,negative,0.12268859119355983
1430360769972080642,negative,6.014479591269272e-07
1430360770202808321,negative,5.621390669217319e-07
1430360771876245509,negative,3.4436582104639264e-05
1430360777047920648,negative,0.058647812257767905
1430360786501656576,negative,0.02129124451154466
1430360786682122244,positive,0.7723327131213946
1430360789811179521,neutral,0.5365462078231941
1430360789907607561,negative,0.12146426141732296
1430360790872346625,negative,0.05776789978067945
1430360792533196800,negative,2.7800947200740603e-05
1430360793372110848,negative,3.991022639001297e-06
1430360797008613379,negative,0.05420738702883868
1430360798279446536,negative,8.666236706517845e-10
1430360799126634499,negative,0.0023700735569737856
1430360800632483840,negative,0.232928495778146
1430360800858976260,negative,0.01078286951229886
1430360803744624641,negative,1.0520046400231982e-05
1430360805124489218,neutral,0.49789225920557484
1430360805380222978,negative,0.0076542902630523015
1430360805501984769,negative,0.13586969471187305
1430360806194040834,negative,0.005058415369286832
1430360810879135744,negative,0.03126848849105296
1430360810879176704,neutral,0.3775925709932216
1430360813588684801,negative,0.00016580011140510196
1430360815148863490,positive,0.9058556076415677
1430360815195017222,negative,3.991022639001297e-06
1430360816080113666,negative,1.2119262832224166e-07
1430360816797245445,positive,0.854914982992058
1430360817116065793,negative,0.026556093122135513
1430360819150331906,negative,0.04975415241564185
1430360822040125440,negative,0.004594333085557962
1430360822962921477,negative,0.1912305802303923
1430360823386550274,negative,0.09493694016010701
1430360824737042434,negative,0.0005639614310970934
1430360826213507075,negative,0.02457183885497591
1430360826888736771,negative,0.0002456916823241116
1430360828138594308,negative,0.022556393242295036
1430360831858982920,neutral,0.35032774864921173
1430360831884210176,neutral,0.569610837096951
1430360832416833539,negative,0.15009249410920394
1430360832987312130,negative,0.04703789433834344
1430360833582944257,negative,4.078052923099362e-07
1430360835243876362,negative,0.06702468813175695
1430360835998765061,negative,0.00014657854317752644
1430360837110312962,negative,0.1439591053554232
1430360838121181190,negative,0.09493694016010701
1430360839236853771,negative,0.2191579046572315
1430360840490962949,neutral,0.4595243164363211
1430360842160295941,negative,4.776313476198333e-07
1430360844232232961,negative,0.0013206621208193634
1430360845440229377,negative,0.1006737026279635
1430360849764524038,negative,0.0011552557327962414
1430360850049679367,negative,0.00010841013401255566
1430360857234616322,negative,0.008228561234537685
1430360857515642885,negative,0.02129124451154466
1430360858081832967,negative,1.2119262832224166e-07
1430360859461685249,negative,0.0015058425361385807
1430360859885375491,negative,0.001106748152862756
1430360860032212995,negative,0.2503620269031739
1430360860749438978,negative,0.00027323964629394023
1430360861105864704,negative,0.1439591053554232
1430360863031111682,negative,1.0672583607822925e-12
1430360865870602248,negative,0.008228561234537685
1430360866306801664,negative,0.0004577316860648519
1430360867414188036,negative,2.8124131904972148e-05
1430360868395626497,negative,0.08523426176258736
1430360868424884227,negative,0.022992967464547615
1430360869024710657,negative,0.015332662056161976
1430360869716860928,negative,0.015321006609517683
1430360870429855745,negative,0.03420078549420633
1430360870501208065,negative,0.26946072723466363
1430360874410254339,negative,0.06432956402644219
1430360874687111169,neutral,0.505613777603884
1430360881435656195,negative,0.10215297774881944
1430360881536421889,negative,0.0004513671980779842
1430360888381431808,negative,9.369259238456976e-06
1430360892009504771,negative,0.004348756974122334
1430360895968980994,negative,0.040698623474074075
1430360896296165378,negative,0.3231774527521787
1430360898737254400,negative,0.015543993729574644
1430360902088396809,negative,0.02129124451154466
1430360902646239233,negative,1.704039764092784e-05
1430360903111806980,negative,0.01688867262302912
1430360903371853832,negative,0.008178362527209763
1430360903543926785,negative,6.318200409595442e-05
1430360904500121604,negative,0.013031897450225661
1430360904575639557,negative,0.01119498213345308
1430360905662046210,negative,0.0038773215160286508
1430360906580570113,negative,0.06290726164708234
1430360907251605506,neutral,0.4538146206303498
1430360907616591875,positive,0.8651618779548107
1430360907830464516,negative,0.1439591053554232
1430360913249456133,negative,2.2104048159017434e-05
1430360914864140291,negative,0.0061124311959622835
1430360916265156610,negative,0.04710206633036459
1430360919922692101,negative,0.059054786889089196
1430360921382260741,negative,0.19183871800402985
1430360924578369545,negative,0.008228561234537685
1430360924775456770,negative,2.1755180981595823e-07
1430360925740142601,negative,2.9481154168767434e-05
1430360926130253828,negative,0.02129124451154466
1430360930647433218,negative,0.025125133389657755
1430360931922481156,negative,1.9605049153991847e-05
1430360934468497412,negative,0.004761008732647478
1430360935839961088,negative,2.61695223104323e-07
1430360939208060932,negative,0.0008815046480037513
1430360940059500550,negative,0.3009464300720224
1430360942110547970,negative,0.15480874163662972
1430360942118723584,negative,2.8221585107700987e-08
1430360946866900993,positive,0.6887622439647832
1430360947928010755,negative,6.014479591269272e-07
1430360949576376320,neutral,0.473857968409677
1430360951908405251,negative,0.0928764651930358
1430360953586176003,negative,0.12974310845169645
1430360954538237955,negative,0.001805716603831504
1430360954747990019,negative,1.2119262832224166e-07
1430360956333342723,negative,1.2119262832224166e-07
1430360958036287490,negative,0.02129124451154466
1430360962352263175,negative,0.00027323964629394023
1430360963442692097,negative,0.20049974374872154
1430360965032419328,negative,0.0007332830417267686
1430360965741219841,neutral,0.46790029342103856
1430360965871251460,negative,0.001918036413091375
1430360970375827456,negative,0.001805716603831504
1430360971097387008,negative,0.02387251284677864
1430360971114074114,negative,0.00015432103586430433
1430360971890024449,negative,4.4657421370425805e-05
1430360974977126401,negative,0.0951318021375529
1430360975572615168,negative,0.02129124451154466
1430360977715908609,negative,0.14559176171703123
1430360977963462660,negative,0.003569033570129386
1430360978017898496,negative,1.1427010921495333e-09
1430360980526092294,negative,2.8089388445089162e-05
1430360987841056770,negative,0.09493694016010701
1430360988285558788,negative,0.11018837518688619
1430360988885340162,negative,0.21948954821318722
1430360989812371460,negative,0.05337532559905981
1430360990235910145,negative,0.003609883482513484
1430360991624273923,negative,0.02555029963411535
1430360994266685447,negative,0.2121543509410063
1430360994358890498,neutral,0.5759472000657562
1430360995793412102,negative,7.621806178009437e-05
1430360997739569153,negative,0.15480874163662972
1430360998364450818,negative,0.03189765844528905
1430360998901387266,negative,6.53681597996329e-05
1430360999303995395,negative,0.1756564970831456
1430360999589289985,negative,6.31353730974844e-05
1430361000029589508,positive,0.9915363656244783
1430361000721764354,negative,8.257697725514405e-05
1430361001678057474,negative,0.2878752906022506
1430361002403631107,negative,2.2560021784050283e-05
1430361004098129925,negative,4.958764215162939e-05
1430361007084425218,negative,0.1344999272131492
1430361007113871362,negative,0.0005592597672753877
1430361008699330561,negative,0.04275259259731829
1430361009726935043,positive,0.7564499908318857
1430361012105105408,negative,1.2119262832224166e-07
1430361014646755335,neutral,0.5162952973877504
1430361016022487040,negative,4.078052923099362e-07
1430361017335287808,negative,0.1439591053554232
1430361017922592771,neutral,0.6459567158672359
1430361019575160832,negative,0.10310227302193009
1430361020611055616,negative,0.019269129340704863
1430361020657188869,negative,0.00026434473300507565
1430361021114421252,negative,0.09701018081577242
1430361024411148289,negative,0.2798356669320907
1430361024612474883,neutral,0.47150986089180386
1430361026659237892,negative,3.124376641687979e-06
1430361028911566848,negative,0.30182420690461653
1430361030081777665,negative,0.19183871800402985
1430361031809900550,neutral,0.46790029342103856
1430361032980054017,negative,0.0009067598460901099
1430361034271993859,positive,0.9239571762151403
1430361038839435265,negative,0.0061124311959622835
1430361042572378116,negative,0.00023453121250888203
1430361042731913217,negative,0.030992648444193978
1430361042790625281,neutral,0.33001289349221025
1430361045109927938,neutral,0.3670705768798949
1430361046229798913,negative,0.19685968842522694
1430361047999733760,negative,0.32971245804008953
1430361050575249413,negative,1.9605049153991847e-05
1430361052747898888,negative,0.007910047679810604
1430361055927152643,negative,0.002935411137081108
1430361057105616898,negative,0.2128499989891602
1430361057353162754,negative,0.23293114961707193
1430361059794341898,negative,0.0015058425361385807
1430361061295857665,negative,0.2510551031344398
1430361064705826817,negative,0.004239060971334299
1430361065095897090,negative,0.13680489093518966
1430361065536241665,negative,0.13447393354941076
1430361066706513922,negative,0.0010725575536751335
1430361067071418370,negative,0.3024027088783894
1430361067251699718,negative,0.18979229543629952
1430361067725668357,neutral,0.4616255586254137
1430361067801227278,negative,0.008178362527209763
1430361068358946817,negative,0.024697863828828395
1430361070367956993,negative,0.004557692868839121
1430361072268193793,negative,4.42730950986578e-09
1430361072448507904,negative,2.6746800161212976e-06
1430361075631984644,negative,0.31203983969044696
1430361078664400902,negative,0.01944664423877227
1430361080598089731,negative,0.005753394115811916
1430361081935921154,negative,0.004019506543431205
1430361084049899521,negative,0.00016580011140510196
1430361085270536192,negative,0.0005325089591085924
1430361089829703682,neutral,0.6301234559680013
1430361092144914434,negative,0.03438939324338456
1430361092958654470,negative,0.07806621562641687
1430361095118770176,negative,2.661404971092999e-05
1430361095848349700,negative,4.92078002277619e-06
1430361096825810947,neutral,0.4422768414395999
1430361098390229001,negative,0.019250823546273554
1430361098662854656,negative,0.0006871072258498542
1430361099329757193,negative,0.009020043437000495
1430361103045963777,negative,0.034201601947555296
1430361103146573828,negative,0.02129124451154466
1430361105831010306,negative,0.07806621562641687
1430361112801906691,negative,0.2510551031344398
1430361113091248129,negative,0.09493694016010701
1430361113833746442,negative,0.09967224714551763
1430361113871454211,negative,0.06514552054824409
1430361114487951362,negative,0.1439591053554232
1430361115146563592,neutral,0.3780323139865772
1430361116199333892,negative,0.12322936532006658
1430361118803902467,negative,0.003569033570129386
1430361118984208388,negative,0.04581383352452589
1430361119177248771,negative,0.10557491367058644
1430361119512727555,negative,0.18812299635875782
1430361121140224001,negative,0.00038418567990784427
1430361121891004419,negative,0.04357602486634424
1430361122281074699,negative,0.02129124451154466
1430361122494894082,negative,8.152712076973439e-05
1430361122713047042,negative,0.09701018081577242
1430361123698716673,neutral,0.33001289349221025
1430361125858783232,negative,0.040698623474074075
1430361128102727686,negative,1.2119262832224166e-07
1430361129415544832,neutral,0.42741195910620017
1430361133504937985,negative,0.0021245241372909447
1430361134503272448,negative,9.714526850831676e-05
1430361138957594624,negative,0.0014280114281124971
1430361142015119360,negative,0.06324909395089662
1430361142405345283,negative,0.00078478422630923
1430361143806210050,negative,0.01218253774756501
1430361144003284995,negative,1.2119262832224166e-07
1430361148298256389,neutral,0.473857968409677
1430361149363662850,negative,0.0024568371023864547
1430361149787320330,negative,0.034221280423998524
1430361150001143808,negative,0.04357602486634424
1430361156284264450,negative,0.0068645690696819365
1430361157181771778,negative,4.115004394194872e-17
1430361158247239680,negative,0.0014332493716771293
1430361161430667267,positive,0.8059853759301663
1430361162449924098,negative,0.006799963923124116
1430361165045981193,negative,9.161460158404937e-06
1430361166652612618,negative,0.0009239065870891896
1430361167277481988,negative,0.08078297208372837
1430361167789178881,negative,0.00887954944321639
1430361169555075076,negative,0.18625497106694264
1430361175129313284,negative,2.43038242412175e-05
1430361175376551938,negative,0.2128499989891602
1430361175758458882,neutral,0.3499352441185855
1430361175913603080,neutral,0.33001289349221025
1430361176739696640,negative,0.2128499989891602
1430361179096944645,negative,0.004941048254652433
1430361179566841859,negative,0.006437552770425797
1430361180208574465,negative,0.25936145968687246
1430361180669894658,positive,0.8050881119658598
1430361181479477255,negative,0.000954478868336979
1430361182804844544,negative,0.003755553556071598
1430361183199141895,negative,0.0002421581960814967
1430361183257829384,negative,0.26946072723466363
1430361184214134792,negative,0.18795859623648656
1430361187196231681,negative,0.006834859480122911
1430361187628339209,negative,0.00626341380415408
1430361188672708609,negative,4.684920039095453e-06
1430361189553516545,neutral,0.5759472000657562
1430361190513917952,negative,0.012431191778843846
1430361190522294275,negative,0.07174362539377149
1430361192258850818,neutral,0.3734886429250822
1430361193437450242,negative,0.0004365456742275341
1430361193999384577,neutral,0.5759472000657562
1430361194146279424,neutral,0.5509305305212917
1430361194594983941,negative,0.19183871800402985
1430361195140222976,negative,1.196372114373445e-07
1430361195756859394,negative,0.004956466104227377
1430361195916120065,negative,0.0009586228243979713
1430361196276768768,negative,0.001106748152862756
1430361196645994500,negative,1.2119262832224166e-07
1430361196700442624,negative,0.0951318021375529
1430361197321326596,negative,0.00023921100395301394
1430361200060026880,negative,0.00014171756291447783
1430361201062580225,negative,0.0017488010933655617
1430361201343664129,positive,0.7374210528254103
1430361201532354561,negative,0.09667723892447137
1430361202417340421,negative,0.0037146889688742944
1430361204829077508,negative,0.003609883482513484
1430361205030412294,positive,0.9611958417475951
1430361206146142211,neutral,0.5027646538510618
1430361207022759937,negative,0.015332662056161976
1430361210051080192,negative,0.0007402065830896677
1430361213112930312,negative,8.5848176903607e-05
1430361213486129154,negative,0.05226567086749556
1430361214140432394,negative,4.115004394194872e-17
1430361214257876995,negative,9.228726653942762e-05
1430361214517923841,negative,0.06578333652938091
1430361215121993729,neutral,0.5406178531687921
1430361215780507653,positive,0.9227338477383827
1430361216149512192,negative,0.0006911834245006714
1430361217550491649,negative,0.007209856542315915
1430361218385068033,negative,0.0027619186686008365
1430361219152633860,neutral,0.46790029342103856
1430361220499050499,negative,0.0077542672072606076
1430361221711241225,negative,0.10310227302193009
1430361222189305858,negative,0.19837224407258267
1430361224265486339,neutral,0.4595243164363211
1430361226400370688,negative,9.129672316409522e-08
1430361227478306824,negative,0.0010562105222526057
1430361228434714630,negative,0.00041965671180245755
1430361228703043587,negative,0.012431191778843846
1430361228732424197,negative,0.0010825791702351328
1430361229063823364,negative,9.261212950194262e-13
1430361229856493572,negative,0.023226945264787534
1430361231085424644,neutral,0.5957399490333923
1430361232079572994,neutral,0.36371848232287207
1430361233341964291,neutral,0.6330861191521205
1430361234881253378,negative,1.2119262832224166e-07
1430361236454219781,negative,2.6211466983294634e-05
1430361236806512644,negative,0.06047002996747736
1430361237024542722,negative,0.00694418831405497
1430361237343416327,negative,0.00015868225611721895
1430361237372743683,negative,0.26755031085901715
1430361237767049216,negative,4.35571278106222e-07
1430361237884346369,negative,0.002515317722295464
1430361238689701891,negative,0.004956466104227377
1430361239197306880,negative,0.0008463731500872914
1430361240195457030,negative,0.0008815046480037513
1430361242695307266,negative,0.009329215466718931
1430361245052547074,negative,0.004167972661659502
1430361246017200133,negative,0.09493694016010701
1430361248856780802,negative,0.0025163947258769535
1430361249007734788,negative,0.06166666698184396
1430361249045385223,negative,9.129672316409522e-08
1430361249594941442,negative,3.3733738229910596e-05
1430361251541135368,negative,0.020250812193169168
1430361252514107401,neutral,0.49789225920557484
1430361255739539462,negative,0.034221280423998524
1430361258897903621,negative,0.02555029963411535
1430361258914689026,negative,0.18153112390888546
1430361261091475459,negative,0.02129124451154466
1430361262966272005,negative,0.012545613100303872
1430361263259987968,negative,0.0035117103073434804
1430361263335485444,negative,0.015332662056161976
1430361263461175297,negative,0.1842838750548783
1430361264803520522,negative,0.19183871800402985
1430361265092894722,positive,0.7391871282351804
1430361265893949444,negative,0.0011620492078932296
1430361266049232897,neutral,0.43795816681501476
1430361267341041667,negative,0.001918036413091375
1430361268364394496,negative,0.005689463662400632
1430361268473454595,negative,0.09526832492549575
1430361270302224390,negative,0.025726104425478666
1430361270553882627,negative,0.09493694016010701
1430361271895998467,negative,0.02129124451154466
1430361272445452295,negative,0.001805716603831504
1430361272760082438,negative,0.019938200790002837
1430361273414426630,negative,0.03156820079324485
1430361276388151300,negative,0.009621083738898376
1430361277155659777,negative,0.019818109406835312
1430361280997625862,negative,0.0007662779723572197
1430361285221396482,negative,0.008478662331669069
1430361286781464576,negative,0.09246888873762235
1430361286798233601,negative,0.0002160197945978309
1430361286836109314,negative,0.015266451385428368
1430361286970384388,negative,2.1576746911941847e-08
1430361288618778624,negative,0.0002460729310675361
1430361290271346688,negative,0.00021609164285626485
1430361298630594561,negative,9.492251584217601e-09
1430361298685112322,neutral,0.42204805230933656
1430361298748026881,negative,0.15480874163662972
1430361302799683590,negative,0.09701018081577242
1430361304171118594,negative,0.0020167447119432106
1430361304225652736,negative,0.0004684319887082125
1430361304443891714,negative,0.03156820079324485
1430361305052065792,negative,0.008997042347153492
1430361305307774978,neutral,0.49789225920557484
1430361307484758019,negative,0.0016433462705375123
1430361307887423489,negative,0.09942184886734068
1430361309477064705,negative,0.00025397216308111
1430361309523202048,negative,0.0033427363138843593
1430361309686677504,negative,0.03982012979408541
1430361314006913024,negative,0.034221280423998524
1430361314078216197,neutral,0.3557030236304383
1430361314522767361,negative,0.21604118165690245
1430361315231608834,negative,0.00014533309710845034
1430361315567185921,negative,0.09942184886734068
1430361318733881344,negative,0.003609883482513484
1430361319442731009,negative,0.0018578194004602807
1430361320021499907,negative,0.028387754637568395
1430361320688398342,negative,0.0015322782696912368
1430361321195847680,negative,0.1316504256351873
1430361322328297475,neutral,0.5303606889533533
1430361322466779138,negative,0.001090963232471232
1430361323301449732,negative,2.8221585107700987e-08
1430361323511103488,negative,3.286650158308258e-12
1430361324454875138,negative,0.19183871800402985
1430361324471701511,negative,1.0948124050599878e-06
1430361325272768512,neutral,0.33597211863978144
1430361326002577408,negative,0.03156820079324485
1430361326208131078,negative,0.03156820079324485
1430361326476566530,negative,0.18793102927296176
1430361328170983426,negative,5.07193652063415e-07
1430361331211853826,negative,1.588253597427915e-05
1430361331333480450,negative,0.15498462936883248
1430361332126294016,negative,0.008782048088697881
1430361333401280515,negative,0.0008463731500872914
1430361333623631874,negative,0.02129124451154466
1430361334974230529,negative,0.003934139300013207
1430361337604026369,negative,0.0023503164731814765
1430361338572951555,negative,0.00020386840941631864
1430361340477120512,negative,9.715873917499071e-05
1430361340523294720,negative,0.0013242633137845578
1430361340791590918,negative,8.305381565762225e-06
1430361340820996096,negative,4.077898542267928e-07
1430361345296257024,negative,0.0002324267761175277
1430361347829772289,negative,0.008178362527209763
1430361348249210883,negative,0.2454867282959764
1430361349222240261,negative,0.02129124451154466
1430361349771698183,negative,0.1006737026279635
1430361353986973700,negative,0.0009065030178654257
1430361355824029696,negative,0.01655022480749108
1430361357568913414,negative,0.02129124451154466
1430361357946433536,negative,0.0036643881218491534
1430361360345583619,negative,0.0038773215160286508
1430361361196933122,neutral,0.40219149985195607
1430361361582891009,negative,0.02129124451154466
1430361364208492546,neutral,0.40219149985195607
1430361364737007622,negative,1.9019308111654675e-07
1430361365005352963,negative,0.25152798395101605
1430361366418894852,negative,0.002622736617163407
1430361367001845762,negative,4.072768433000718e-05
1430361367014518785,negative,0.018698613966866624
1430361369644257281,negative,0.26946072723466363
1430361369874886660,negative,0.01812194838692935
1430361370189459465,neutral,0.46127768308170247
1430361373054279686,negative,0.003866071607563816
1430361374224420873,negative,0.32105817395043795
1430361374807441412,negative,0.027447665163327317
1430361376208433161,negative,0.0007051763116859052
1430361376619470848,negative,2.0913983096511787e-06
1430361376778825728,negative,6.230203994426881e-05
1430361378011942917,negative,0.04340333660254713
1430361379387723789,negative,0.20474316471998863
1430361380826329090,negative,2.661404971092999e-05
1430361382466248709,negative,0.09493694016010701
1430361383133138946,negative,1.588253597427915e-05
1430361384412491782,negative,3.6764979256493345e-06
1430361385347784711,negative,0.001438890506972962
1430361385528172546,negative,0.005753394115811916
1430361389231755265,negative,0.1439591053554232
1430361392801067011,negative,0.0515916708484964
1430361393572859916,neutral,0.33001289349221025
1430361393807626249,negative,0.15480874163662972
1430361394977857539,negative,0.00048583745690467195
1430361396231892995,negative,0.18872555217818543
1430361399092461576,negative,0.19183871800402985
1430361400803827712,negative,0.06692082588542778
1430361404645814274,negative,0.03156820079324485
1430361404922531844,positive,0.6746108756521773
1430361407774670849,negative,0.0005317209722061046
1430361408269606914,positive,0.9653243177527605
1430361413629841409,negative,0.15741919046588068
1430361414158401539,negative,0.09701981014339335
1430361414418501633,negative,0.247063879962607
1430361415676690435,neutral,0.4624855319022522
1430361416264036359,negative,0.06578333652938091
1430361417023098882,negative,0.016315204425371065
1430361419229302789,negative,1.1427010921495333e-09
1430361422882562049,negative,0.0006072519923404105
1430361427244732420,negative,3.234704719030136e-06
1430361427303350275,negative,0.03404470091385081
1430361427886460929,negative,0.006902070818703642
1430361429744308231,negative,3.5887062205926437e-07
1430361429840904197,negative,0.005753394115811916
1430361431426351106,negative,1.020039893248408e-07
1430361432223272963,negative,7.108352029291746e-08
1430361433540280323,negative,1.7047950096664044e-05
1430361433766875142,negative,0.034221280423998524
1430361434106388480,negative,0.005753394115811916
1430361434953822212,negative,0.02781292258312945
1430361439466754051,negative,6.791844670826323e-05
1430361440116908039,negative,0.0016664570418316793
1430361442654511104,negative,0.03676600924240424
1430361443413774338,negative,0.12146426141732296
1430361443996680194,negative,0.12703271384507175
1430361448270737408,negative,0.01643650692431863
1430361449172553733,negative,0.20449451145825975
1430361449814183939,negative,0.0012258569913117354
1430361449843642370,negative,0.006991587551676883
1430361449868705797,negative,0.00010841013401255566
1430361450183286787,neutral,0.49789225920557484
1430361451185774592,negative,0.00019740470206906132
1430361452657926147,negative,0.10310227302193009
1430361453043884034,negative,5.359512280049779e-10
1430361453958205440,negative,0.0034008513075516
1430361456076378115,negative,0.15480874163662972
1430361456759947265,negative,0.0016323074965782917
1430361457653334025,negative,9.369259238456976e-06
1430361457938649091,negative,0.004059511140886153
1430361458563444736,negative,2.341190641877837e-05
1430361458970402823,negative,0.015321006609517683
1430361459041636352,negative,0.0005661475203624993
1430361460576768001,neutral,0.43795816681501476
1430361460610318344,negative,0.11444193857292631
1430361460631293952,negative,0.012431191778843846
1430361461528961024,negative,0.1235879636309519
1430361462502051842,negative,0.05226567086749556
1430361466281107460,negative,0.01441588257726234
1430361466734055425,negative,0.002935411137081108
1430361467342176258,negative,2.661404971092999e-05
1430361468562771970,negative,0.19183871800402985
1430361468806041600,negative,1.2119262832224166e-07
1430361470043365378,negative,0.002688575779948614
1430361470563401728,negative,0.06705879738963702
1430361473180700675,negative,0.003440481522407845
1430361473507811329,neutral,0.37860699619124233
1430361473881157634,negative,0.0012884643568592223
1430361475470745601,negative,0.26946072723466363
1430361477551206400,negative,3.3733738229910596e-05
1430361479346331653,negative,0.00023921100395301394
1430361480260640768,negative,0.10310227302193009
1430361480617136129,negative,0.0034008513075516
1430361481011503104,negative,0.005377895225386922
1430361481141538819,negative,0.0015314426657507432
1430361482391396354,negative,0.26946072723466363
1430361483368534018,negative,0.18795859623648656
1430361486073925633,positive,0.8407046516133816
1430361486321496071,negative,0.034221280423998524
1430361486367629312,negative,0.0014827157647100046
1430361488796028930,negative,8.003439133774918e-09
1430361490469621760,negative,0.0038648210805068777
1430361491312627713,positive,0.7119016050510196
1430361494944981006,negative,0.08795521936106997
1430361495574024193,negative,0.0038112826745549423
1430361496471719941,negative,0.05384885330526493
1430361497901928454,negative,1.2119262832224166e-07
1430361498656907268,negative,0.15480874163662972
1430361499944562689,neutral,0.6330861191521205
1430361500162662402,negative,0.0006072519923404105
1430361500611395584,negative,0.034221280423998524
1430361502184267776,negative,0.0106556259884224
1430361506231750657,negative,0.13035032060757354
1430361508089827329,neutral,0.42971880017966596
1430361510564573187,negative,0.027987228347246863
1430361510908506116,negative,0.00026664924396415247
1430361511772528641,neutral,0.6431860776646738
1430361515589349376,negative,0.29106506801891113
1430361515597737986,negative,0.0009239065870891896
1430361516386234369,negative,3.7202390355217595e-07
1430361516746977282,negative,4.247628611018723e-05
1430361517099212800,negative,1.0731587446921445e-08
1430361517833302021,negative,0.06578333652938091
1430361519963975683,positive,0.8509980949664036
1430361520513458177,negative,0.09942184886734068
1430361520794488838,negative,0.16176363966730578
1430361522878943232,negative,4.785592837540113e-07
1430361524250583040,negative,8.666236706517845e-10
1430361525152329729,negative,0.014810585844412404
1430361525877870593,negative,1.1034668799049961e-08
1430361526813306882,negative,0.0015999112307197017
1430361526892957696,negative,0.01818163236642803
1430361529124368386,negative,0.0002430882976163404
1430361530206408709,negative,4.6203657327630476e-06
1430361533914169344,negative,0.24672860520723935
1430361534652420099,neutral,0.3385252644667176
1430361536325902345,negative,0.00023921100395301394
1430361536531419136,negative,0.00023921100395301394
1430361536971821063,negative,0.010853215774703776
1430361537756151810,negative,0.0005612894962486011
1430361538494337027,negative,0.028585987120571105
1430361539249426442,neutral,0.5752798939233102
1430361541120077824,negative,0.008178362527209763
1430361543552688128,negative,0.00041039991466972547
1430361543670210567,negative,0.0004392080816650362
1430361545972895751,negative,0.305779366938349
1430361546383843328,negative,0.10310227302193009
1430361550217302020,positive,0.9999984981889207
1430361551953960963,negative,0.00026664924396415247
1430361551979089921,negative,6.769278117835111e-07
1430361553463922688,negative,8.531172448194364e-05
1430361554004987905,negative,0.0018758944460504177
1430361554885783552,negative,0.03316400269470413
1430361556202704897,negative,0.004761008732647478
1430361556701810692,negative,0.002646766763504305
1430361557133926401,negative,0.005192607711491756
1430361558434058249,negative,0.016675300139621263
1430361558861950977,negative,3.4436582104639264e-05
1430361561789607941,negative,0.03156820079324485
1430361564792639488,negative,0.013712027786642182
1430361565719515139,negative,0.06353499681727007
1430361568257130496,negative,0.001297835673998383
1430361569687441408,negative,9.647208870765728e-06
1430361573013565446,neutral,0.33001289349221025
1430361574057852928,negative,0.08936551514155616
1430361575207051266,negative,0.003609883482513484
1430361578805686272,negative,1.9454788736321095e-05
1430361582006116355,negative,2.8089388445089162e-05
1430361582836633601,negative,3.3733738229910596e-05
1430361583042154501,negative,0.11410466126889385
1430361583897784323,negative,6.862884457986213e-06
1430361585541914626,negative,2.9153992425432243e-09
1430361586544304133,negative,0.16442406983497368
1430361586766598147,negative,0.00046152067045325014
1430361589379735553,positive,0.9954360962508451
1430361590197628931,negative,9.129672316409522e-08
1430361593855062018,negative,0.1736504651274858
1430361594094145536,negative,0.0009393791374737757
1430361594538639371,negative,0.0016590051170124684
1430361595536941058,negative,0.004761008732647478
1430361597457874946,negative,0.007142341535843848
1430361602600181764,negative,0.0002950263151578125
1430361605401890818,negative,0.0007229893543185766
1430361611420717056,negative,0.001918036413091375
1430361612377014274,negative,0.0003735379101487396
1430361614520360965,positive,0.8616131806825964
1430361615308832768,negative,0.028042947003791376
1430361617833906182,negative,2.9424210313343643e-05
1430361619087904776,negative,0.27593737693920467
1430361620908322819,negative,0.08786737462402619
1430361621688356870,negative,0.15480874163662972
1430361621755482116,negative,0.10082119134791455
1430361622271471617,negative,0.0018750734067143552
1430361623072546817,negative,0.012733965306920133
1430361623529725952,negative,0.011199235971232157
1430361625635209216,negative,0.07277010903294014
1430361626524504068,negative,0.009274910141866977
1430361626784399369,negative,6.403477408375147e-07
1430361627149340676,negative,0.019684108757479134
1430361628848107528,negative,0.006814409172972847
1430361628932034562,negative,0.055260611632958735
1430361630001479685,negative,1.61116122896025e-10
1430361630118928386,negative,0.01090869512701178
1430361631754801152,negative,0.0010562105222526057
1430361635500273667,negative,0.006996398134118904
1430361636930572290,negative,0.004761008732647478
1430361637253431296,neutral,0.547723817299082
1430361637488316419,negative,7.532895894246048e-06
1430361637962276870,negative,0.06598244939702244
1430361640743182337,negative,0.11428525782370799
1430361643481960450,negative,0.044875378066389825
1430361644811567105,negative,0.00845686027051913
1430361649786105861,neutral,0.6025173988080158
1430361650289315840,negative,0.02129124451154466
1430361650306113539,negative,0.26946072723466363
1430361653552484357,negative,0.02129124451154466
1430361653871263748,negative,0.0011705350659215602
1430361654081032194,negative,0.02086594186491789
1430361654290751489,negative,0.00015432103586430433
1430361658241675267,negative,0.06470094563544333
1430361658627694593,negative,0.1334227372209679
1430361659873300484,negative,0.19183871800402985
1430361661127417857,negative,0.003754714945993709
1430361662360522757,neutral,0.47150986089180386
1430361664713629696,negative,0.02129124451154466
1430361665455939586,negative,0.00018318170534568134
1430361667091714048,negative,0.0053560567807708105
1430361667242713092,negative,0.01817992304589499
1430361668274593792,negative,1.588253597427915e-05
1430361668777881600,negative,1.9019308111654675e-07
1430361669104984065,negative,0.00016580011140510196
1430361671579602947,negative,9.333148006839552e-14
1430361677585866755,negative,0.00015868225611721895
1430361677950767109,negative,0.19183871800402985
1430361678227574784,negative,0.007876520187612169
1430361679875948546,negative,0.16499155366636106
1430361680307965952,negative,0.014295194281246116
1430361680442241030,negative,0.02129124451154466
1430361682308747264,negative,0.10310227302193009
1430361682673606657,negative,0.009356439004570625
1430361684443639811,negative,0.011199235971232157
1430361684686909445,negative,0.20014730661889285
1430361686779863044,negative,9.970220037672137e-06
1430361686976905225,negative,4.8089789728581436e-08
1430361694199484417,positive,0.9782855454789735
1430361694937747457,negative,0.0014280114281124971
1430361695025782788,negative,3.1454393015644e-05
1430361695721979904,negative,0.07613870137387588
1430361703536017412,negative,0.0009065030178654257
1430361705129857026,negative,0.06737314130708923
1430361707000516614,negative,0.012431191778843846
1430361709064118273,negative,0.15480874163662972
1430361709227778052,negative,0.0038773215160286508
1430361710381072385,negative,0.06910880645873725
1430361710716755972,negative,0.009999930666874476
1430361715913412613,negative,0.016560343054722725
1430361717025001472,negative,0.270248338378948
1430361717561778179,negative,0.003910181057361173
1430361717813309443,neutral,0.49789225920557484
1430361718824308738,negative,0.09976817135464787
1430361719268913156,negative,0.015332662056161976
1430361721521283078,negative,0.014201921554224523
1430361723551236101,negative,0.1006737026279635
1430361723849125888,negative,0.0016317533197080898
1430361725212282881,neutral,0.46790029342103856
1430361727405854722,negative,0.0023141779702323313
1430361729494564864,negative,0.03982012979408541
1430361730236944388,negative,1.9605049153991847e-05
1430361732258533377,negative,9.14945998813766e-07
1430361734921998337,negative,0.003609883482513484
1430361736146718723,negative,0.03156820079324485
1430361738159951878,negative,0.0014827157647100046
1430361738592071682,negative,0.011724737227430823
1430361741523828736,negative,1.4304501645310998e-08
1430361742400425986,negative,0.10092465956274108
1430361742698237957,negative,2.2834339380257728e-06
1430361742962475008,negative,0.26946072723466363
1430361744367566851,negative,0.027560645203659414
1430361745441312768,negative,0.1439591053554232
1430361745483251717,negative,0.002515317722295464
1430361745722429442,negative,0.15480874163662972
1430361745869221888,negative,0.00017070135102829429
1430361748851335176,negative,0.04237424094130999
1430361751183298561,negative,0.0002213193658957381
1430361751913107464,neutral,0.5303606889533533
1430361752277905412,negative,0.14797168747169512
1430361753024598016,negative,0.009020043437000495
1430361754219991041,negative,7.568327470388891e-08
1430361754316517380,negative,0.06047002996747736
1430361755293732864,negative,0.05728412408068222
1430361757265039365,negative,0.08872207814284318
1430361761333587979,negative,0.0040578452810625405
1430361761476227075,negative,0.021779444348456294
1430361762499502090,negative,0.00035153717641899906
1430361762814173184,negative,1.2119262832224166e-07
1430361764655403009,negative,0.0002718557574715383
1430361764974170112,negative,0.0011705350659215602
1430361767004229638,negative,0.00028426928908185554
1430361767713165313,neutral,0.6330861191521205
1430361771546759172,negative,0.07169389208359227
1430361772549197828,negative,0.1383951472855013
1430361775749402625,negative,7.530549911914346e-09
1430361776726630405,negative,7.858318958467594e-05
1430361776739266564,negative,0.0008683764170862291
1430361776953114628,negative,0.0028780963780065494
1430361777536184326,negative,0.014035669573749956
1430361779876552709,negative,0.25046593904833714
1430361785106944002,negative,0.03156820079324485
1430361787178827778,neutral,0.3774358456345751
1430361790001467392,negative,0.009858468591028907
1430361790014267393,negative,0.0015494778547154606
1430361790089678851,negative,1.221196725202625e-07
1430361790211297287,negative,0.04750120053652265
1430361792803442694,negative,7.539294004370843e-05
1430361793000583168,negative,1.2119262832224166e-07
1430361795567443968,negative,0.10330600649973323
1430361797794615299,negative,0.044709844667653396
1430361797807194113,negative,0.2903372237110344
1430361797983363073,negative,0.044709844667653396
1430361801363968001,negative,0.05223552883494814
1430361802001498117,negative,0.005054465657323929
1430361803658252297,negative,0.10496360924072899
1430361805709262852,negative,0.20060968914697147
1430361809463267328,negative,0.02533034685309633
1430361810708926469,neutral,0.33001289349221025
1430361810725703681,negative,1.2204785889949153e-05
1430361813003259905,negative,1.045097623177494e-05
1430361813598703624,negative,9.129672316409522e-08
1430361814127321093,negative,0.26946072723466363
1430361815419076611,negative,4.1234125389148106e-08
1430361815507259392,neutral,0.37206416209637033
1430361816757112832,neutral,0.42971880017966596
1430361818057293826,negative,0.0204599567555194
1430361822071332870,neutral,0.3966110519566818
1430361823379873795,negative,0.06387628764905937
1430361824801742853,negative,0.0005700459510788234
1430361825842012162,negative,0.06170053673330708
1430361828283011074,negative,0.2114746943045431
1430361832695414794,negative,4.889695829465218e-05
1430361832703791105,negative,0.042187642282633234
1430361833567756296,negative,4.994368520532384e-05
1430361834721357829,negative,3.124376641687979e-06
1430361836092903427,negative,0.002515317722295464
1430361839175667716,negative,0.0029667572049315895
1430361839880314883,negative,0.12768955132297163
1430361843571253256,negative,0.19475478645225072
1430361844703711235,negative,3.984255655591104e-06
1430361845802602497,negative,0.025606385327558677
1430361846658179076,neutral,0.3403391890910929
1430361847555923968,negative,1.2529122830279912e-09
1430361848654741507,negative,0.0057495020827819454
1430361849191665665,negative,0.012537253413884404
1430361850223468547,negative,0.19137006642871002
1430361851460792322,negative,0.19893984291651667
1430361851515351040,negative,0.15480874163662972
1430361851783745539,neutral,0.49789225920557484
1430361852106743809,negative,0.01763981040890566
1430361853394362373,negative,0.2557840326729794
1430361854262403076,negative,0.07613870137387588
1430361854744870919,neutral,0.5021757927138695
1430361855134928896,negative,1.2119262832224166e-07
1430361858469507076,negative,0.04897611193364672
1430361860717547521,negative,0.06589923647266555
1430361861028040711,negative,0.0018078078364932998
1430361861074075648,negative,8.78560627547604e-13
1430361863829733382,negative,0.0009903565692092706
1430361864144400385,neutral,0.528585944770869
1430361864203026436,negative,0.004983716311779508
1430361864689618947,negative,0.00023921100395301394
1430361866421870594,negative,0.09000317731526603
1430361867004747779,negative,0.0045667837709331685
1430361867004878855,negative,0.00026664924396415247
1430361867868852226,negative,0.038953404871891785
1430361868300869634,negative,1.3273253227098204e-07
1430361868422598657,negative,2.8221585107700987e-08
1430361872826576897,negative,9.714526850831676e-05
1430361873829044224,negative,0.005753394115811916
1430361875150159873,negative,0.2503620269031739
1430361881877827585,negative,0.006991587551676883
1430361883769442311,negative,0.03215911902567638
1430361884608376836,negative,0.09493694016010701
1430361884700651522,negative,3.0717511028271084e-06
1430361886135029763,negative,0.02162629676147681
1430361886667821062,neutral,0.4541127860747385
1430361887846318084,negative,0.03156820079324485
1430361888324476930,negative,0.1439591053554232
1430361889171644417,negative,8.510053671268295e-05
1430361889830232065,negative,0.2546597624573981
1430361892564967428,negative,0.0008463731500872914
1430361894943080461,negative,3.217572357758867e-05
1430361895404457988,negative,0.034221280423998524
1430361897237352449,negative,0.0228007528065017
1430361897547804683,negative,0.009576205089572321
1430361902476107777,negative,2.341190641877837e-05
1430361903419772928,negative,0.002698192440556149
1430361904439078912,negative,1.0372377649992076e-07
1430361908356526087,negative,0.00228822794090554
1430361911653240833,negative,2.4943018806922126e-05
1430361914815754242,negative,0.07528266322067456
1430361914979332096,negative,0.061692725307352654
1430361915558092803,negative,0.059371854367166486
1430361917806333959,negative,0.0016440515154822945
1430361918200496129,negative,0.08666901676178254
1430361918225723392,negative,0.16176363966730578
1430361918384971777,negative,3.124376641687979e-06
1430361918489907202,negative,0.0006911834245006714
1430361919941140482,neutral,0.42971880017966596
1430361925083357187,negative,0.19183871800402985
1430361925322526725,negative,2.6211466983294634e-05
1430361925339140097,negative,0.1143324831080155
1430361925427376130,negative,0.13279055604754278
1430361926962384896,negative,0.23971593729986593
1430361927126069248,negative,0.13473923758586712
1430361927172173825,negative,3.6106323890870493e-05
1430361927885246471,negative,0.02129124451154466
1430361928438886401,negative,4.115004394194872e-17
1430361929894273027,positive,0.9320611679356675
1430361930674364416,negative,0.04237424094130999
1430361933019033603,negative,0.000110459243100828
1430361936798093312,negative,0.0004837381100875887
1430361937255219208,negative,2.463980680276039e-05
1430361937544679425,neutral,0.6255248137969407
1430361938261733378,neutral,0.49789225920557484
1430361939083989001,negative,3.124376641687979e-06
1430361939339845635,negative,0.011724737227430823
1430361939373342721,negative,0.004214570894787754
1430361939503423488,negative,0.001106748152862756
1430361943697772554,negative,0.004761008732647478
1430361944565952519,negative,0.00031093771297326784
1430361944683335680,negative,0.003742715342820432
1430361947778736137,negative,2.2154768223135602e-13
1430361948617576451,negative,0.2628024609774683
1430361951549415426,negative,0.002878239357637835
1430361953562673153,negative,1.6931847338065907e-07
1430361953579540484,negative,0.20474316471998863
1430361955475279876,negative,9.129672316409522e-08
1430361957215969281,negative,0.14559176171703123
1430361959291973637,negative,0.07211960944043501
1430361959824719877,negative,3.445182163910846e-11
1430361961795964928,negative,1.9605049153991847e-05
1430361964048527361,positive,0.9253975424772902
1430361965856235520,negative,0.017606555841890498
1430361966074290180,negative,0.007142341535843848
1430361966334386176,negative,0.005753394115811916
1430361967890423814,neutral,0.503065747856019
1430361968607731713,negative,0.00025762892502997816
1430361970092519426,negative,0.1444699194932043
1430361973921824771,negative,4.6904451141107306e-07
1430361976182542338,negative,2.341190641877837e-05
1430361976669093891,negative,0.0024513056632993035
1430361976836919297,negative,0.001918036413091375
1430361977122066434,negative,0.0748687464119145
1430361979399573505,neutral,0.3493163548978419
1430361979433197570,negative,0.011956471674303635
1430361979793903622,negative,1.2119262832224166e-07
1430361980385349637,negative,0.20474316471998863
1430361984286052352,negative,3.312023420546405e-05
1430361984470552583,neutral,0.6387765042918215
1430361984919392256,negative,0.15480874163662972
1430361988006285313,neutral,0.4777468162026815
1430361988119646210,negative,0.06803852969405345
1430361988656402433,negative,0.03849085552813541
1430361991286333440,negative,4.38559531940423e-06
1430361991433031685,negative,0.00015432103586430433
1430361994465587201,negative,7.530549911914346e-09
1430361994654273537,negative,0.12458421316503784
1430361995040198658,neutral,0.45280429329376615
1430361998869647364,neutral,0.33001289349221025
1430361999586758657,negative,0.0034767551345465087
1430361999792394241,negative,0.2989081790536613
1430362000178221062,negative,0.04435973972959143
1430362002241855496,negative,0.00024904251105430217
1430362003261042690,negative,0.003609883482513484
1430362003378409472,negative,4.115004394194872e-17
1430362003542007808,negative,1.5072876627702406e-07
1430362005848739842,negative,0.007142341535843848
1430362008055070723,negative,0.0031679825054205866
1430362009477033985,negative,0.0006708735903742817
1430362010290638851,negative,0.1439591053554232
1430362010454269954,negative,0.0015494778547154606
1430362011402125322,negative,0.020675450248593307
1430362014115901440,negative,1.2887078175382644e-07
1430362015587995648,neutral,0.49789225920557484
1430362015596519424,negative,0.1316504256351873
1430362015827103744,negative,0.014334183542913544
1430362015835443202,negative,0.014009076906066809
1430362020453421058,negative,0.017589793233056282
1430362026191343616,negative,0.19183871800402985
1430362027206356993,negative,0.0204599567555194
1430362028879847428,negative,2.661404971092999e-05
1430362033241739268,negative,0.002515317722295464
1430362033367699456,neutral,0.39639359820864506
1430362035003564038,negative,5.406742829230974e-07
1430362035414618116,negative,0.0009065030178654257
1430362036068814849,negative,0.15480874163662972
1430362036131741696,negative,0.0002456916823241116
1430362038212169730,neutral,0.41571115313685786
1430362041185882112,negative,0.09493694016010701
1430362043635351553,positive,0.7877332844858808
1430362045229146120,negative,0.25611095771320935
1430362045753536512,negative,0.09246888873762235
1430362046118383622,negative,6.340968675826561e-05
1430362049364758528,positive,0.9954360962508451
1430362051625594882,negative,0.0748687464119145
1430362053039075330,negative,5.3972799864881426e-05
1430362054427385856,negative,1.9605049153991847e-05
1430362055148818432,negative,8.818152381448596e-11
1430362060609757187,negative,0.10459707035993664
1430362061607944196,negative,0.07839474164203382
1430362062421626885,negative,0.009020043437000495
1430362064812445699,negative,2.3449553272763225e-05
1430362065437351936,negative,0.00038418567990784427
1430362066444034050,negative,0.00015432103586430433
1430362066485907460,negative,7.213921329122596e-11
1430362066683056134,negative,0.04237424094130999
1430362066913828864,negative,0.0476080494935335
1430362066980900878,negative,0.004763556363677853
1430362068784500737,positive,0.8871929251004881
1430362069161938946,negative,7.31260083003058e-06
1430362069220700165,negative,7.840498693779143e-14
1430362070248271873,negative,0.10459707035993664
1430362070332157952,negative,1.5602609370973156e-08
1430362071171010567,negative,8.053647004810346e-05
1430362071481389060,negative,0.03528769760429553
1430362073268211712,negative,6.515160033297555e-06
1430362074123804672,negative,0.10057999076286693
1430362075814051841,negative,0.10459707035993664
1430362076397068289,negative,4.1910194838198415e-05
1430362077940551683,negative,0.10057999076286693
1430362078003466241,negative,0.05056084106096975
1430362078137696261,negative,0.013117233394492013
1430362079890976770,positive,0.986473072567516
1430362082826883074,negative,0.004678984807363528
1430362082994708480,negative,0.02129124451154466
1430362089420476419,negative,0.2861754859394779
1430362089663651841,negative,0.02129124451154466
1430362091043663873,negative,1.4279853591832597e-06
1430362093602156547,negative,0.003609883482513484
1430362094734647300,neutral,0.33001289349221025
1430362095007281152,negative,0.12537951234000452
1430362096944955392,negative,5.406742829230974e-07
1430362098836680704,neutral,0.4681103487122788
1430362101336444932,negative,0.016427448126362078
1430362101818724352,negative,0.03156820079324485
1430362104641458176,negative,0.07806621562641687
1430362105690181634,negative,0.02086594186491789
1430362110895218689,negative,0.014927501307166736
1430362114015834113,negative,8.905500213129744e-07
1430362117585006592,positive,0.9999941132459935
1430362120990908418,negative,0.009034245041034743
1430362124920963072,negative,0.1756564970831456
1430362127911510017,negative,0.0002972057961471961
1430362133775138817,negative,0.000989478039052131
1430362135062794245,negative,0.02129124451154466
1430362136677699587,negative,0.10113884140473946
1430362137021620228,neutral,0.46790029342103856
1430362137134764033,negative,0.0002456916823241116
1430362141954125825,positive,0.95063333097262
1430362142419660801,negative,0.002935411137081108
1430362148501344257,negative,0.2779002294914373
1430362151684874246,negative,2.3449553272763225e-05
1430362151877849090,negative,1.8005080947945743e-08
1430362152959946756,negative,0.13473923758586712
1430362153203249152,negative,0.3127384788277299
1430362153224220674,negative,9.651950060193147e-07
1430362153257680900,positive,0.6744168624179905
1430362153375121418,negative,0.08428740840026971
1430362153781977088,negative,0.277023882673747
1430362154922827784,negative,0.008043410504919983
1430362155241689091,negative,0.0023566090282697454
1430362157527539716,negative,0.17093269947216677
1430362158907461633,negative,0.0009828201666839539
1430362160375418883,negative,0.12681521491457798
1430362161818243073,negative,1.2119262832224166e-07
1430362165127651329,negative,0.053240580026725465
1430362165895176196,negative,0.010447672508800803
1430362167975501824,neutral,0.46790029342103856
1430362169414127620,negative,0.10113884140473946
1430362171809095685,negative,2.606297592361269e-07
1430362174501933065,negative,0.050533976425741665
1430362176729100291,negative,0.01119498213345308
1430362177505054732,negative,1.2119262832224166e-07
1430362179350507530,negative,0.051112222479177495
1430362179455291399,negative,0.007176791971353284
1430362179501531136,positive,0.9952873883771399
1430362183448342531,negative,0.006834859480122911
1430362183859413003,negative,0.0025468071763794353
1430362186053001225,negative,0.011564646278162878
1430362189597138945,neutral,0.6418198497955422
1430362190251429889,negative,0.0004162536490050244
1430362191287529479,negative,0.0015314426657507432
1430362196387811328,negative,0.02129124451154466
1430362196605902849,negative,4.243370183792904e-05
1430362201660043268,negative,0.02129124451154466
1430362202440183816,negative,0.005927272392996354
1430362202519871488,negative,0.0010362795031483875
1430362202960273413,negative,1.2119262832224166e-07
1430362203283238919,negative,0.2693590436532272
1430362204222656512,negative,0.00023921100395301394
1430362206823137281,negative,0.012734679510500222
1430362207737495556,negative,1.2119262832224166e-07
1430362209566212098,negative,0.0040578452810625405
1430362209587286016,negative,0.021779444348456294
1430362211118092288,negative,0.00017633074523220777
1430362212703608832,negative,0.004761008732647478
1430362214632869890,negative,0.0020578658157035237
1430362215253778433,negative,8.151548590482193e-06
1430362215484297219,neutral,0.4772991170780573
1430362215761186822,negative,0.018191717739892643
1430362219921899525,negative,0.0027416091026528488
1430362219963985923,negative,0.026690432959104664
1430362220563779591,negative,0.003609883482513484
1430362221142585346,neutral,0.46790029342103856
1430362221394137089,negative,0.02129124451154466
1430362221683617794,neutral,0.49789225920557484
1430362221826162690,negative,0.00011854211709377347
1430362223440977921,negative,0.015399092566405242
1430362223470419969,negative,3.402909592202814e-05
1430362224099475456,negative,0.00047816501777537445
1430362225651425287,neutral,0.33893982095732217
1430362226251161600,negative,1.3121948060636593e-07
1430362227463401476,neutral,0.3373304428054745
1430362228528750593,negative,0.003150481972885418
1430362228969050117,negative,0.003556846964522331
1430362229640138756,neutral,0.43314847474369567
1430362234140696577,neutral,0.46790029342103856
1430362235193397250,negative,0.01119498213345308
1430362237114458113,negative,6.014479591269272e-07
1430362243959513092,negative,0.02129124451154466
1430362245687619584,negative,0.01600018912809608
1430362245960249345,neutral,0.5668153456260925
1430362246077718529,negative,0.012387422454138444
1430362246715252738,negative,0.05359793992004245
1430362247856017412,negative,0.2503620269031739
1430362249106006018,negative,0.3029968537174699
1430362250129416198,negative,4.421128332195802e-09
1430362250905374721,positive,0.6673876215951715
1430362251656052739,negative,0.0015314426657507432
1430362256269840389,negative,0.02129124451154466
1430362256378933250,negative,0.00571313037473452
1430362256538324995,negative,0.20537445868366933
1430362257054109697,negative,0.0025000167653145907
1430362259403034625,negative,0.011199235971232157
1430362259428200452,negative,7.618648937931537e-05
1430362261521113090,negative,0.029084605322430918
1430362262552915969,negative,0.0009067598460901099
1430362265430204422,negative,1.2119262832224166e-07
1430362268236189698,negative,0.025606385327558677
1430362268680826880,negative,2.61695223104323e-07
1430362269234483204,negative,0.09847083458068166
1430362272392679424,negative,3.2005856181862435e-06
1430362273177026563,negative,0.050253641132357744
1430362279279841280,negative,0.01363033722944997
1430362280873582598,negative,7.879062571572441e-05
1430362283763544066,negative,0.25925896161180806
1430362284472381442,negative,0.0029670353228045663
1430362284489121796,negative,2.138776558489829e-09
1430362288201113601,negative,2.320449987402536e-06
1430362289975267336,negative,0.1592151548911961
1430362291594203143,negative,0.05056084106096975
1430362295914438657,negative,0.02129124451154466
1430362296753303554,negative,0.08214019682871773
1430362296874831875,negative,0.10310227302193009
1430362297231364099,negative,0.014743846025910718
1430362298565210112,negative,0.10310227302193009
1430362298862944260,negative,0.2431786953724786
1430362298934194179,negative,0.020195133268183636
1430362300083474436,negative,0.08287416586118662
1430362300225966080,neutral,0.42971880017966596
1430362302449164302,negative,0.06692082588542778
1430362305326469122,negative,0.19876478087241084
1430362305536069632,negative,0.0009586228243979713
1430362305888505856,negative,0.1439591053554232
1430362306593107969,negative,2.3781983275491236e-07
1430362306886750212,negative,0.003609883482513484
1430362307004182532,negative,0.08043798955974785
1430362307301937152,negative,0.16176363966730578
1430362308728000517,negative,0.021779444348456294
1430362309197766656,positive,0.8150305031935859
1430362309738864643,neutral,0.34695360741350567
1430362313622761478,negative,0.004761008732647478
1430362315392573441,negative,0.07528266322067456
1430362316357373953,negative,0.014517887850572044
1430362317003403264,negative,0.04361992444699105
1430362319293456384,negative,0.03171603930683713
1430362319578714116,neutral,0.46318326475361027
1430362320681713666,negative,0.1484788263810481
1430362320996290563,negative,0.0035233992330285504
1430362321034125318,negative,0.02129124451154466
1430362321461915649,negative,3.124376641687979e-06
1430362322330075140,negative,0.0001335581033597035
1430362322342719491,negative,0.11142207120075065
1430362323546480646,negative,0.18693525393780858
1430362324796334085,negative,0.005753394115811916
1430362325324869632,negative,0.0204599567555194
1430362325366808578,negative,0.290581831049456
1430362325891129352,negative,0.034221280423998524
1430362326360862720,negative,0.034221280423998524
1430362326889271297,negative,5.487001049755896e-09
1430362328390901764,positive,0.8436025296655892
1430362328894164996,negative,1.116906885485123e-06
1430362330525745154,negative,0.244361836809334
1430362330810912771,negative,0.0015999112307197017
1430362333394604035,negative,0.07806621562641687
1430362333935767557,negative,0.00386566360826654
1430362334963421187,negative,1.629388007340342e-07
1430362334996877313,negative,0.04897611193364672
1430362336121004034,negative,7.858318958467594e-05
1430362336485908480,negative,1.2119262832224166e-07
1430362338553733125,negative,0.23495677186782377
1430362340092956677,negative,0.032620373827817586
1430362340231467014,negative,0.01643650692431863
1430362340566970369,negative,0.02129124451154466
1430362346631860224,negative,0.002863158537891426
1430362348225708037,negative,0.005753394115811916
1430362352159969284,negative,0.09691406050837033
1430362356429824003,negative,0.17156031860590082
1430362357549703168,negative,0.013794361949136347
1430362359344865283,negative,0.00020343272706327376
1430362360078757890,negative,0.14877082750004827
1430362360154402817,negative,0.31846387869528453
1430362360594767874,positive,0.8020321162977153
1430362360636710913,negative,0.0012105534066273768
1430362360854859778,negative,0.15737842653802575
1430362363446898691,negative,0.01600018912809608
1430362363753025536,negative,0.012905584955553998
1430362364449370120,neutral,0.34232987130976045
1430362364529020933,neutral,0.49789225920557484
1430362367817289731,positive,0.6673876215951715
1430362368626864129,negative,0.00023921100395301394
1430362373106409476,negative,0.1439591053554232
1430362373983031303,negative,0.00017070135102829429
1430362374825922561,negative,0.0030050361174263317
1430362375950114816,negative,0.017813309709211606
1430362376268824576,negative,1.2119262832224166e-07
1430362376377933826,negative,0.06080638108198499
1430362378428981254,negative,8.666236706517845e-10
1430362378554724354,negative,0.009060616220317445
1430362379452289029,negative,0.02129124451154466
1430362380538626054,negative,0.06028924744845539
1430362381381607428,negative,0.00024904251105430217
1430362381700452357,negative,0.0029670353228045663
1430362383155965954,negative,9.342293114661117e-06
1430362385190166528,negative,2.1416496248025802e-05
1430362386540777474,positive,0.6673876215951715
1430362389015261188,negative,0.003609883482513484
1430362389569064961,negative,0.05034892779981422
1430362390286114822,negative,0.004961332164177251
1430362392618225668,negative,0.014295194281246116
1430362393192849410,negative,8.373470007033665e-08
1430362393377398789,negative,0.19183871800402985
1430362396653199360,negative,0.002515317722295464
1430362397366235141,negative,0.011199235971232157
1430362398360313863,negative,0.01119498213345308
1430362398519697409,negative,0.03318764026523004
1430362401078194183,negative,4.705369640648185e-05
1430362401367629825,negative,5.2476974260953974e-06
1430362401787027464,negative,2.6193115254842787e-05
1430362407801602054,positive,0.6673876215951715
1430362411861745667,negative,1.0372377649992076e-07
1430362413174562816,negative,0.002874528822599138
1430362413971525635,negative,7.858318958467594e-05
1430362417456943107,negative,0.02129124451154466
1430362419801493508,negative,0.0009372021609341171
1430362420128751616,neutral,0.6330861191521205
1430362420552339457,positive,0.6673876215951715
1430362421063991300,negative,0.02108746223993052
1430362421139476485,negative,0.15480874163662972
1430362421630279681,negative,0.1439591053554232
1430362423224160257,negative,0.05056084106096975
1430362423396114436,negative,0.015399092566405242
1430362423689629700,negative,0.0027416091026528488
1430362424029351936,negative,0.00023921100395301394
1430362425367355395,negative,0.0789787448062414
1430362426642472960,negative,0.09942184886734068
1430362426680254470,negative,0.0023566090282697454
1430362427024187394,negative,0.0009890544861770852
1430362427028385795,negative,3.33540279365665e-07
1430362427443535877,negative,0.010261859591563467
1430362427498012673,negative,0.15480874163662972
1430362429381390338,negative,0.03156820079324485
1430362430845112321,neutral,0.4089687285363368
1430362431516196866,negative,0.0004608294739386791
1430362436729774082,negative,0.015321006609517683
1430362437304336384,negative,0.000776417751445126
1430362438915010560,negative,0.21948954821318722
1430362440680751108,negative,1.2119262832224166e-07
1430362442287259657,neutral,0.4171084832741637
1430362445613342726,negative,0.15480874163662972
1430362446401654790,negative,1.2119262832224166e-07
1430362446565363717,negative,1.0662487401881371e-09
1430362446959611909,neutral,0.33142663341986284
1430362449564291073,positive,0.6673876215951715
1430362451120427014,negative,0.26946072723466363
1430362453091569665,positive,0.9471411493922147
1430362453599264774,negative,0.06589923647266555
1430362457273339904,negative,0.12239827232910852
1430362458284302338,negative,0.017589793233056282
1430362459358089219,negative,0.032620373827817586
1430362461392224257,negative,0.00024904251105430217
1430362463023816711,negative,0.0012105534066273768
1430362463426469890,negative,0.0022937499037053743
1430362464236056577,negative,0.02086594186491789
1430362464307269634,negative,0.0016433462705375123
1430362464370180099,negative,0.0005700459510788234
1430362466198990848,negative,0.05056084106096975
1430362467323023360,positive,0.6673876215951715
1430362468350664719,negative,7.650008265276624e-05
1430362468417785860,negative,0.02129124451154466
1430362469483094021,negative,6.7065495267242356e-06
1430362470288343042,negative,0.02284591336918489
1430362470531612672,negative,0.007176791971353284
1430362471773220876,negative,0.028585987120571105
1430362472414916608,negative,1.0873877146714268e-05
1430362473417302021,negative,9.445865829404473e-05
1430362476030332929,negative,0.009858468591028907
1430362476084817927,negative,0.07613870137387588
1430362477271916544,negative,0.06696868890632181
1430362478941294596,neutral,0.4310066251597833
1430362483445874689,negative,0.003609883482513484
1430362483877896193,negative,6.014479591269272e-07
1430362488747569154,negative,0.07806621562641687
1430362489561231366,negative,0.041774818506983585
1430362491033427970,negative,2.3743809338116833e-07
1430362491570343936,negative,0.05056084106096975
1430362491998068738,neutral,0.4538146206303498
1430362492249812992,negative,2.43038242412175e-05
1430362492534984705,neutral,0.49789225920557484
1430362493315059712,negative,0.09701018081577242
1430362495991091204,negative,0.013477567214163514
1430362496582356997,negative,0.00031427386900416155
1430362497836519424,negative,5.704544274059472e-10
1430362502903353347,negative,0.0334202936668597
1430362504539086854,negative,0.005753394115811916
1430362504811753475,negative,0.046402231565792415
1430362505184956417,negative,1.2119262832224166e-07
1430362505319227393,neutral,0.49789225920557484
1430362506317402115,negative,0.15480874163662972
1430362506606825474,negative,0.00010132550180503025
1430362507198226436,positive,0.9954360962508451
1430362509186379777,negative,0.014035669573749956
1430362510868242442,negative,0.000232693901414885
1430362511686127618,negative,0.0018116426482580963
1430362511828791300,negative,1.4525949632376575e-06
1430362512780824577,negative,2.536713354941636e-05
1430362512814391296,negative,0.14188711129653592
1430362513556836354,negative,0.02129124451154466
1430362513695297537,negative,0.04924060628565887
1430362514169204737,negative,0.0001968458011092468
1430362515175788546,neutral,0.6395473371302288
1430362515347845120,negative,0.054001409924589
1430362517684035588,negative,0.0002456916823241116
1430362519617490948,negative,4.358276501052758e-05
1430362521777709059,negative,5.24892434758477e-11
1430362522289414145,negative,0.05226567086749556
1430362522415206401,negative,0.034221280423998524
1430362523409297412,negative,0.0034447238647020793
1430362523958661120,neutral,0.49789225920557484
1430362524105445376,negative,0.004761008732647478
1430362526085259264,neutral,0.4773660485377279
1430362528241143812,negative,0.05223639773576974
1430362529637732352,negative,0.003609883482513484
1430362531063902208,neutral,0.47612671887096547
1430362533932711937,negative,0.20192939702307253
1430362537506246659,negative,6.318200409595442e-05
1430362537657257984,negative,0.012954764445441727
1430362537669787653,negative,0.012905584955553998
1430362539288928260,negative,0.1439591053554232
1430362539641159684,negative,0.2503620269031739
1430362540714954753,negative,5.487001049755896e-09
1430362541415358465,negative,0.06491148231597942
1430362542480650241,negative,0.007910047679810604
1430362543399358467,negative,0.231144097495766
1430362545932709889,negative,0.02129124451154466
1430362548419784704,negative,0.16908683820064974
1430362549984317441,negative,0.242552982885465
1430362550798102531,negative,0.10310227302193009
1430362551439790085,negative,0.2854724493000858
1430362551615959042,negative,9.854743385275871e-05
1430362553650192387,negative,0.00023430815911436773
1430362553981358087,positive,0.9954360962508451
1430362555839623171,negative,0.1990441370963609
1430362558826000386,negative,0.0035025068366264407
1430362559258013699,negative,0.08981929967679646
1430362559685791745,negative,0.028095881199370003
1430362561287962624,positive,0.6673876215951715
1430362564148531205,negative,0.012107715072288762
1430362564660236295,negative,0.00967239558597924
1430362565100675073,negative,4.115004394194872e-17
1430362565230481411,negative,0.00031093771297326784
1430362565469609986,negative,1.9605049153991847e-05
1430362565608189954,neutral,0.5749582430328566
1430362568007340039,neutral,0.6255248137969407
1430362568225398789,negative,0.15480874163662972
1430362568925851651,negative,0.23293114961707193
1430362569257242627,negative,0.01888981378780434
1430362569286504450,negative,0.11282374693166028
1430362572340047872,negative,0.0006911834245006714
1430362572373508101,negative,0.0012583887918360943
1430362574042845188,neutral,0.46790029342103856
1430362574701350915,negative,3.6277105758537147e-06
1430362576014258181,negative,2.9425688359235522e-05
1430362579570806788,negative,0.002698192440556149
1430362579940085760,negative,0.004761008732647478
1430362580510457862,negative,0.00012159038611146789
1430362580816736262,negative,0.11154443292387338
1430362582112776197,negative,2.1104073160766968e-05
1430362582754414598,negative,5.7587603385328974e-08
1430362583396196354,positive,0.6673876215951715
1430362584931192832,negative,0.007915303511610775
1430362586080583682,negative,0.00010841013401255566
1430362588471255040,negative,1.2119262832224166e-07
1430362590027427842,negative,0.003609883482513484
1430362590732038148,negative,0.0014357340655133668
1430362591487045643,negative,0.052096409062629814
1430362592237731841,negative,0.0065369586551013515
1430362594561429506,negative,5.023512362685075e-05
1430362598378180608,negative,2.1104073160766968e-05
1430362598856445952,negative,9.129672316409522e-08
1430362599846252545,negative,3.466038967574932e-05
1430362602161516544,negative,0.07806621562641687
1430362602245341186,negative,4.706228218608008e-06
1430362603126239234,negative,0.1613162292850915
1430362603365277704,negative,0.19037503667422756
1430362605252657153,negative,0.0003030687478954268
1430362608171880450,neutral,0.4657248425470034
1430362608511619072,negative,0.028217856910894
1430362610453651456,negative,0.0028444521563143078
1430362613163122689,neutral,0.6330861191521205
1430362615432286209,negative,2.2062957041815599e-07
1430362615872643072,negative,0.05056084106096975
1430362616761921536,negative,0.19183871800402985
1430362618137649153,positive,0.7046883652600201
1430362619089756160,negative,0.0015494778547154606
1430362619685310466,negative,0.03156820079324485
1430362622910767105,negative,0.005245371764099803
1430362623355281408,negative,0.0018116426482580963
1430362623531438080,negative,0.0010898161259791904
1430362625498513412,negative,0.004061721063799349
1430362625917992961,negative,0.06275377052348788
1430362626329092098,negative,1.225473433579602e-05
1430362628027731971,negative,0.12149618879034184
1430362629843951619,negative,2.61695223104323e-07
1430362631957848067,neutral,0.34695360741350567
1430362632343724032,negative,0.1444699194932043
1430362633996210177,negative,0.0003840392174510557
1430362634973597697,negative,0.034221280423998524
1430362635090989056,negative,0.00038418567990784427
1430362636206723081,neutral,0.5800819319555885
1430362636479238147,negative,0.18870794159781434
1430362639448825859,negative,0.0006648101627369067
1430362644792451074,neutral,0.46790029342103856
1430362644817620992,neutral,0.3499352441185855
1430362646239498241,neutral,0.46790029342103856
1430362648542068738,negative,0.007250035138941875
1430362649909420033,negative,0.003936164268816056
1430362650156969992,negative,0.0018116426482580963
1430362652451160074,negative,0.00023921100395301394
1430362653088784387,negative,0.003936164268816056
1430362653889867779,negative,0.0015225511586045262
1430362654078607361,negative,0.04237424094130999
1430362655886303234,negative,0.04627533188280871
1430362656431656964,negative,2.9481154168767434e-05
1430362657148788738,negative,0.00010837340725061413
1430362657329197056,negative,6.011225856095129e-10
1430362657882787841,negative,0.05846238949888584
1430362658675564553,negative,9.129672316409522e-08
1430362658897866759,negative,0.03849085552813541
1430362661229940743,negative,0.005753394115811916
1430362662089760768,negative,0.0014332493716771293
1430362662874066947,negative,0.0065369586551013515
1430362663536709637,negative,3.506167451751735e-05
1430362666946736130,negative,0.00026664924396415247
1430362667605184515,negative,0.05226567086749556
1430362668897030150,negative,0.011372531345140536
1430362669886885889,positive,0.6673876215951715
1430362670134439940,negative,0.08418829720096058
1430362673162694665,negative,3.9001536750093e-11
1430362673301135360,negative,0.006437552770425797
1430362678757838851,negative,0.0009065030178654257
1430362679424823298,negative,0.02129124451154466
1430362679517061124,negative,0.06803852969405345
1430362681123409923,negative,0.13580593979610614
1430362682969018372,negative,8.07945757168755e-05
1430362683442962434,negative,0.24255465253666142
1430362683883331586,negative,0.02129124451154466
1430362684395032578,negative,0.005753394115811916
1430362685506527237,neutral,0.37231951514265965
1430362688127967238,negative,0.25611095771320935
1430362688480153602,negative,0.000823749344199596
1430362688593424391,negative,1.737483230169135e-11
1430362689340125191,neutral,0.3385252644667176
1430362689784717315,negative,1.2669321747160508e-07
1430362691776958469,negative,0.19183871800402985
1430362691961491469,negative,0.012459858520806576
1430362692401782787,negative,0.037172708204337795
1430362693039493120,negative,0.14956780288665786
1430362694297735172,negative,0.17315878899466872
1430362695388250119,negative,0.0028217767785853453
1430362696587878402,negative,0.18238443811221866
1430362698328461314,negative,0.10352207287851221
1430362700257718275,negative,0.023066641506162833
1430362700572286976,negative,0.09942184886734068
1430362701138567169,negative,0.023066641506162833
1430362701184704513,negative,0.023066641506162833
1430362701218287621,negative,0.023066641506162833
1430362703869136898,negative,0.03634590062905021
1430362704527646726,negative,0.006834859480122911
1430362704800325637,positive,0.6673876215951715
1430362704880013315,neutral,0.3383859625513019
1430362706939416576,negative,0.20060968914697147
1430362708101173250,negative,3.084419161692192e-05
1430362708944302089,negative,0.017589793233056282
1430362709703503879,negative,0.0009647121186520906
1430362710584303620,negative,0.10330600649973323
1430362710773051392,negative,0.0018116426482580963
1430362710882062336,negative,0.048146630838727306
1430362712475848706,positive,0.7578712788733418
1430362715873230849,negative,0.027027734344600114
1430362716506570757,negative,0.005753394115811916
1430362716854759424,negative,0.022282132490253168
1430362719803346944,negative,0.15480874163662972
1430362721011347458,negative,1.448362245078706e-07
1430362724161265664,negative,0.09906850969663836
1430362724177833989,negative,0.00035240359230924787
1430362727365681158,negative,0.03676600924240424
1430362728196100099,negative,0.01643650692431863
1430362731253837824,negative,0.0748687464119145
1430362731631321092,negative,1.4078950355692953e-08
1430362733371854849,negative,0.0005612894962486011
1430362733929762817,negative,0.32195147969670806
1430362734189760513,negative,0.05864878090876936
1430362735154536449,neutral,0.4507454498615163
1430362736614158340,negative,1.1427010921495333e-09
1430362737452933120,neutral,0.6248753173236122
1430362738505789444,neutral,0.49789225920557484
1430362739369779201,negative,0.0007560381766937978
1430362739919233025,negative,0.15480874163662972
1430362742389673985,negative,0.04444230061225738
1430362742595203074,negative,0.0601429696669607
1430362743589199883,negative,0.04357602486634424
1430362746529452039,negative,0.0065369586551013515
1430362752518955008,negative,0.02129124451154466
1430362752850309121,negative,2.88400508434332e-07
1430362752963407873,negative,0.08981929967679646
1430362754624409600,neutral,0.46127768308170247
1430362755530375174,neutral,0.4922434542267056
1430362756000198665,negative,0.012431191778843846
1430362758411956226,negative,0.0002456916823241116
1430362760311984129,negative,0.011245675747262535
1430362768964788232,negative,0.0228007528065017
1430362769409429508,neutral,0.4225934724296628
1430362771615518720,negative,0.09493694016010701
1430362772211175435,neutral,0.5110683269035563
1430362772936794112,negative,0.06589923647266555
1430362773591138306,negative,0.0001689756049803818
1430362776145383425,negative,0.02129124451154466
1430362778301313026,negative,0.0005653215456707871
1430362780994052096,negative,5.247728645398532e-05
1430362781677654021,negative,0.09773386792945811
1430362783116300288,negative,0.0008683764170862291
1430362784039161856,negative,0.0915796991391375
1430362785913970688,negative,0.10310227302193009
1430362786832519174,negative,0.1439591053554232
1430362787205746688,negative,0.11142207120075065
1430362788409524227,negative,0.012431191778843846
1430362788556414977,negative,4.115004394194872e-17
1430362789051305985,negative,0.0002972057961471961
1430362790204612609,negative,0.000629181393352454
1430362790875865089,negative,0.018924021411213982
1430362790997512193,negative,0.040432256961218965
1430362794105479170,negative,4.6904451141107306e-07
1430362794902396930,negative,0.008178362527209763
1430362796810768392,negative,0.002577405372422976
1430362797049794563,positive,0.8150305031935859
1430362798186536961,negative,0.029983180911985267
1430362802087153667,negative,1.6671004208207947e-05
1430362805371346948,negative,0.10310227302193009
1430362805757259779,negative,0.015399092566405242
1430362805757267968,negative,0.0008683764170862291
1430362808688992257,negative,0.012733965306920133
1430362809494237189,negative,0.020657679789262404
1430362810114924544,negative,0.09810444681855067
1430362811826384902,negative,2.536713354941636e-05
1430362812300337153,negative,8.741046491151701e-06
1430362812375777280,negative,2.329567303682071e-09
1430362812422004736,negative,0.009274910141866977
1430362813562753031,negative,0.00010570144875625488
1430362813936111618,negative,0.19512902450161523
1430362814414196736,negative,1.0898535350955413e-05
1430362817736036353,negative,0.2128499989891602
1430362818583400450,negative,0.016427448126362078
1430362819908837380,negative,0.0007177288004068201
1430362820965711874,negative,0.06589923647266555
1430362821116715009,negative,0.007142341535843848
1430362827781443585,negative,2.8475396934815454e-08
1430362828918214657,negative,0.00023921100395301394
1430362829312385024,negative,0.10330600649973323
1430362829916360707,neutral,0.3533898412258681
1430362831619297282,negative,1.765820509802812e-05
1430362837294145540,negative,0.006542461467163807
1430362838242037762,negative,0.017336826370790235
1430362840960049157,negative,0.00010303559697810584
1430362840997765120,negative,0.0029905651180278524
1430362841417232384,negative,0.00038418567990784427
1430362845007552522,negative,0.1439591053554232
1430362847725432841,negative,0.14330423104608364
1430362848371347461,negative,0.0008683764170862291
1430362848933212161,negative,0.08786737462402619
1430362849130553347,positive,0.7535849697583764
1430362850510479363,negative,0.2994072818141168
1430362850598469638,negative,0.0002456916823241116
1430362856319508487,negative,0.0038773215160286508
1430362858441826315,negative,0.20172290485515262
1430362860941545472,negative,0.1560984423118276
1430362862946603008,neutral,0.5303606889533533
1430362863739318278,negative,7.5576574177852e-05
1430362864917827585,negative,0.002874528822599138
1430362865110818818,negative,0.18238443811221866
1430362866247421953,neutral,0.4922434542267056
1430362867182755842,negative,0.02387251284677864
1430362868000624640,negative,0.19183871800402985
1430362869753843716,negative,4.6904451141107306e-07
1430362872480161795,negative,0.09753516492752427
1430362875269419013,negative,0.019200155864368018
1430362881145466880,negative,0.001376345620382755
1430362882244550658,negative,0.03156820079324485
1430362883075059714,negative,0.15563882538157908
1430362885679616005,negative,0.13479347375423373
1430362888066289665,negative,0.000989478039052131
1430362890272378883,negative,0.034221280423998524
1430362892554100743,negative,1.0372377649992076e-07
1430362894739419136,negative,0.15480874163662972
1430362895850876928,negative,0.3212816482713751
1430362896811311105,negative,0.017589793233056282
1430362896920457217,negative,0.16580368312969732
1430362897163694081,negative,1.2119262832224166e-07
1430362897436352514,negative,0.02129124451154466
1430362898145189888,negative,0.04944995414456298
1430362900993122306,negative,0.02129124451154466
1430362901429301253,negative,0.18011813426510112
1430362902775533569,neutral,0.49789225920557484
1430362903438372866,negative,0.0030513978603154083
1430362904788967428,neutral,0.4047036180665992
1430362906743513092,negative,0.007103829524113931
1430362907284488196,negative,0.1912305802303923
1430362909662711812,negative,9.131352689431045e-10
1430362910015070211,negative,2.0102799119988846e-07
1430362910367301632,negative,3.981426868928377e-05
1430362912682651649,negative,3.217572357758867e-05
1430362913743769604,negative,0.005760325956688405
1430362916289748994,negative,3.3397237800521566e-09
1430362917145354246,negative,0.0012105534066273768
1430362918818697222,negative,2.8221585107700987e-08
1430362918969909251,negative,1.0372377649992076e-07
1430362919175401481,neutral,0.5778952623434803
1430362923789168641,negative,0.002935411137081108
1430362924267278337,negative,7.530549911914346e-09
1430362924661592074,negative,0.02129124451154466
1430362925127061507,negative,4.565240192270373e-05
1430362926070779909,negative,2.1416496248025802e-05
1430362927983366144,negative,8.663024827084664e-07
1430362929870905358,negative,0.0014332493716771293
1430362930890039298,negative,0.02129124451154466
1430362931397636097,negative,2.6211466983294634e-05
1430362931628232705,negative,0.0004833414061781491
1430362935403192321,neutral,0.473857968409677
1430362935596044291,negative,0.0007952350072370782
1430362936355311623,negative,0.019200155864368018
1430362937470984194,positive,0.9954360962508451
1430362938565607427,neutral,0.35509496682161057
1430362939303858179,negative,4.785592837540113e-07
1430362941929426944,negative,0.09773386792945811
1430362943829512200,negative,0.18435043717938465
1430362944374775814,neutral,0.6255248137969407
1430362944529866756,neutral,0.5719501739269441
1430362944647401473,negative,0.017328110304815753
1430362945817620480,negative,0.00018619511581893753
1430362949147844608,negative,0.02129124451154466
1430362949437300737,positive,0.9999941132459935
1430362949852479490,negative,1.712412400173703e-06
1430362951911976964,negative,0.09150025264967614
1430362952335511560,negative,3.981426868928377e-05
1430362954524921859,negative,1.2119262832224166e-07
1430362958308204552,negative,0.013016178131115113
1430362959520411648,negative,0.06964515723976908
1430362960531279873,negative,0.02129124451154466
1430362960883556353,negative,0.0028217767785853453
1430362962464854022,negative,0.18693525393780858
1430362962657693701,negative,2.7416174047940352e-08
1430362964180209677,positive,0.6673876215951715
1430362965027471363,negative,0.17612975799695404
1430362966126379010,negative,0.00045768304693667624
1430362966394691589,negative,0.021779444348456294
1430362968718458881,neutral,0.6580696364137677
1430362969553182720,neutral,0.46790029342103856
1430362970954084356,negative,0.02129124451154466
1430362972476645378,negative,0.2808657038350134
1430362972686327809,neutral,0.34602152837349764
1430362972958904328,negative,0.0204599567555194
1430362973227335683,negative,0.008158377403012153
1430362973344784388,negative,0.006437552770425797
1430362973957152768,negative,1.2119262832224166e-07
1430362974292692992,negative,0.26946072723466363
1430362975446081539,negative,0.0204599567555194
1430362976880529414,negative,0.24051203593247364
1430362980709974018,negative,0.0005612894962486011
1430362981397843968,negative,5.709735940043604e-06
1430362981762838530,negative,0.002874528822599138
1430362986611417091,negative,2.2988132734885133e-10
1430362986779119620,negative,9.46842034549335e-10
1430362987399827458,positive,0.9600744382486488
1430362987785768964,negative,4.671441511205884e-11
1430362988624715776,negative,0.009729619485042784
1430362990151446528,negative,0.002698192440556149
1430362990264606724,negative,0.3072166742301975
1430362993985040387,negative,2.0853929867956665e-07
1430362995977244673,negative,0.231731395059523
1430362998724603906,negative,0.09246888873762235
1430363002499444738,positive,0.6673876215951715
1430363002671349761,negative,0.27593737693920467
1430363007226454019,negative,0.2282300318111815
1430363008170029068,negative,0.015489078415320276
1430363009063473153,negative,0.006275621508273062
1430363009810116611,negative,0.003934139300013207
1430363010778939397,negative,0.0024513056632993035
1430363011106099203,positive,0.6746108756521773
1430363011177500674,negative,0.02129124451154466
1430363011189858305,negative,0.0015322782696912368
1430363011445821446,neutral,0.3794434373490297
1430363012146376708,negative,0.3024027088783894
1430363013081702404,negative,0.0038773215160286508
1430363013924757507,negative,0.014461635038791958
1430363016978067458,negative,0.0006072519923404105
1430363019205296134,negative,0.0016206032638520656
1430363019742228480,negative,2.463980680276039e-05
1430363022011346944,negative,0.011956471674303635
1430363022569185280,negative,0.012431191778843846
1430363022644727809,negative,0.02129124451154466
1430363023978508290,negative,0.06254368976924081
1430363024607567878,negative,0.20449451145825975
1430363024951480327,negative,0.005418590639060688
1430363025136099329,negative,0.0018116426482580963
1430363025333268486,negative,0.02129124451154466
1430363025429733384,negative,0.0038773215160286508
1430363025895305220,negative,0.07579930378294893
1430363027971448834,negative,2.341190641877837e-05
1430363031935016962,negative,0.0002456916823241116
1430363033549803525,negative,1.9605049153991847e-05
1430363034422292485,negative,0.20449451145825975
1430363034883530757,negative,0.0013362984474513144
1430363035386908675,negative,0.0018116426482580963
1430363037165293579,positive,0.9970371900584261
1430363037316362249,negative,0.013920742333946357
1430363040453697537,positive,0.6673876215951715
1430363042949197825,negative,0.00215893313722163
1430363043481935872,negative,0.07220615549072705
1430363043737882625,negative,0.04357602486634424
1430363044262158343,negative,0.20449451145825975
1430363046564802562,negative,0.02129124451154466
1430363048217391111,negative,0.02729404165848071
1430363048292671488,negative,0.017813309709211606
1430363048296992770,negative,0.32445607330426646
1430363048477433860,negative,0.00034734909337997617
1430363049752502276,negative,0.03156820079324485
1430363050943696898,negative,0.0014857589306297757
1430363051870535683,negative,0.0012258569913117354
1430363051933450242,negative,0.006156940675492151
1430363052340305921,neutral,0.41539665137696885
1430363055209263106,negative,0.0010718499754829968
1430363057595760644,neutral,0.3372281087142034
1430363058124169216,negative,0.008178362527209763
1430363059122548742,negative,9.129672316409522e-08
1430363062943600648,negative,0.0204599567555194
1430363064411430921,negative,0.03799265471816155
1430363068740087814,negative,0.0008007525917740928
1430363069230817283,negative,0.0008262540398520929
1430363069692006400,negative,6.318200409595442e-05
1430363070489141255,negative,0.01090869512701178
1430363072040894476,negative,0.2128499989891602
1430363072271585280,negative,0.2128499989891602
1430363072875597828,negative,5.487001049755896e-09
1430363073991397378,positive,0.6673876215951715
1430363074045882371,negative,0.03817958530379652
1430363074851180549,neutral,0.4310066251597833
1430363074914029568,negative,0.020619986766225114
1430363078022008834,negative,0.05091526086461061
1430363078856777734,negative,0.02129124451154466
1430363079062196226,negative,0.0002456916823241116
1430363079422840834,negative,0.2128499989891602
1430363079498289158,negative,0.2128499989891602
1430363079607414788,negative,0.014035669573749956
1430363079989153794,negative,0.02129124451154466
1430363080064737280,negative,0.01090869512701178
1430363080786120708,negative,0.0034637541977218284
1430363083898195968,negative,0.005753394115811916
1430363084057628678,negative,0.009649016301374535
1430363085202763781,negative,0.06353499681727007
1430363085542498304,negative,0.003962408445577315
1430363086280482818,negative,0.0023998663970677386
1430363086481920005,neutral,0.6459567158672359
1430363088923074562,negative,1.0710500520305626e-05
1430363090395320330,negative,0.014035669573749956
1430363091817144320,negative,0.005273594674713915
1430363091867475969,neutral,0.49789225920557484
1430363092114972673,negative,3.353080218024061e-07
1430363094845427713,negative,4.232310310255291e-05
1430363096040751106,negative,2.9104286900018108e-05
1430363096825090049,negative,0.290359589975033
1430363097231994883,negative,0.010099630111080738
1430363097445896194,negative,2.61695223104323e-07
1430363098293182465,negative,0.15751441244300443
1430363099454922757,negative,0.00035240359230924787
1430363101841477633,negative,1.9038709478011708e-10
1430363101891858441,negative,0.008043410504919983
1430363102315368458,negative,0.0016115599195371767
1430363102621704192,negative,0.011199235971232157
1430363102919499778,negative,0.046654468059341536
1430363104664301571,negative,0.2004878311897992
1430363105075228675,negative,0.024081163845850555
1430363106006470657,negative,0.04521309026617822
1430363106065190915,negative,0.00960043463545935
1430363106438418436,negative,0.26946072723466363
1430363108686639107,negative,0.02129124451154466
1430363109261250560,negative,0.0018116426482580963
1430363111454826498,neutral,0.5027646538510618
1430363111995985921,negative,0.15480874163662972
1430363119780515840,positive,0.9999598044706662
1430363123391897602,negative,0.09493694016010701
1430363123601584135,negative,0.2004878311897992
1430363125660987392,neutral,0.37923124365846633
1430363125782663169,neutral,0.46388013727524513
1430363127850352641,negative,0.09493694016010701
1430363128626180098,negative,0.0018439366190605684
1430363131444924420,neutral,0.5027646538510618
1430363132229156865,positive,0.9992430442566312
1430363132896190467,negative,0.02387251284677864
1430363138369675264,negative,0.055641924119803565
1430363139514712067,negative,0.04772072968471221
1430363139548356612,negative,0.00041965671180245755
1430363139862896640,negative,1.2119262832224166e-07
1430363141263831040,negative,0.15009249410920394
1430363142169710597,negative,0.002515317722295464
1430363143579054080,neutral,0.6283229349721198
1430363144111730694,neutral,0.4531203531379969
1430363145416187904,negative,0.004761008732647478
1430363145676234761,negative,0.008264620342393942
1430363148616224771,negative,0.1846883312035693
1430363151070121987,negative,0.014035669573749956
1430363151195942913,neutral,0.36413225911073666
1430363151862845449,negative,0.0007051763116859052
1430363156958826499,negative,0.0002421581960814967
1430363158775013382,negative,0.019638933908265824
1430363159571861505,negative,0.00012159038611146789
1430363161052524544,negative,4.994368520532384e-05
1430363162788995077,negative,0.10375926036501625
1430363163195854850,negative,0.26428984502970165
1430363163804028928,negative,6.991977888535851e-16
1430363168312860673,negative,2.61695223104323e-07
1430363170368012289,negative,0.0034637541977218284
1430363171836080129,negative,2.3449553272763225e-05
1430363173295624192,negative,0.002413905880609235
1430363177645223940,negative,0.11142207120075065
1430363178270175242,negative,0.0101105399394783
1430363179465515012,negative,2.6603176410599065e-06
1430363180631531524,negative,0.01655022480749108
1430363180723806210,neutral,0.5365462078231941
1430363186209992705,negative,0.04237424094130999
1430363190957940739,negative,0.08987386883474423
1430363191146651651,negative,0.1006737026279635
1430363194695028742,negative,0.0029282911755075867
1430363200525058053,negative,0.05226567086749556
1430363202894721025,neutral,0.46790029342103856
1430363203964489743,neutral,0.46127768308170247
1430363204132249606,negative,0.145779073095437
1430363204543291393,neutral,0.37923124365846633
1430363205126266890,negative,0.02129124451154466
1430363205457612801,negative,0.012431191778843846
1430363209261887488,negative,0.002935411137081108
1430363211195355136,negative,2.3743809338116833e-07
1430363213531594753,negative,0.08804982938601769
1430363215205076995,negative,0.011956471674303635
1430363216127959046,negative,7.253037629194795e-07
1430363216224399360,negative,0.0034637541977218284
1430363216945815561,negative,0.0007662779723572197
1430363217939685381,negative,0.0036002571858657546
1430363218367565829,negative,0.003609883482513484
1430363219269459969,negative,1.2119262832224166e-07
1430363220603244544,negative,2.61695223104323e-07
1430363222482247681,negative,9.698055005139658e-09
1430363222897479686,negative,0.00010805838495412232
1430363225023987721,negative,1.9605049153991847e-05
1430363226227843072,negative,0.00024312045898515686
1430363227821678596,negative,0.00394848991798037
1430363229755256834,negative,0.0027416091026528488
1430363230300479494,neutral,0.5136446707795853
1430363231655170048,negative,0.0022756747408908913
1430363232833871875,negative,0.32445607330426646
1430363235388207105,neutral,0.3385252644667176
1430363235526582287,negative,0.26946072723466363
1430363236726153227,negative,0.00015432103586430433
1430363238437433344,neutral,0.35032774864921173
1430363239821430785,neutral,0.46790029342103856
1430363240689774599,negative,9.369259238456976e-06
1430363241419583491,neutral,0.42971880017966596
1430363241428000771,neutral,0.5027646538510618
1430363241851543553,negative,0.00199562936172362
1430363243843833860,negative,0.018854047677093533
1430363244116561920,neutral,0.428737086043139
1430363244435226630,negative,0.11416083942319363
1430363244988878853,negative,0.09701018081577242
1430363245941084165,negative,0.06387628764905937
1430363245999689739,negative,0.02201234051531052
1430363246092079104,negative,4.470311442721384e-05
1430363247593594880,negative,0.007176791971353284
1430363251087392774,neutral,0.3794434373490297
1430363253108998147,negative,0.00011127517150528737
1430363253230784512,negative,0.0204599567555194
1430363259056623621,negative,4.6904451141107306e-07
1430363259920605184,negative,0.028393234260805512
1430363263393484803,negative,1.9605049153991847e-05
1430363263460593664,negative,0.0002309287384812039
1430363269290766346,negative,1.8005080947945743e-08
1430363271912071170,negative,0.002698192440556149
1430363273187168260,negative,0.014334183542913544
1430363273359249423,negative,0.0004392080816650362
1430363274332315651,positive,0.9998439740779413
1430363274961432577,negative,0.18693525393780858
1430363276072955909,negative,0.002726501199176687
1430363276852961287,negative,2.341190641877837e-05
1430363277507403779,negative,0.056417782936850784
1430363279747133447,negative,0.30468958915460226
1430363280317374466,neutral,0.4922434542267056
1430363281454243844,negative,3.45765887612767e-07
1430363283207462916,neutral,0.3403391890910929
1430363286504095749,negative,0.18114574022103763
1430363286973919232,negative,0.3189879193612644
1430363288337096709,neutral,0.4531203531379969
1430363290459312143,negative,0.14332774400437603
1430363290794872840,negative,0.1510070944030631
1430363291583406091,negative,0.02129124451154466
1430363293235957761,neutral,0.4538146206303498
1430363295110807552,negative,0.008291443789070046
1430363297925238784,negative,0.00023921100395301394
1430363298378174469,negative,0.3219847957503938
1430363301179965445,negative,2.408847393495951e-05
1430363302597644289,negative,0.012431191778843846
1430363303042240524,negative,1.9605049153991847e-05
1430363303528730627,neutral,0.5143447214613424
1430363304321589257,negative,0.04237424094130999
1430363304715714562,negative,0.003609883482513484
1430363305097396225,negative,0.002912664424265548
1430363306221621253,negative,0.10780671822234054
1430363307941122051,negative,2.8221585107700987e-08
1430363308817752065,negative,3.981426868928377e-05
1430363310000586754,negative,0.0748687464119145
1430363310264827909,negative,1.0094245679582965e-06
1430363310495604736,negative,0.012431191778843846
1430363310562570240,negative,0.001379217051552565
1430363312726872065,negative,7.938648911354344e-07
1430363313863528452,neutral,0.33001289349221025
1430363315725692937,positive,0.9954360962508451
1430363317558726656,negative,0.2442736749322915
1430363318535999492,negative,0.02129124451154466
1430363319764877316,negative,0.004961332164177251
1430363322289991683,negative,0.007176791971353284
1430363322516451331,negative,0.07172186343618546
1430363322919030794,negative,0.03277245206121018
1430363323128762372,negative,0.006477924369555903
1430363323372118020,positive,0.6673876215951715
1430363323812417541,neutral,0.46388013727524513
1430363324433186816,negative,0.0018993525248173935
1430363325762781189,negative,0.02171800189318105
1430363327964884997,negative,0.0015058425361385807
1430363328677912583,negative,0.2557840326729794
1430363330619879424,negative,0.0018116426482580963
1430363331592916999,negative,0.0002456916823241116
1430363332205293570,negative,0.01090869512701178
1430363335250223106,negative,0.011253006022690118
1430363338802962434,negative,0.0001266054161364185
1430363339226554370,negative,0.10113884140473946
1430363339981529094,negative,0.0872140596773481
1430363340203831296,negative,0.0028217767785853453
1430363342535680001,negative,0.006537291207378276
1430363342594617346,negative,0.014035669573749956
1430363343215341568,negative,0.011199235971232157
1430363343748014081,negative,0.012537253413884404
1430363345790590977,negative,0.012292287696168152
1430363348164620289,negative,1.3882473993947606e-05
1430363349599113218,negative,0.006058548544100569
1430363349762596868,negative,1.2119262832224166e-07
1430363350135984128,negative,0.06290726164708234
1430363350324727814,neutral,0.49789225920557484
1430363350479814660,neutral,0.5841157791447416
1430363351306018818,negative,0.017589793233056282
1430363351457095682,negative,0.21921412548362115
1430363352316977159,negative,0.004761008732647478
1430363353902366720,negative,0.03638877322939118
1430363354330279943,negative,0.0023700735569737856
1430363356586778625,negative,0.0028217767785853453
1430363357811466244,negative,2.25796694770929e-09
1430363358201536513,negative,0.26946072723466363
1430363358939820036,negative,5.4518268812630084e-06
1430363364044181504,negative,0.0008463731500872914
1430363364421681155,negative,0.01090869512701178
1430363364874670081,negative,0.0004480084051673441
1430363365231243264,positive,0.8348672671690991
1430363365457768453,negative,0.034221280423998524
1430363365617065986,negative,0.21364903356142845
1430363366334271492,negative,0.008043410504919983
1430363366607003656,negative,0.02293445612689222
1430363369907830785,positive,0.7564499908318857
1430363370197331968,negative,0.0076900740768444525
1430363372344709122,negative,0.00026664924396415247
1430363373179392000,negative,0.290359589975033
1430363373460410373,negative,0.00694418831405497
1430363374479724547,positive,0.7578712788733418
1430363375209431040,positive,0.7564499908318857
1430363376182509571,negative,0.04237424094130999
1430363376648179715,negative,0.00024904251105430217
1430363380536074245,neutral,0.6330861191521205
1430363381765222404,negative,0.14553802509323682
1430363382645940224,negative,0.14421851175933395
1430363383455436801,negative,0.0023696895946634738
1430363386966159360,negative,1.588253597427915e-05
1430363388354482177,negative,0.006844728941342958
1430363389143003137,negative,0.15480874163662972
1430363390501851140,negative,0.05088189932167698
1430363390791323651,negative,0.02129124451154466
1430363391118426114,negative,0.00034412247447787364
1430363393387638787,negative,2.463980680276039e-05
1430363394545274884,neutral,0.5612844714036209
1430363394662674436,neutral,0.5032839658370445
1430363395316932609,negative,0.0025000167653145907
1430363395484696582,negative,0.0013894858029225876
1430363399188267012,negative,0.01090869512701178
1430363399939137536,negative,0.01372277994383652
1430363400907882500,negative,0.05415106533509157
1430363401637797892,negative,0.1963339723442944
1430363403353268229,neutral,0.33001289349221025
1430363403504214018,positive,0.9915363656244783
1430363404150190084,neutral,0.38000373732466997
1430363404380803077,negative,0.006834859480122911
1430363405223972866,neutral,0.6301234559680013
1430363406222204933,negative,0.04998721690795051
1430363408050884608,negative,0.1207860230681096
1430363413125926914,positive,0.8348672671690991
1430363413801226242,negative,0.0018116426482580963
1430363413922738178,negative,0.10310227302193009
1430363414686273536,negative,0.1006737026279635
1430363417056059392,positive,0.8312326265922945
1430363418243084294,negative,0.008264620342393942
1430363418305904643,neutral,0.4531203531379969
1430363418414964739,negative,9.747501296843437e-11
1430363418989678594,negative,0.14553802509323682
1430363421271339011,negative,1.0654792562564526e-05
1430363422231875587,negative,0.02129124451154466
1430363424182226945,negative,0.017813309709211606
1430363425683746821,neutral,0.4985928500860049
1430363427827027971,negative,0.1439591053554232
1430363429492207617,negative,0.001805716603831504
1430363430955913217,negative,0.2943206639829193
1430363432302358531,negative,0.036597064753964514
1430363432340140032,negative,0.07172186343618546
1430363433409683457,negative,0.06868002343462455
1430363434638524418,negative,0.02129124451154466
1430363435209003011,negative,0.19598250753171445
1430363435422912514,negative,0.0012491187488889483
1430363437369069573,negative,0.00021847315097034146
1430363437939388416,neutral,0.3515203112921026
1430363438958747649,neutral,0.46388013727524513
1430363439893975042,negative,2.7081704519313287e-05
1430363440846082048,negative,0.32445607330426646
1430363441592737792,neutral,0.46790029342103856
1430363442377109505,negative,0.10330600649973323
1430363443585069056,negative,0.014021737592169906
1430363443966656524,negative,0.02129124451154466
1430363444876877828,negative,0.048146630838727306
1430363445392809986,negative,0.00023921100395301394
1430363446521081858,negative,4.994368520532384e-05
1430363447510900737,negative,0.00026664924396415247
1430363449108963333,negative,0.025606385327558677
1430363449729634305,negative,0.0006215712966247708
1430363453584252930,negative,0.07469231295563576
1430363453835726851,negative,0.00035240359230924787
1430363454385360897,negative,0.012431191778843846
1430363456042012678,negative,0.15480874163662972
1430363460651692033,negative,3.3733738229910596e-05
1430363461133946886,negative,1.6592799916009723e-06
1430363462392328200,negative,5.65284283370434e-08
1430363462824251392,negative,0.09585216516897996
1430363463914868738,negative,0.15480874163662972
1430363464904548353,negative,1.239506170090552e-06
1430363466217492482,negative,0.1436274113522952
1430363470374002688,negative,0.003257590216898852
1430363470537666561,negative,0.0012105534066273768
1430363472202813440,negative,0.0011705350659215602
1430363472831737857,negative,0.006537291207378276
1430363474769682435,negative,0.0011705350659215602
1430363476627689472,negative,0.06803852969405345
1430363476971737096,negative,0.02129124451154466
1430363477563019264,positive,0.666149626042327
1430363478863360000,negative,4.247628611018723e-05
1430363479664480260,negative,0.0008380984244916195
1430363479681257478,negative,0.07172186343618546
1430363479811272707,negative,4.68354522840809e-10
1430363481254080516,negative,0.047238772601428815
1430363481488961540,negative,3.546350082789702e-10
1430363482822791180,negative,0.10310227302193009
1430363484546600962,neutral,0.3377223364228085
1430363484739543041,neutral,0.48728019602140255
1430363488938074116,negative,0.1506259295567716
1430363490481491968,negative,0.06162497513380576
1430363490942951427,negative,0.021467618802718216
1430363491286720513,negative,0.11142207120075065
1430363493723684864,negative,0.0006518764997199294
1430363495569240069,negative,6.8357508328468e-05
1430363497003683840,negative,0.001805716603831504
1430363498345902080,negative,0.18435043717938465
1430363500048683014,negative,0.10330600649973323
1430363503043416067,negative,0.0027416091026528488
1430363503882342403,negative,9.097294706652668e-05
1430363504104587266,negative,0.11018837518688619
1430363508345036801,negative,1.1203531463611336e-05
1430363509183889411,negative,0.043201165891780115
1430363509230080009,negative,3.849455043101862e-09
1430363514422665219,negative,0.00020386840941631864
1430363517157265409,neutral,0.49789225920557484
1430363517480144900,negative,0.0015322782696912368
1430363522907639815,negative,1.2014568930833138e-06
1430363523650031619,negative,0.1309244512396826
1430363523884982277,negative,0.00016825332900529736
1430363524170141696,negative,0.26946072723466363
1430363524694413314,negative,8.875962382455864e-06
1430363525118038018,negative,0.02129124451154466
1430363526628102151,negative,0.014863333396974418
1430363526888054786,negative,0.02746800393896937
1430363528179945473,negative,2.8221585107700987e-08
1430363528741933067,negative,4.0539261794003785e-05
1430363529949876224,negative,0.09942184886734068
1430363532097433601,negative,0.020657679789262404
1430363532445560840,negative,0.31732489718339985
1430363533158588416,negative,0.06589923647266555
1430363533447995392,negative,0.012537253413884404
1430363534051921923,negative,4.994368520532384e-05
1430363534660186117,negative,0.015281271567504896
1430363535528316929,negative,0.0031131176378726886
1430363540049772557,neutral,0.3888964145301077
1430363541626892289,neutral,0.4299071923816135
1430363544109948929,negative,0.21948954821318722
1430363546135769088,negative,0.007910047679810604
1430363548891426816,neutral,0.4171084832741637
1430363550942441480,negative,0.06966370718759707
1430363556738895876,negative,0.07281085801071663
1430363557493870596,negative,0.003609883482513484
1430363564536172547,negative,0.02086594186491789
1430363564544385028,negative,0.11772182285746209
1430363565404393476,negative,0.034221280423998524
1430363566130044935,negative,0.08666901676178254
1430363567447027712,negative,0.00023921100395301394
1430363567770021889,negative,0.0032695286072919067
1430363569779052551,negative,4.706228218608008e-06
1430363572991926275,negative,0.037424043403959564
1430363573394497538,negative,0.0028338479160329223
1430363575139319814,negative,0.31820487300311295
1430363575663702018,neutral,0.40999518547053604
1430363576871624705,negative,0.00038418567990784427
1430363579061084165,negative,0.10330600649973323
1430363580352933893,negative,0.01886823860662019
1430363580378062849,negative,0.05644017984837126
1430363580424245251,negative,0.02129124451154466
1430363581044961287,negative,0.04944995414456298
1430363582839939074,negative,8.666236706517845e-10
1430363583830011906,negative,0.004761008732647478
1430363584702337025,neutral,0.4531203531379969
1430363588078755842,negative,0.02129124451154466
1430363588271673347,negative,0.07466237425508233
1430363589848731656,negative,0.00023419894845814725
1430363590268235777,positive,0.9998439740779413
1430363590851190793,negative,0.007256497960905539
1430363592017199106,negative,0.008832817494414695
1430363592151420930,negative,0.010400908022558823
1430363593430740995,negative,0.004761008732647478
1430363594055634946,negative,0.19183871800402985
1430363595561373697,negative,3.3733738229910596e-05
1430363597239095298,positive,0.9998439740779413
1430363598472241154,negative,5.284001111069134e-08
1430363600296812544,negative,5.620126495128098e-05
1430363600393228288,negative,0.1199645791237647
1430363602549186561,negative,0.02129124451154466
1430363603555823620,negative,0.007142341535843848
1430363605074071557,negative,5.284001111069134e-08
1430363606416302088,negative,0.06735095835460889
1430363608005894145,negative,0.04237424094130999
1430363609209651200,negative,0.006834859480122911
1430363609633275908,negative,0.31517861070704273
1430363613068398597,negative,0.0034868961880879985
1430363613831827457,negative,9.369259238456976e-06
1430363614305832967,negative,3.3733738229910596e-05
1430363614913998853,negative,0.15480874163662972
1430363615014670339,negative,1.3273253227098204e-07
1430363618189643779,negative,0.03726055931927432
1430363619020189705,negative,0.00023921100395301394
1430363620534333444,neutral,0.5719187809514726
1430363622195220483,negative,0.02129124451154466
1430363622329434112,negative,0.211190398720752
1430363623097081859,negative,0.2503620269031739
1430363623122214916,neutral,0.47371072416927557
1430363623914983425,negative,0.07169389208359227
1430363624753750016,negative,5.4518268812630084e-06
1430363625890492417,negative,0.00020258212380000273
1430363626557280260,negative,9.714526850831676e-05
1430363627920543751,negative,0.09701018081577242
1430363633058525188,neutral,0.46388013727524513
1430363634606264323,negative,0.1439591053554232
1430363634870505472,negative,0.15480874163662972
1430363635499601926,negative,7.520093369051116e-06
1430363636871073793,negative,0.03156820079324485
1430363637311492098,negative,0.034221280423998524
1430363637806338054,negative,0.021779444348456294
1430363638842499073,negative,0.02129124451154466
1430363640931274752,negative,8.001935098663494e-08
1430363640939560962,negative,0.015229749055475857
1430363641895800835,positive,0.9664054583913771
1430363642113953794,negative,1.435493002543266e-13
1430363642264965120,negative,0.034221280423998524
1430363645339488270,negative,0.09235304967814162
1430363646266314757,negative,0.06170053673330708
1430363648262877184,negative,0.01600018912809608
1430363650133565446,negative,1.2228018497816137e-05
1430363651387580417,negative,0.1692357737684996
1430363651442155523,negative,0.02129124451154466
1430363651668463621,negative,9.369259238456976e-06
1430363652264243202,negative,0.0006072519923404105
1430363652310200320,negative,1.0773699769211009e-07
1430363656043343876,negative,0.004067419028304785
1430363658610089992,positive,0.9998439740779413
1430363658786426886,negative,2.43038242412175e-05
1430363660531163136,negative,0.00023921100395301394
1430363663387578379,negative,0.008178362527209763
1430363664125730820,negative,6.850735601137749e-19
1430363664608022533,positive,0.9999977901630049
1430363664637440001,negative,0.001403052652586925
1430363664771596290,neutral,0.4643965444228398
1430363665354665992,negative,0.0036999244973096794
1430363665992019971,negative,0.04920898608378629
1430363668349394944,negative,1.6724793327447884e-05
1430363668546457601,negative,0.10310227302193009
1430363668693258245,negative,0.12146426141732296
1430363669012140036,negative,0.01600018912809608
1430363669259505666,negative,0.2857421401619047
1430363673969758211,negative,0.07172186343618546
1430363675773313027,neutral,0.4310066251597833
1430363675840323584,negative,0.00020386840941631864
1430363675878117377,negative,0.02129124451154466
1430363676763033600,negative,0.002515317722295464
1430363678394699776,negative,0.25511865431336306
1430363678545747972,negative,0.03858050464653778
1430363681091641350,negative,0.009039978056539472
1430363681918005248,negative,0.05226567086749556
1430363684908544002,negative,0.0005700459510788234
1430363688972738560,negative,0.002698192440556149
1430363690570854400,negative,0.10363438891942398
1430363691594174468,negative,0.1439591053554232
1430363694287007744,negative,0.0664264764698215
1430363694467268612,neutral,0.5288512980560921
1430363694492422144,negative,0.0014332493716771293
1430363694521896966,negative,0.08786737462402619
1430363694677037062,negative,0.02717634572529696
1430363696312643586,negative,1.9605049153991847e-05
1430363697071939590,negative,0.009260060399535516
1430363697747165192,negative,0.0002324267761175277
1430363697894109184,negative,2.0546332600630146e-05
1430363699626250243,negative,0.03156820079324485
1430363701136199682,negative,0.008755534357849785
1430363701396312067,negative,0.09246888873762235
1430363701824180227,neutral,0.6459567158672359
1430363703472443392,negative,0.07562561975755268
1430363704428666882,negative,0.024161095135821258
1430363704500101121,negative,0.005753394115811916
1430363705586429957,negative,0.1439591053554232
1430363706219802624,negative,0.00023921100395301394
1430363706412703745,negative,5.367245292043458e-06
1430363708425969668,negative,0.17754471307249994
1430363708941819904,negative,3.2939870571188827e-10
1430363709109645315,negative,0.2747955172040659
1430363709407440899,negative,0.011199235971232157
1430363709877129219,negative,0.008755534357849785
1430363709889732612,negative,0.0076900740768444525
1430363711244541957,negative,0.009210061610580158
1430363711273902081,negative,0.002413350826074324
1430363711835836416,negative,2.739479940873939e-05
1430363713001897988,negative,0.00027323964629394023
1430363714436444161,negative,0.0002652345533248875
1430363718509019137,negative,0.18238443811221866
1430363720455184388,neutral,0.49789225920557484
1430363723345055745,negative,0.02129124451154466
1430363723747807233,negative,0.00825400235281578
1430363725001863176,negative,0.000541120461332548
1430363726767697922,negative,1.1203531463611336e-05
1430363727782727682,negative,0.00156743178993616
1430363727837253634,negative,0.19011954639960288
1430363730345332739,negative,0.0018116426482580963
1430363730479620097,neutral,0.3841279815344283
1430363731125547008,negative,0.0001154193347811913
1430363733692399616,negative,4.35571278106222e-07
1430363736066469888,negative,0.0015225511586045262
1430363738016821250,negative,0.14101308713786595
1430363738230640640,neutral,0.5303606889533533
1430363738322972676,negative,0.008421430345984967
1430363738524196865,negative,9.369259238456976e-06
1430363740369731586,negative,6.3974665120126e-09
1430363740982104066,negative,0.001241654216690324
1430363741984628742,negative,0.12896296580518657
1430363742169141250,negative,0.007142341535843848
1430363748640886785,negative,0.003711652019957494
1430363750566141953,negative,0.02171800189318105
1430363750650023937,neutral,0.39818895304795987
1430363751358795776,positive,0.9795508148146184
1430363751597973508,negative,0.006437552770425797
1430363751887294471,negative,0.0011552557327962414
1430363752898174980,negative,0.005645973581734489
1430363754198405128,negative,0.06589923647266555
1430363754663972865,negative,0.2854724493000858
1430363756824047630,negative,0.0007618704841046032
1430363758073942020,negative,0.01039429548174661
1430363758594084865,negative,0.034221280423998524
1430363758745079809,negative,5.487001049755896e-09
1430363762192756739,negative,0.049778759115917906
1430363762851303425,neutral,0.46790029342103856
1430363763358773249,negative,0.058172781608001045
1430363764570865666,negative,0.11031970056779886
1430363768907784192,neutral,0.6330861191521205
1430363769667039232,negative,9.342293114661117e-06
1430363769843109889,negative,1.0819297698855706e-05
1430363770744934401,negative,0.020675450248593307
1430363771285954560,negative,0.04228422509833577
1430363772321939457,negative,0.15480874163662972
1430363774305906690,negative,0.1006737026279635
1430363775165681667,negative,0.02129124451154466
1430363775882956801,negative,0.02901350672276139
1430363777376083972,negative,0.026690432959104664
1430363779263602689,negative,3.8816031079471925e-05
1430363784175136768,negative,0.08537289648231815
1430363785135599617,negative,2.661404971092999e-05
1430363785160806404,negative,0.0948908403365332
1430363786314231811,neutral,0.3561781015588856
1430363788079996928,negative,5.131808644291202e-05
1430363788952416256,negative,0.001805716603831504
1430363791188008965,negative,0.02129124451154466
1430363792249085954,negative,0.004961332164177251
1430363793159303168,negative,0.28222075455235174
1430363796774825986,negative,0.00012159038611146789
1430363799085854721,negative,0.056487989030389305
1430363800167911426,negative,0.05226567086749556
1430363803200458756,negative,4.136058102621041e-08
1430363803468800002,neutral,0.505992156293523
1430363805578629120,neutral,0.3423189012850607
1430363807205953539,negative,0.25231908887135374
1430363807751225345,neutral,0.49789225920557484
1430363808359501824,negative,0.3164115801119015
1430363808372043779,negative,0.00027323964629394023
1430363810850918410,negative,0.007250035138941875
1430363812163735552,negative,4.658809802007939e-05
1430363814973771780,negative,0.3106137583841195
1430363815565271041,negative,2.341190641877837e-05
1430363815871324160,negative,0.3106137583841195
1430363816722944002,negative,0.07172186343618546
1430363819793129472,negative,0.011673507395791092
1430363819973435399,negative,0.02129124451154466
1430363820858413059,positive,0.9223382809688544
1430363823010160640,negative,0.10241527665201919
1430363828823498756,negative,0.15563882538157908
1430363830731776012,negative,0.224687858100675
1430363833248456705,negative,0.0013947795082477875
1430363833273618432,negative,2.341190641877837e-05
1430363833563029508,negative,1.340181544584981e-07
1430363836767481864,negative,0.02129124451154466
1430363839187623936,negative,0.02086594186491789
1430363843298009088,negative,0.004761008732647478
1430363844099121154,negative,1.2995332236634459e-10
1430363846615703552,negative,9.342293114661117e-06
1430363848066797568,negative,0.01888840449156324
1430363849253957634,negative,0.030519614173078205
1430363849425883147,negative,0.008228561234537685
1430363849488797697,negative,0.0013706127120028174
1430363849539137539,negative,0.0007805071285791041
1430363850377990147,negative,0.09493694016010701
1430363852747726849,negative,0.023226945264787534
1430363853100130305,negative,0.00014657854317752644
1430363855096590338,negative,0.1439591053554232
1430363855444713477,negative,0.002935411137081108
1430363862679830531,negative,0.012196308023236823
1430363865662070790,neutral,0.4507454498615163
1430363865720688642,negative,0.0007662779723572197
1430363869709541377,negative,0.26631922952049014
1430363871165001738,negative,0.0068464613037888125
1430363873371168770,negative,0.24014122376537336
1430363874021216256,negative,0.0019180266945798678
1430363876873355266,negative,9.369259238456976e-06
1430363879046094850,negative,0.053406336368864965
1430363879406714884,negative,0.001864763215323312
1430363881927553027,negative,0.00011518489151883235
1430363884515299330,positive,0.9954360962508451
1430363885949919232,negative,0.05226567086749556
1430363886469922820,negative,0.0915796991391375
1430363886792974340,negative,0.05531301343014099
1430363888034451460,positive,0.9941522974976985
1430363888051277825,negative,0.06964515723976908
1430363892715343880,negative,0.01919961160855655
1430363894095155203,negative,0.01612436368371268
1430363896829841412,neutral,0.3780323139865772
1430363897530355713,neutral,0.4922434542267056
1430363900281774085,negative,0.0076542902630523015
1430363903591071744,negative,5.487001049755896e-09
1430363904618766336,negative,0.02387251284677864
1430363904878731268,negative,0.24255465253666142
1430363905289752577,negative,1.2119262832224166e-07
1430363907810635779,negative,0.10459707035993664
1430363908787871752,negative,0.006823472151486631
1430363909211541505,negative,1.5655046635573595e-07
1430363910713057280,negative,0.00909335869310267
1430363914680905731,negative,0.0005344890709435437
1430363915205156865,negative,4.808358948032604e-10
1430363915368738821,negative,0.07934469769721715
1430363916086005761,negative,0.009345449667943016
1430363916358623233,negative,0.0966355981498298
1430363917398708226,negative,0.0005612894962486011
1430363918413742088,negative,1.2119262832224166e-07
1430363918816489475,negative,0.2829832947955861
1430363919793668099,negative,0.2283546919579104
1430363920062042116,negative,0.08631593692702044
1430363920305430528,negative,0.10459707035993664
1430363921853124608,neutral,0.3499352441185855
1430363923476369410,neutral,0.3556673342434199
1430363924529037317,negative,0.0022866754761201196
1430363925653213184,neutral,0.35785643069366135
1430363926005432322,neutral,0.5505550505941735
1430363929872642051,negative,5.284001111069134e-08
1430363930409451520,positive,0.8054798210178216
1430363930900238337,neutral,0.3774358456345751
1430363934628925441,negative,0.10310227302193009
1430363937942302727,neutral,0.46790029342103856
1430363938647166976,negative,0.007209856542315915
1430363938680569856,negative,0.12809217027284547
1430363941604057093,positive,0.8094597236997236
1430363941847412739,negative,0.1006737026279635
1430363942904270860,negative,0.05226567086749556
1430363943592243200,neutral,0.45518891832261976
1430363949669752832,negative,0.07172186343618546
1430363951754354688,negative,0.005760325956688405
1430363953734033409,negative,0.11777347335189524
1430363956179259400,negative,0.0007051763116859052
1430363956904964101,negative,0.0028719049689761972
1430363957164969989,negative,0.07172186343618546
1430363958423310336,negative,6.318200409595442e-05
1430363959090089984,negative,1.4525949632376575e-06
1430363962936369153,negative,0.07172186343618546
1430363963926122504,positive,0.7636850231899767
1430363967810068480,negative,0.02129124451154466
1430363969798250498,negative,0.0010500200457100692
1430363970272169988,negative,0.26495107351401626
1430363971333365762,negative,0.185134041586808
1430363973019389953,negative,0.0613614407379815
1430363973782851584,negative,0.02129124451154466
1430363974097326085,neutral,0.49789225920557484
1430363978119753732,negative,0.01119498213345308
1430363978925060100,negative,0.016042700250178274
1430363980179124224,negative,1.2827379273215354e-05
1430363980837556233,negative,0.00027323964629394023
1430363981563187202,negative,0.09942184886734068
1430363982343327745,negative,0.000749221892646525
1430363983136047106,negative,0.0010441232132790037
1430363984738328584,negative,0.005753394115811916
1430363986697113600,negative,0.00011127517150528737
1430363986785153024,negative,0.09235304967814162
1430363989826064385,negative,1.0375095691104464e-05
1430363991063334917,negative,2.606297592361269e-07
1430363993756114945,negative,2.463980680276039e-05
1430363996004171777,negative,5.570590840199017e-05
1430364007274143747,negative,9.129672316409522e-08
1430364008750665728,negative,0.0011705350659215602
1430364011938340864,negative,0.07819223496568366
1430364014010408962,positive,0.8054798210178216
1430364015537045504,neutral,0.33244449310896934
1430364015717408768,negative,0.04975415241564185
1430364017298743297,neutral,0.49789225920557484
1430364019454582787,negative,0.00023921100395301394
1430364019714449413,negative,0.00012907016435956744
1430364020679315461,neutral,0.3368943768908086
1430364023309185026,negative,0.013064876478715282
1430364023577587714,negative,0.0613614407379815
1430364030766665729,neutral,0.49789225920557484
1430364032318459912,negative,0.00018935336816716886
1430364035090984965,neutral,0.4531203531379969
1430364037695610880,negative,0.2109530373253512
1430364037959782407,negative,0.002622736617163407
1430364040673513472,negative,0.001864763215323312
1430364041768284162,negative,0.09235304967814162
1430364041965359106,negative,0.01090869512701178
1430364043643080707,negative,0.09701018081577242
1430364043894792194,negative,0.002935411137081108
1430364047170588676,negative,0.004761008732647478
1430364050639175681,negative,0.07992254282677254
1430364052274913283,negative,0.04088784304050598
1430364052769976325,negative,4.7817381469836626e-08
1430364054338609160,negative,0.290359589975033
1430364054871109634,negative,0.15253900981666582
1430364056263839749,negative,0.0018116426482580963
1430364057270464522,negative,0.0022156994811404823
1430364060445515777,negative,0.018868607663743528
1430364060512571392,negative,0.17754471307249994
1430364061368209413,negative,0.012117151838636027
1430364062399991811,negative,3.124376641687979e-06
1430364063570317317,negative,0.32445607330426646
1430364064778178560,negative,0.017589793233056282
1430364066619535362,negative,0.04164985070305158
1430364067571589122,negative,0.00015868225611721895
1430364068423081988,negative,0.007910047679810604
1430364071342268416,negative,2.947593889098969e-11
1430364071468191752,negative,0.03126848849105296
1430364071992434688,negative,0.0018116426482580963
1430364073703747586,negative,0.02918080005958179
1430364075825958913,negative,0.14704873777232966
1430364076547481607,negative,0.1006737026279635
1430364078434889731,negative,1.2204785889949153e-05
1430364079076646913,negative,0.00014138643103119911
1430364082666889223,negative,0.02129124451154466
1430364084231446528,negative,0.23785562265645344
1430364085795921922,negative,0.10215297774881944
1430364087775596545,negative,0.08114405556293863
1430364088681500674,negative,0.1006737026279635
1430364091315593218,negative,0.18163755733606482
1430364091776913415,negative,0.008264620342393942
1430364092288708612,negative,1.8503412742762468e-06
1430364097019850759,negative,0.002413350826074324
1430364097405759491,negative,0.007250035138941875
1430364099607777280,negative,0.07806621562641687
1430364101897768960,negative,0.02129124451154466
1430364103919521792,negative,0.025726104425478666
1430364103940378628,positive,0.9253975424772902
1430364104024367117,negative,0.0009521135371023785
1430364106821931010,negative,0.00010508008165607515
1430364110584168448,negative,0.19183871800402985
1430364111167234056,negative,0.3029968537174699
1430364111242678277,negative,0.10310227302193009
1430364112505262084,negative,0.0006853400352967818
1430364118486224897,negative,0.02129124451154466
1430364119354552321,negative,0.25511865431336306
1430364121283846155,negative,0.013825736459407944
1430364121929760769,negative,0.001918036413091375
1430364123607543811,negative,0.06803852969405345
1430364124861587462,negative,0.0007238779525323072
1430364125251751937,negative,0.0038773215160286508
1430364125608165377,neutral,0.3696556049682052
1430364126468001796,negative,0.3020135550609068
1430364127617327105,positive,0.9223382809688544
1430364130079170562,neutral,0.4500650720037263
1430364131748728833,negative,0.00016630551698261972
1430364131807354881,negative,0.27355640405118364
1430364132281290754,negative,5.880338356672088e-05
1430364133485170690,negative,0.14152236073349383
1430364134407761920,negative,0.15654113811577414
1430364136869879809,negative,3.886661783763351e-07
1430364137587101698,negative,0.018818232840531947
1430364139122212866,negative,1.50401329655268e-05
1430364140812476416,negative,2.61695223104323e-07
1430364141760438274,positive,0.9995845597596971
1430364142557450248,negative,8.729118948727788e-05
1430364142595198979,negative,4.770948690772658e-06
1430364144880979972,negative,0.03156820079324485
1430364147598991360,negative,0.013996885619136638
1430364148437852161,negative,0.016507126484593668
1430364150274875404,negative,2.152595217575441e-10
1430364152099450880,negative,0.09493694016010701
1430364152154017793,negative,4.041668407185328e-12
1430364153307348999,positive,0.774378866808659
1430364153793875971,negative,0.011199235971232157
1430364156574806018,negative,4.593323593297028e-06
1430364156616749058,positive,0.827548584522529
1430364156721565700,negative,0.004761008732647478
1430364157795348484,negative,0.00018776915199965043
1430364158290284546,negative,0.26528576866606884
1430364160592859136,negative,0.00241109208491067
1430364161989619719,negative,9.369259238456976e-06
1430364162430013443,neutral,0.46790029342103856
1430364163357003781,positive,0.9326842412183404
1430364164376211459,negative,0.0023539590031732924
1430364164510216195,negative,0.008178362527209763
1430364164745224193,negative,0.004761008732647478
1430364168625004547,negative,0.02129124451154466
1430364168910217216,negative,0.10459707035993664
1430364170667634689,negative,0.0015282397159989516
1430364172974534661,negative,0.004761008732647478
1430364174559875073,negative,0.02094582980307623
1430364175147094018,negative,0.008264620342393942
1430364175428059138,negative,0.0018993525248173935
1430364177667813378,negative,0.13035032060757354
1430364179228237831,negative,0.20771934817642312
1430364180117401601,negative,0.05226567086749556
1430364181006635014,neutral,0.4343778699858722
1430364181111443456,negative,1.1250189088899043e-07
1430364181514133505,negative,0.07379832745292116
1430364182235451392,negative,0.00024904251105430217
1430364183862841350,negative,0.025833485456770958
1430364184328429569,negative,0.0005653215456707871
1430364185867739139,negative,9.129672316409522e-08
1430364187184799746,neutral,0.49789225920557484
1430364190733127682,positive,0.9954360962508451
1430364191312039946,negative,0.05226567086749556
1430364192813600771,negative,0.00023921100395301394
1430364193102893057,positive,0.6746108756521773
1430364193136562178,negative,0.0009839634856310699
1430364194663247875,negative,0.1439591053554232
1430364196701622275,negative,1.2204785889949153e-05
1430364198467481600,negative,0.03156820079324485
1430364199432167426,negative,9.129672316409522e-08
1430364199910313984,negative,0.034221280423998524
1430364200476491779,negative,8.58208850265296e-10
1430364202158465025,neutral,0.34551239547879137
1430364207564853250,negative,0.10887108540563442
1430364208605106184,negative,0.04283949933995793
1430364209980846082,negative,2.463980680276039e-05
1430364210605830148,negative,0.003609883482513484
1430364211314626564,negative,0.0008463731500872914
1430364211738255361,negative,2.5794552820935702e-11
1430364211947900932,negative,0.05226567086749556
1430364212962816001,negative,0.0032695286072919067
1430364213038485506,neutral,0.528585944770869
1430364214028296197,negative,4.35571278106222e-07
1430364216712744966,negative,0.00023430815911436773
1430364216939188225,neutral,0.38150013934707466
1430364217861971972,neutral,0.5303606889533533
1430364219967516672,positive,0.9925157697433075
1430364220223283201,negative,0.1006737026279635
1430364220521132035,negative,0.23785562265645344
1430364220856709122,negative,0.00026473791106534705
1430364226674204675,negative,0.00013485930466917322
1430364226711871492,negative,4.0305325386918805e-10
1430364226850230279,negative,0.0024589282702404277
1430364227072675847,negative,0.007142341535843848
1430364229127770113,negative,0.06641740328098596
1430364230373552134,negative,4.158318823532414e-08
1430364233015996422,negative,0.009117492341980825
1430364234853015555,negative,0.0003694072269535721
1430364235339603968,negative,0.0007051763116859052
1430364236262350850,negative,0.0015282397159989516
1430364236295856140,neutral,0.4531203531379969
1430364237688410115,negative,0.08064114412531041
1430364239764631560,negative,0.02129124451154466
1430364240142086150,neutral,0.3761729113431044
1430364240901283845,negative,2.8221585107700987e-08
1430364241048096770,negative,0.009397500579200009
1430364241903636484,negative,0.054693769722488045
1430364242000195589,negative,0.00012159038611146789
1430364244130902025,negative,0.00010708905732142581
1430364245066231814,negative,0.014736843071906527
1430364246278348800,negative,7.611772413358672e-05
1430364247062687752,neutral,0.5645233831151895
1430364253169586177,negative,0.02129124451154466
1430364254834761730,negative,0.14809548950077686
1430364254906028033,negative,0.13473923758586712
1430364256139104260,negative,9.342293114661117e-06
1430364256579596293,negative,0.012599133286579073
1430364261361111041,negative,2.6724854980029506e-06
1430364266020970501,negative,0.00020386840941631864
1430364266461282313,negative,0.011018397076420593
1430364268109647874,negative,0.0204599567555194
1430364271641247744,negative,0.0057495020827819454
1430364272689831936,negative,0.0029619205094553983
1430364273545449472,neutral,0.4531203531379969
1430364276724797442,negative,0.07186208418703419
1430364277307809792,negative,0.00023921100395301394
1430364279560155138,negative,0.029334276838213214
1430364279723679745,negative,0.028057683748154896
1430364280491233281,negative,0.00027323964629394023
1430364280700997637,negative,0.0003863717654026315
1430364282953338882,negative,0.04871749361428506
1430364285566324736,negative,4.35571278106222e-07
1430364287235670016,negative,0.2282300318111815
1430364287810297856,negative,5.603255399707435e-05
1430364289622331393,negative,0.10395619680739443
1430364291425787906,negative,0.004761008732647478
1430364291690123270,negative,0.0294398468320907
1430364293233532938,negative,0.004961332164177251
1430364298027708424,neutral,0.4531203531379969
1430364300309237766,negative,0.01850734934054888
1430364300510699527,negative,0.1439591053554232
1430364300636352513,negative,0.0076542902630523015
1430364301236260864,negative,0.05157100948796491
1430364301391507461,negative,0.011018397076420593
1430364301492199427,neutral,0.5998370048519466
1430364301886377996,negative,0.017813309709211606
1430364302603653123,negative,1.2119262832224166e-07
1430364304822448128,negative,2.730490667551672e-06
